   70.0000000000000      -1.701090628763218E-013   69.2201827737866     
   70.0000000000000      -5.266371697496053E-013   69.1336518377814     
   70.0000000000000      -1.066783549061120E-012   69.0473334891312     
   70.0000000000000      -1.800727687272582E-012   68.9612548688046     
   70.0000000000000      -2.722018482941033E-012   68.8754431450589     
   70.0000000000000      -3.807811107233815E-012   68.7899255045977     
   70.0000000000000      -5.020560029343617E-012   68.7047291435901     
   70.0000000000000      -6.310905825088675E-012   68.6198812585503     
   70.0000000000000      -7.621208856283867E-012   68.5354090370809     
   70.0000000000000      -8.889536406542367E-012   68.4513396484834     
   70.0000000000000      -1.005351768239203E-011   68.3677002342355     
   70.0000000000000      -1.105402292229347E-011   68.2845178983411     
   70.0000000000000      -1.183821824675016E-011   68.2018196975529     
   70.0000000000000      -1.236207512054574E-011   68.1196326314737     
   70.0000000000000      -1.259208498837125E-011   68.0379836325380     
   70.0000000000000      -1.250631144781943E-011   67.9568995558777     
   70.0000000000000      -1.209471575887910E-011   67.8764071690769     
   70.0000000000000      -1.135889178656133E-011   67.7965331418199     
   70.0000000000000      -1.031127433062890E-011   67.7173040354352     
   70.0000000000000      -8.973959942859485E-012   67.6387462923434     
   70.0000000000000      -7.377208521068283E-012   67.5608862254112     
   70.0000000000000      -5.557788655677300E-012   67.4837500072184     
   70.0000000000000      -3.557231590868357E-012   67.4073636592434     
   70.0000000000000      -1.420088818621949E-012   67.3317530409723     
   70.0000000000000       8.077341078080468E-013   67.2569438389395     
   70.0000000000000       3.080499148499211E-012   67.1829615557045     
   70.0000000000000       5.353989166098021E-012   67.1098314987720     
   70.0000000000000       7.586652263118475E-012   67.0375787694636     
   70.0000000000000       9.740535659154575E-012   66.9662282517473     
   70.0000000000000       1.178197786671759E-011   66.8958046010318     
   70.0000000000000       1.368211475928090E-011   66.8263322329353     
   70.0000000000000       1.541715784313016E-011   66.7578353120351     
   70.0000000000000       1.696849972933993E-011   66.6903377406072     
   70.0000000000000       1.832265760308240E-011   66.6238631473641     
   70.0000000000000       1.947107757924836E-011   66.5584348762005     
   70.0000000000000       2.040982748113080E-011   66.4940759749539     
   70.0000000000000       2.113920842753302E-011   66.4308091841924     
   70.0000000000000       2.166328690555081E-011   66.3686569260357     
   70.0000000000000       2.198941099544646E-011   66.3076412930219     
   70.0000000000000       2.212767800102066E-011   66.2477840370281     
   70.0000000000000       2.209042273991549E-011   66.1891065582556     
   70.0000000000000       2.189169447773428E-011   66.1316298942896     
   70.0000000000000       2.154679451500394E-011   66.0753747092432     
   70.0000000000000       2.107178840586201E-011   66.0203612829977     
   70.0000000000000       2.048311885160529E-011   65.9666095005474     
   70.0000000000000       1.979723701674153E-011   65.9141388414616     
   70.0000000000000       1.903027673818022E-011   65.8629683694730     
   70.0000000000000       1.819777704995100E-011   65.8131167222044     
   70.0000000000000       1.731449162645222E-011   65.7646021010431     
   70.0000000000000       1.639419532252542E-011   65.7174422611752     
   70.0000000000000       1.544956463823023E-011   65.6716545017896     
   70.0000000000000       1.449210390141161E-011   65.6272556564630     
   70.0000000000000       1.353208812748045E-011   65.5842620837358     
   70.0000000000000       1.257856290050629E-011   65.5426896578908     
   70.0000000000000       1.163935388743218E-011   65.5025537599439     
   70.0000000000000       1.072112298781721E-011   65.4638692688584     
   70.0000000000000       9.829418139841146E-012   65.4266505529917     
   70.0000000000000       8.968762595181882E-012   65.3909114617869     
   70.0000000000000       8.142741534886623E-012   65.3566653177161     
   70.0000000000000       7.354100236526064E-012   65.3239249084886     
   70.0000000000000       6.604851175256688E-012   65.2927024795304     
   70.0000000000000       5.896369538824779E-012   65.2630097267464     
   70.0000000000000       5.229503709773428E-012   65.2348577895735     
   70.0000000000000       4.604666217372103E-012   65.2082572443335     
   70.0000000000000       4.021925863983176E-012   65.1832180978943     
   70.0000000000000       3.481092322805718E-012   65.1597497816467     
   70.0000000000000       2.981786519355801E-012   65.1378611458062     
   70.0000000000000       2.523504185064077E-012   65.1175604540460     
   70.0000000000000       2.105667418361490E-012   65.0988553784676     
   70.0000000000000       1.727663037253543E-012   65.0817529949175     
   70.0000000000000       1.388871002566142E-012   65.0662597786549     
   70.0000000000000       1.088680584045130E-012   65.0523816003757     
   70.0000000000000       8.264932014101342E-013   65.0401237225997     
   70.0000000000000       6.017164437238663E-013   65.0294907964241     
   70.0000000000000       4.137468152354616E-013   65.0204868586492     
   70.0000000000000       2.619421329111505E-013   65.0131153292789     
   70.0000000000000       1.455865929025373E-013   65.0073790094001     
   70.0000000000000       6.384735043858264E-014   65.0032800794439     
   70.0000000000000       1.572518401221804E-014   65.0008200978305     
   70.0000000000000       1.044315164859089E-027   65.0000000000000     
   70.0000000000000       1.517334240434881E-014   65.0008200978305     
   70.0000000000000       5.940862931670106E-014   65.0032800794439     
   70.0000000000000       1.304717026323449E-013   65.0073790094001     
   70.0000000000000       2.256726795221949E-013   65.0131153292789     
   70.0000000000000       3.418118513120505E-013   65.0204868586492     
   70.0000000000000       4.751310172124164E-013   65.0294907964241     
   70.0000000000000       6.212728117415747E-013   65.0401237225997     
   70.0000000000000       7.752492310544895E-013   65.0523816003757     
   70.0000000000000       9.314230872662593E-013   65.0662597786549     
   70.0000000000000       1.083503061375175E-012   65.0817529949175     
   70.0000000000000       1.224554711791882E-012   65.0988553784676     
   70.0000000000000       1.347030940259153E-012   65.1175604540460     
   70.0000000000000       1.442821680947869E-012   65.1378611458062     
   70.0000000000000       1.503325590543769E-012   65.1597497816467     
   70.0000000000000       1.519545806907998E-012   65.1832180978943     
   70.0000000000000       1.482209650734462E-012   65.2082572443335     
   70.0000000000000       1.381913726475673E-012   65.2348577895735     
   70.0000000000000       1.209294787483098E-012   65.2630097267464     
   70.0000000000000       9.552250852412431E-013   65.2927024795304     
   70.0000000000000       6.110325038696203E-013   65.3239249084886     
   70.0000000000000       1.687413355910430E-013   65.3566653177161     
   70.0000000000000      -3.786651559424227E-013   65.3909114617869     
   70.0000000000000      -1.036969612086062E-012   65.4266505529917     
   70.0000000000000      -1.810432328410797E-012   65.4638692688584     
   70.0000000000000      -2.701498550252587E-012   65.5025537599439     
   70.0000000000000      -3.710510775417777E-012   65.5426896578908     
   70.0000000000000      -4.835423458616645E-012   65.5842620837358     
   70.0000000000000      -6.071550527650250E-012   65.6272556564630     
   70.0000000000000      -7.411327521251529E-012   65.6716545017896     
   70.0000000000000      -8.844127978927390E-012   65.7174422611752     
   70.0000000000000      -1.035611888270523E-011   65.7646021010431     
   70.0000000000000      -1.193019811303671E-011   65.8131167222044     
   70.0000000000000      -1.354599268029907E-011   65.8629683694730     
   70.0000000000000      -1.517994682337020E-011   65.9141388414616     
   70.0000000000000      -1.680553594843944E-011   65.9666095005474     
   70.0000000000000      -1.839354311086674E-011   66.0203612829977     
   70.0000000000000      -1.991248454598105E-011   66.0753747092432     
   70.0000000000000      -2.132915564507240E-011   66.1316298942896     
   70.0000000000000      -2.260929233982540E-011   66.1891065582556     
   70.0000000000000      -2.371832284406379E-011   66.2477840370281     
   70.0000000000000      -2.462228883673385E-011   66.3076412930219     
   70.0000000000000      -2.528880362523812E-011   66.3686569260357     
   70.0000000000000      -2.568812234005063E-011   66.4308091841924     
   70.0000000000000      -2.579424025646070E-011   66.4940759749539     
   70.0000000000000      -2.558602912599464E-011   66.5584348762005     
   70.0000000000000      -2.504832755157672E-011   66.6238631473641     
   70.0000000000000      -2.417298619368832E-011   66.6903377406072     
   70.0000000000000      -2.295978208862995E-011   66.7578353120351     
   70.0000000000000      -2.141717102472639E-011   66.8263322329353     
   70.0000000000000      -1.956281940032499E-011   66.8958046010318     
   70.0000000000000      -1.742385965692816E-011   66.9662282517473     
   70.0000000000000      -1.503682701571022E-011   67.0375787694636     
   70.0000000000000      -1.244722844022847E-011   67.1098314987720     
   70.0000000000000      -9.708728144909216E-012   67.1829615557045     
   70.0000000000000      -6.881916092680431E-012   67.2569438389395     
   70.0000000000000      -4.032677366735941E-012   67.3317530409723     
   70.0000000000000      -1.230178827444082E-012   67.4073636592434     
   70.0000000000000       1.455474019196732E-012   67.4837500072184     
   70.0000000000000       3.955849380068343E-012   67.5608862254112     
   70.0000000000000       6.206952345718083E-012   67.6387462923434     
   70.0000000000000       8.152034446428075E-012   67.7173040354352     
   70.0000000000000       9.744302748384677E-012   67.7965331418199     
   70.0000000000000       1.094936202770213E-011   67.8764071690769     
   70.0000000000000       1.174723654122830E-011   67.9568995558777     
   70.0000000000000       1.213380307233868E-011   68.0379836325380     
   70.0000000000000       1.212148968982801E-011   68.1196326314737     
   70.0000000000000       1.173911214930485E-011   68.2018196975529     
   70.0000000000000       1.103079265391080E-011   68.2845178983411     
   70.0000000000000       1.005387919712477E-011   68.3677002342355     
   70.0000000000000       8.875999099085363E-012   68.4513396484834     
   70.0000000000000       7.571227907109820E-012   68.5354090370809     
   70.0000000000000       6.215741030005114E-012   68.6198812585503     
   70.0000000000000       4.883000142553212E-012   68.7047291435901     
   70.0000000000000       3.639049836576894E-012   68.7899255045977     
   70.0000000000000       2.538063286844154E-012   68.8754431450589     
   70.0000000000000       1.618789252739123E-012   68.9612548688046     
   70.0000000000000       9.020960566041090E-013   69.0473334891312     
   70.0000000000000       3.901050801833193E-013   69.1336518377814     
   70.0000000000000       6.705932422902414E-014   69.2201827737866     
   70.0000000000000      -9.787406440544080E-014   69.3068991921666     
