   70.0000000000000       1.292071579859850E-012   69.2201827737866     
   70.0000000000000       1.757194092368689E-012   69.1336518377814     
   70.0000000000000       2.216532118687115E-012   69.0473334891312     
   70.0000000000000       2.615116497261875E-012   68.9612548688046     
   70.0000000000000       2.895361760017993E-012   68.8754431450589     
   70.0000000000000       3.002296452703546E-012   68.7899255045977     
   70.0000000000000       2.888115426052693E-012   68.7047291435901     
   70.0000000000000       2.515859104308127E-012   68.6198812585503     
   70.0000000000000       1.861900204060840E-012   68.5354090370809     
   70.0000000000000       9.173146736466089E-013   68.4513396484834     
   70.0000000000000      -3.119369306484792E-013   68.3677002342355     
   70.0000000000000      -1.805783853230871E-012   68.2845178983411     
   70.0000000000000      -3.531651676097609E-012   68.2018196975529     
   70.0000000000000      -5.446651176398027E-012   68.1196326314737     
   70.0000000000000      -7.500147067646835E-012   68.0379836325380     
   70.0000000000000      -9.636504226820343E-012   67.9568995558777     
   70.0000000000000      -1.179781884906564E-011   67.8764071690769     
   70.0000000000000      -1.392649816995633E-011   67.7965331418199     
   70.0000000000000      -1.596756410231291E-011   67.7173040354352     
   70.0000000000000      -1.787061256779526E-011   67.6387462923434     
   70.0000000000000      -1.959135914628382E-011   67.5608862254112     
   70.0000000000000      -2.109278333519969E-011   67.4837500072184     
   70.0000000000000      -2.234585524052704E-011   67.4073636592434     
   70.0000000000000      -2.332986953427272E-011   67.3317530409723     
   70.0000000000000      -2.403244084063996E-011   67.2569438389395     
   70.0000000000000      -2.444919209770172E-011   67.1829615557045     
   70.0000000000000      -2.458320168714425E-011   67.1098314987720     
   70.0000000000000      -2.444425582898988E-011   67.0375787694636     
   70.0000000000000      -2.404796910591040E-011   66.9662282517473     
   70.0000000000000      -2.341481090462834E-011   66.8958046010318     
   70.0000000000000      -2.256910088654526E-011   66.8263322329353     
   70.0000000000000      -2.153799760652694E-011   66.7578353120351     
   70.0000000000000      -2.035052271728972E-011   66.6903377406072     
   70.0000000000000      -1.903664708502428E-011   66.6238631473641     
   70.0000000000000      -1.762645512180060E-011   66.5584348762005     
   70.0000000000000      -1.614940579018618E-011   66.4940759749539     
   70.0000000000000      -1.463370037981825E-011   66.4308091841924     
   70.0000000000000      -1.310575455983502E-011   66.3686569260357     
   70.0000000000000      -1.158978382611690E-011   66.3076412930219     
   70.0000000000000      -1.010749147075347E-011   66.2477840370281     
   70.0000000000000      -8.677857967929231E-012   66.1891065582556     
   70.0000000000000      -7.317021207521887E-012   66.1316298942896     
   70.0000000000000      -6.038240033662090E-012   66.0753747092432     
   70.0000000000000      -4.851928041415983E-012   66.0203612829977     
   70.0000000000000      -3.765750321667884E-012   65.9666095005474     
   70.0000000000000      -2.784767800139235E-012   65.9141388414616     
   70.0000000000000      -1.911624345474039E-012   65.8629683694730     
   70.0000000000000      -1.146765133493953E-012   65.8131167222044     
   70.0000000000000      -4.886680979297926E-013   65.7646021010431     
   70.0000000000000       6.590272228807728E-014   65.7174422611752     
   70.0000000000000       5.216432500351240E-013   65.6716545017896     
   70.0000000000000       8.844587762467485E-013   65.6272556564630     
   70.0000000000000       1.161213380797036E-012   65.5842620837358     
   70.0000000000000       1.359497198936024E-012   65.5426896578908     
   70.0000000000000       1.487401140221637E-012   65.5025537599439     
   70.0000000000000       1.553316724366108E-012   65.4638692688584     
   70.0000000000000       1.565743667206616E-012   65.4266505529917     
   70.0000000000000       1.533126787719950E-012   65.3909114617869     
   70.0000000000000       1.463706531636993E-012   65.3566653177161     
   70.0000000000000       1.365391242016873E-012   65.3239249084886     
   70.0000000000000       1.245650656632018E-012   65.2927024795304     
   70.0000000000000       1.111422115127818E-012   65.2630097267464     
   70.0000000000000       9.690419563008886E-013   65.2348577895735     
   70.0000000000000       8.241857316228145E-013   65.2082572443335     
   70.0000000000000       6.818267046885067E-013   65.1832180978943     
   70.0000000000000       5.462076492319573E-013   65.1597497816467     
   70.0000000000000       4.208223686597150E-013   65.1378611458062     
   70.0000000000000       3.084092213339714E-013   65.1175604540460     
   70.0000000000000       2.109533319823327E-013   65.0988553784676     
   70.0000000000000       1.296962408793445E-013   65.0817529949175     
   70.0000000000000       6.515317429858295E-014   65.0662597786549     
   70.0000000000000       1.713609919995905E-014   65.0523816003757     
   70.0000000000000      -1.521824073676072E-014   65.0401237225997     
   70.0000000000000      -3.341482375448951E-014   65.0294907964241     
   70.0000000000000      -3.956263910731170E-014   65.0204868586492     
   70.0000000000000      -3.633265667692945E-014   65.0131153292789     
   70.0000000000000      -2.691138950617733E-014   65.0073790094001     
   70.0000000000000      -1.495015577622682E-014   65.0032800794439     
   70.0000000000000      -4.509720343203047E-015   65.0008200978305     
   70.0000000000000      -3.581565346660851E-028   65.0000000000000     
   70.0000000000000      -6.114627549773253E-015   65.0008200978305     
   70.0000000000000      -2.775979247891936E-014   65.0032800794439     
   70.0000000000000      -6.997723723003613E-014   65.0073790094001     
   70.0000000000000      -1.378607436965268E-013   65.0131153292789     
   70.0000000000000      -2.364662509394861E-013   65.0204868586492     
   70.0000000000000      -3.707151812068809E-013   65.0294907964241     
   70.0000000000000      -5.452913901940027E-013   65.0401237225997     
   70.0000000000000      -7.645310260044680E-013   65.0523816003757     
   70.0000000000000      -1.032307430177757E-012   65.0662597786549     
   70.0000000000000      -1.351910426465237E-012   65.0817529949175     
   70.0000000000000      -1.725920723225489E-012   65.0988553784676     
   70.0000000000000      -2.156083779874024E-012   65.1175604540460     
   70.0000000000000      -2.643181399370999E-012   65.1378611458062     
   70.0000000000000      -3.186904254102870E-012   65.1597497816467     
   70.0000000000000      -3.785730557151376E-012   65.1832180978943     
   70.0000000000000      -4.436810526148502E-012   65.2082572443335     
   70.0000000000000      -5.135860766829496E-012   65.2348577895735     
   70.0000000000000      -5.877077417683389E-012   65.2630097267464     
   70.0000000000000      -6.653063177388268E-012   65.2927024795304     
   70.0000000000000      -7.454778521998073E-012   65.3239249084886     
   70.0000000000000      -8.271529657603936E-012   65.3566653177161     
   70.0000000000000      -9.090973156705143E-012   65.3909114617869     
   70.0000000000000      -9.899177148795074E-012   65.4266505529917     
   70.0000000000000      -1.068071185599633E-011   65.4638692688584     
   70.0000000000000      -1.141879269679550E-011   65.5025537599439     
   70.0000000000000      -1.209547795922690E-011   65.5426896578908     
   70.0000000000000      -1.269190709004694E-011   65.5842620837358     
   70.0000000000000      -1.318861694824161E-011   65.6272556564630     
   70.0000000000000      -1.356589044497911E-011   65.6716545017896     
   70.0000000000000      -1.380417993709817E-011   65.7174422611752     
   70.0000000000000      -1.388456763754174E-011   65.7646021010431     
   70.0000000000000      -1.378929051173012E-011   65.8131167222044     
   70.0000000000000      -1.350228953465377E-011   65.8629683694730     
   70.0000000000000      -1.300979398915115E-011   65.9141388414616     
   70.0000000000000      -1.230093471501261E-011   65.9666095005474     
   70.0000000000000      -1.136833515396067E-011   66.0203612829977     
   70.0000000000000      -1.020870490248602E-011   66.0753747092432     
   70.0000000000000      -8.823389707510844E-012   66.1316298942896     
   70.0000000000000      -7.218856948098301E-012   66.1891065582556     
   70.0000000000000      -5.407095247781670E-012   66.2477840370281     
   70.0000000000000      -3.405903332365558E-012   66.3076412930219     
   70.0000000000000      -1.239037265688195E-012   66.3686569260357     
   70.0000000000000       1.063809380927477E-012   66.4308091841924     
   70.0000000000000       3.467208500451080E-012   66.4940759749539     
   70.0000000000000       5.930421218626053E-012   66.5584348762005     
   70.0000000000000       8.408031919403763E-012   66.6238631473641     
   70.0000000000000       1.085082929646996E-011   66.6903377406072     
   70.0000000000000       1.320691119496964E-011   66.7578353120351     
   70.0000000000000       1.542301411598319E-011   66.8263322329353     
   70.0000000000000       1.744604451654125E-011   66.8958046010318     
   70.0000000000000       1.922477484169317E-011   66.9662282517473     
   70.0000000000000       2.071165780198901E-011   67.0375787694636     
   70.0000000000000       2.186470922173841E-011   67.1098314987720     
   70.0000000000000       2.264935025681106E-011   67.1829615557045     
   70.0000000000000       2.304017964458147E-011   67.2569438389395     
   70.0000000000000       2.302253196345867E-011   67.3317530409723     
   70.0000000000000       2.259375584288677E-011   67.4073636592434     
   70.0000000000000       2.176410161160192E-011   67.4837500072184     
   70.0000000000000       2.055713536604720E-011   67.5608862254112     
   70.0000000000000       1.900958950624375E-011   67.6387462923434     
   70.0000000000000       1.717060907715800E-011   67.7173040354352     
   70.0000000000000       1.510034230928092E-011   67.7965331418199     
   70.0000000000000       1.286787278777481E-011   67.8764071690769     
   70.0000000000000       1.054857684239382E-011   67.9568995558777     
   70.0000000000000       8.220926553854158E-012   68.0379836325380     
   70.0000000000000       5.962918583508388E-012   68.1196326314737     
   70.0000000000000       3.848275038903224E-012   68.2018196975529     
   70.0000000000000       1.942650644565498E-012   68.2845178983411     
   70.0000000000000       3.000592222639706E-013   68.3677002342355     
   70.0000000000000      -1.040174857538219E-012   68.4513396484834     
   70.0000000000000      -2.055724880954498E-012   68.5354090370809     
   70.0000000000000      -2.742561361114083E-012   68.6198812585503     
   70.0000000000000      -3.115051096706514E-012   68.7047291435901     
   70.0000000000000      -3.204766092740662E-012   68.7899255045977     
   70.0000000000000      -3.057897823344599E-012   68.8754431450589     
   70.0000000000000      -2.731478693978020E-012   68.9612548688046     
   70.0000000000000      -2.288507041768305E-012   69.0473334891312     
   70.0000000000000      -1.792455247568836E-012   69.1336518377814     
   70.0000000000000      -1.301494951451200E-012   69.2201827737866     
   70.0000000000000      -8.631437084453409E-013   69.3068991921666     
