   70.0000000000000       1.780059088670796E-307   69.6550793245736     
   70.0000000000000       1.780059088670796E-307   69.4807802872705     
   70.0000000000000       8.686750792934081E-013   69.3068991921666     
   70.0000000000000       1.834414834986159E-012   69.1336518377814     
   70.0000000000000       3.175130626913053E-012   68.9612548688046     
   70.0000000000000       4.849042113478651E-012   68.7899255045977     
   70.0000000000000       6.793900158662053E-012   68.6198812585503     
   70.0000000000000       8.936740106645688E-012   68.4513396484834     
   70.0000000000000       1.120054811565840E-011   68.2845178983411     
   70.0000000000000       1.350877160675145E-011   68.1196326314737     
   70.0000000000000       1.578828805613153E-011   67.9568995558777     
   70.0000000000000       1.797141546725265E-011   67.7965331418199     
   70.0000000000000       1.999726857859064E-011   67.6387462923434     
   70.0000000000000       2.181271472253862E-011   67.4837500072184     
   70.0000000000000       2.337304996655254E-011   67.3317530409723     
   70.0000000000000       2.464249316189871E-011   67.1829615557045     
   70.0000000000000       2.559450987213052E-011   67.0375787694636     
   70.0000000000000       2.621198909185118E-011   66.8958046010318     
   70.0000000000000       2.648724404045748E-011   66.7578353120351     
   70.0000000000000       2.642184160651102E-011   66.6238631473641     
   70.0000000000000       2.602622456649487E-011   66.4940759749539     
   70.0000000000000       2.531913904805702E-011   66.3686569260357     
   70.0000000000000       2.432684766977028E-011   66.2477840370281     
   70.0000000000000       2.308213782251952E-011   66.1316298942896     
   70.0000000000000       2.162316980325732E-011   66.0203612829977     
   70.0000000000000       1.999213658411060E-011   65.9141388414616     
   70.0000000000000       1.823387396663476E-011   65.8131167222044     
   70.0000000000000       1.639432778255697E-011   65.7174422611752     
   70.0000000000000       1.451906824889909E-011   65.6272556564630     
   70.0000000000000       1.265181715311710E-011   65.5426896578908     
   70.0000000000000       1.083306378482552E-011   65.4638692688584     
   70.0000000000000       9.098855985010321E-012   65.3909114617869     
   70.0000000000000       7.479778307720696E-012   65.3239249084886     
   70.0000000000000       6.000202734606217E-012   65.2630097267464     
   70.0000000000000       4.677844919791436E-012   65.2082572443335     
   70.0000000000000       3.523683662869925E-012   65.1597497816467     
   70.0000000000000       2.542280397564308E-012   65.1175604540460     
   70.0000000000000       1.732524367848940E-012   65.0817529949175     
   70.0000000000000       1.088815438893404E-012   65.0523816003757     
   70.0000000000000       6.026435340184447E-013   65.0294907964241     
   70.0000000000000       2.644498873799088E-013   65.0131153292789     
   70.0000000000000       6.557431902628214E-014   65.0032800794439     
   70.0000000000000       1.104024577117142E-027   65.0000000000000     
   70.0000000000000       6.557431902629154E-014   65.0032800794439     
   70.0000000000000       2.644498873799850E-013   65.0131153292789     
   70.0000000000000       6.026435340187068E-013   65.0294907964241     
   70.0000000000000       1.088815438894040E-012   65.0523816003757     
   70.0000000000000       1.732524367850218E-012   65.0817529949175     
   70.0000000000000       2.542280397566586E-012   65.1175604540460     
   70.0000000000000       3.523683662873662E-012   65.1597497816467     
   70.0000000000000       4.677844919797205E-012   65.2082572443335     
   70.0000000000000       6.000202734614710E-012   65.2630097267464     
   70.0000000000000       7.479778307732720E-012   65.3239249084886     
   70.0000000000000       9.098855985026819E-012   65.3909114617869     
   70.0000000000000       1.083306378484754E-011   65.4638692688584     
   70.0000000000000       1.265181715314583E-011   65.5426896578908     
   70.0000000000000       1.451906824893581E-011   65.6272556564630     
   70.0000000000000       1.639432778260304E-011   65.7174422611752     
   70.0000000000000       1.823387396669164E-011   65.8131167222044     
   70.0000000000000       1.999213658417980E-011   65.9141388414616     
   70.0000000000000       2.162316980334037E-011   66.0203612829977     
   70.0000000000000       2.308213782261799E-011   66.1316298942896     
   70.0000000000000       2.432684766988566E-011   66.2477840370281     
   70.0000000000000       2.531913904819081E-011   66.3686569260357     
   70.0000000000000       2.602622456664850E-011   66.4940759749539     
   70.0000000000000       2.642184160668574E-011   66.6238631473641     
   70.0000000000000       2.648724404065449E-011   66.7578353120351     
   70.0000000000000       2.621198909207142E-011   66.8958046010318     
   70.0000000000000       2.559450987237468E-011   67.0375787694636     
   70.0000000000000       2.464249316216725E-011   67.1829615557045     
   70.0000000000000       2.337304996684558E-011   67.3317530409723     
   70.0000000000000       2.181271472285580E-011   67.4837500072184     
   70.0000000000000       1.999726857893116E-011   67.6387462923434     
   70.0000000000000       1.797141546761514E-011   67.7965331418199     
   70.0000000000000       1.578828805651381E-011   67.9568995558777     
   70.0000000000000       1.350877160715053E-011   68.1196326314737     
   70.0000000000000       1.120054811607018E-011   68.2845178983411     
   70.0000000000000       8.936740107064703E-012   68.4513396484834     
   70.0000000000000       6.793900159081304E-012   68.6198812585503     
   70.0000000000000       4.849042113889152E-012   68.7899255045977     
   70.0000000000000       3.175130627303318E-012   68.9612548688046     
   70.0000000000000       1.834414835341748E-012   69.1336518377814     
   70.0000000000000       8.686750795965175E-013   69.3068991921666     
   70.0000000000000       8.686750795965175E-013   69.4807802872705     
   70.0000000000000       8.686750795965175E-013   69.6550793245736     
