   70.0000000000000      -1.281729548616734E-012   11.0000000000000     
   70.0000000000000      -1.605465062408298E-012   12.0000000000000     
   70.0000000000000      -2.037490808206913E-012   13.0000000000000     
   70.0000000000000      -2.654094148562689E-012   14.0000000000000     
   70.0000000000000      -3.417344431947054E-012   15.0000000000000     
   70.0000000000000      -4.381411667479839E-012   16.0000000000000     
   70.0000000000000      -5.477370743157625E-012   17.0000000000000     
   70.0000000000000      -6.641849980180366E-012   18.0000000000000     
   70.0000000000000      -7.904738364274769E-012   19.0000000000000     
   70.0000000000000      -9.107022724951176E-012   20.0000000000000     
   70.0000000000000      -1.023833126614081E-011   21.0000000000000     
   70.0000000000000      -1.126842822916169E-011   22.0000000000000     
   70.0000000000000      -1.204254923220445E-011   23.0000000000000     
   70.0000000000000      -1.261849618613268E-011   24.0000000000000     
   70.0000000000000      -1.292121983739054E-011   25.0000000000000     
   70.0000000000000      -1.286370090511583E-011   26.0000000000000     
   70.0000000000000      -1.254909385101844E-011   27.0000000000000     
   70.0000000000000      -1.188725345401042E-011   28.0000000000000     
   70.0000000000000      -1.087509883881933E-011   29.0000000000000     
   70.0000000000000      -9.639751239230513E-012   30.0000000000000     
   70.0000000000000      -8.094154181756616E-012   31.0000000000000     
   70.0000000000000      -6.305173389732495E-012   32.0000000000000     
   70.0000000000000      -4.371397502599902E-012   33.0000000000000     
   70.0000000000000      -2.258060912006644E-012   34.0000000000000     
   70.0000000000000      -4.079723957722842E-014   35.0000000000000     
   70.0000000000000       2.209729275841452E-012   36.0000000000000     
   70.0000000000000       4.489930241464711E-012   37.0000000000000     
   70.0000000000000       6.733035703410493E-012   38.0000000000000     
   70.0000000000000       8.910432762109419E-012   39.0000000000000     
   70.0000000000000       1.097064988853095E-011   40.0000000000000     
   70.0000000000000       1.292357097062234E-011   41.0000000000000     
   70.0000000000000       1.470889295722470E-011   42.0000000000000     
   70.0000000000000       1.627064494435699E-011   43.0000000000000     
   70.0000000000000       1.765136971490561E-011   44.0000000000000     
   70.0000000000000       1.884120346373728E-011   45.0000000000000     
   70.0000000000000       1.987316258789921E-011   46.0000000000000     
   70.0000000000000       2.062935528532511E-011   47.0000000000000     
   70.0000000000000       2.120140541088319E-011   48.0000000000000     
   70.0000000000000       2.151800306930642E-011   49.0000000000000     
   70.0000000000000       2.171424588172023E-011   50.0000000000000     
   70.0000000000000       2.166918110004985E-011   51.0000000000000     
   70.0000000000000       2.153935009955658E-011   52.0000000000000     
   70.0000000000000       2.121114513481711E-011   53.0000000000000     
   70.0000000000000       2.077153742587469E-011   54.0000000000000     
   70.0000000000000       2.021728286129043E-011   55.0000000000000     
   70.0000000000000       1.950795491383119E-011   56.0000000000000     
   70.0000000000000       1.868996399562254E-011   57.0000000000000     
   70.0000000000000       1.796471642212057E-011   58.0000000000000     
   70.0000000000000       1.713008730064064E-011   59.0000000000000     
   70.0000000000000       1.612598091859750E-011   60.0000000000000     
   70.0000000000000       1.517172421580831E-011   61.0000000000000     
   70.0000000000000       1.403433981515521E-011   62.0000000000000     
   70.0000000000000       1.317564414312963E-011   63.0000000000000     
   70.0000000000000       1.222178205421736E-011   64.0000000000000     
   70.0000000000000       1.124195011022537E-011   65.0000000000000     
   70.0000000000000       1.036741769422217E-011   66.0000000000000     
   70.0000000000000       9.397092050074039E-012   67.0000000000000     
   70.0000000000000       8.578112314304572E-012   68.0000000000000     
   70.0000000000000       7.708389574278718E-012   69.0000000000000     
   70.0000000000000       6.920373803593820E-012   70.0000000000000     
   70.0000000000000       6.202569897276595E-012   71.0000000000000     
   70.0000000000000       5.454475977247862E-012   72.0000000000000     
   70.0000000000000       4.698974267949041E-012   73.0000000000000     
   70.0000000000000       4.232512884814656E-012   74.0000000000000     
   70.0000000000000       3.590989336134818E-012   75.0000000000000     
   70.0000000000000       3.017857203817361E-012   76.0000000000000     
   70.0000000000000       2.536825896931570E-012   77.0000000000000     
   70.0000000000000       2.049169110618182E-012   78.0000000000000     
   70.0000000000000       1.763741623387813E-012   79.0000000000000     
   70.0000000000000       1.566397554890665E-012   80.0000000000000     
   70.0000000000000       9.892217934460211E-013   81.0000000000000     
   70.0000000000000       8.461223931061513E-013   82.0000000000000     
   70.0000000000000       6.496355466960607E-013   83.0000000000000     
   70.0000000000000       4.311058895240104E-013   84.0000000000000     
   70.0000000000000       1.782916251149475E-013   85.0000000000000     
   70.0000000000000       2.515644302191594E-013   86.0000000000000     
   70.0000000000000       1.099466162470218E-013   87.0000000000000     
   70.0000000000000      -1.097807314513822E-014   88.0000000000000     
   70.0000000000000       1.836711084801707E-013   89.0000000000000     
   70.0000000000000      -8.339709856444896E-014   90.0000000000000     
   70.0000000000000       1.514266530727184E-013   91.0000000000000     
   70.0000000000000       2.551186613108452E-013   92.0000000000000     
   70.0000000000000       3.347806119978466E-013   93.0000000000000     
   70.0000000000000       6.101900859204037E-013   94.0000000000000     
   70.0000000000000       8.063780714184708E-013   95.0000000000000     
   70.0000000000000       8.843914728737804E-013   96.0000000000000     
   70.0000000000000       1.078978238952378E-012   97.0000000000000     
   70.0000000000000       1.203014641431516E-012   98.0000000000000     
   70.0000000000000       1.498164515139225E-012   99.0000000000000     
   70.0000000000000       1.568568551839902E-012   100.000000000000     
   70.0000000000000       1.812901058759029E-012   101.000000000000     
   70.0000000000000       1.920129376729033E-012   102.000000000000     
   70.0000000000000       2.080987607623949E-012   103.000000000000     
   70.0000000000000       2.082243915644794E-012   104.000000000000     
   70.0000000000000       2.023785908387250E-012   105.000000000000     
   70.0000000000000       1.971030518839239E-012   106.000000000000     
   70.0000000000000       1.775803517338295E-012   107.000000000000     
   70.0000000000000       1.632816122299804E-012   108.000000000000     
   70.0000000000000       1.308042879977057E-012   109.000000000000     
   70.0000000000000       8.623895070877842E-013   110.000000000000     
   70.0000000000000       4.707798583165774E-013   111.000000000000     
   70.0000000000000      -1.389918676988054E-013   112.000000000000     
   70.0000000000000      -8.417311182698567E-013   113.000000000000     
   70.0000000000000      -1.790614236849361E-012   114.000000000000     
   70.0000000000000      -2.688607814587674E-012   115.000000000000     
   70.0000000000000      -3.716426754425939E-012   116.000000000000     
   70.0000000000000      -5.022528124462594E-012   117.000000000000     
   70.0000000000000      -6.290786099575796E-012   118.000000000000     
   70.0000000000000      -7.602952768327397E-012   119.000000000000     
   70.0000000000000      -9.206147116495654E-012   120.000000000000     
   70.0000000000000      -1.080885354825093E-011   121.000000000000     
   70.0000000000000      -1.236938981161140E-011   122.000000000000     
   70.0000000000000      -1.389507457960124E-011   123.000000000000     
   70.0000000000000      -1.561313081447613E-011   124.000000000000     
   70.0000000000000      -1.727317854145712E-011   125.000000000000     
   70.0000000000000      -1.883066382420119E-011   126.000000000000     
   70.0000000000000      -2.029529542041907E-011   127.000000000000     
   70.0000000000000      -2.172783459559719E-011   128.000000000000     
   70.0000000000000      -2.285843835537169E-011   129.000000000000     
   70.0000000000000      -2.396608862457647E-011   130.000000000000     
   70.0000000000000      -2.477760068230562E-011   131.000000000000     
   70.0000000000000      -2.533273684886731E-011   132.000000000000     
   70.0000000000000      -2.566198461397226E-011   133.000000000000     
   70.0000000000000      -2.570293716751310E-011   134.000000000000     
   70.0000000000000      -2.533261577007627E-011   135.000000000000     
   70.0000000000000      -2.467597600841973E-011   136.000000000000     
   70.0000000000000      -2.373540549026757E-011   137.000000000000     
   70.0000000000000      -2.241865430444498E-011   138.000000000000     
   70.0000000000000      -2.075511584888917E-011   139.000000000000     
   70.0000000000000      -1.882428639996568E-011   140.000000000000     
   70.0000000000000      -1.661244892051110E-011   141.000000000000     
   70.0000000000000      -1.414310661438599E-011   142.000000000000     
   70.0000000000000      -1.157116552878960E-011   143.000000000000     
   70.0000000000000      -8.826048661177233E-012   144.000000000000     
   70.0000000000000      -5.989915543489446E-012   145.000000000000     
   70.0000000000000      -3.211227625454463E-012   146.000000000000     
   70.0000000000000      -4.832407122780516E-013   147.000000000000     
   70.0000000000000       2.144253230013467E-012   148.000000000000     
   70.0000000000000       4.509092010549150E-012   149.000000000000     
   70.0000000000000       6.640970563574194E-012   150.000000000000     
   70.0000000000000       8.480256923849248E-012   151.000000000000     
   70.0000000000000       9.917713247503131E-012   152.000000000000     
   70.0000000000000       1.100336840278404E-011   153.000000000000     
   70.0000000000000       1.170876498779111E-011   154.000000000000     
   70.0000000000000       1.196821826049786E-011   155.000000000000     
   70.0000000000000       1.190384219791638E-011   156.000000000000     
   70.0000000000000       1.149014702477308E-011   157.000000000000     
   70.0000000000000       1.075609046713192E-011   158.000000000000     
   70.0000000000000       9.834786751957258E-012   159.000000000000     
   70.0000000000000       8.721701366734712E-012   160.000000000000     
   70.0000000000000       7.517173123018212E-012   161.000000000000     
   70.0000000000000       6.313003411347754E-012   162.000000000000     
   70.0000000000000       5.133341581757495E-012   163.000000000000     
   70.0000000000000       4.072883432448169E-012   164.000000000000     
   70.0000000000000       3.150776479923276E-012   165.000000000000     
   70.0000000000000       2.398314119989654E-012   166.000000000000     
   70.0000000000000       1.836778427086950E-012   167.000000000000     
   70.0000000000000       1.423021922745653E-012   168.000000000000     
   70.0000000000000       1.175739620786455E-012   169.000000000000     
   70.0000000000000       8.821866955996329E-013   170.000000000000     
