   70.0000000000000       8.018237518644786E-013   6.00000000000000     
   70.0000000000000       1.195725458926353E-012   8.00000000000000     
   70.0000000000000       1.559634060883040E-012   10.0000000000000     
   70.0000000000000       2.275406732087213E-012   12.0000000000000     
   70.0000000000000       3.444505683142377E-012   14.0000000000000     
   70.0000000000000       5.040048594915943E-012   16.0000000000000     
   70.0000000000000       6.959342615338032E-012   18.0000000000000     
   70.0000000000000       9.129665971456212E-012   20.0000000000000     
   70.0000000000000       1.143327222224266E-011   22.0000000000000     
   70.0000000000000       1.375052369462460E-011   24.0000000000000     
   70.0000000000000       1.602097529892267E-011   26.0000000000000     
   70.0000000000000       1.822449648754197E-011   28.0000000000000     
   70.0000000000000       2.027391826714748E-011   30.0000000000000     
   70.0000000000000       2.205405655729186E-011   32.0000000000000     
   70.0000000000000       2.358094266600784E-011   34.0000000000000     
   70.0000000000000       2.483778111384550E-011   36.0000000000000     
   70.0000000000000       2.575801253939238E-011   38.0000000000000     
   70.0000000000000       2.633677204973559E-011   40.0000000000000     
   70.0000000000000       2.658861746987798E-011   42.0000000000000     
   70.0000000000000       2.645335634863858E-011   44.0000000000000     
   70.0000000000000       2.604201124350316E-011   46.0000000000000     
   70.0000000000000       2.527677666403343E-011   48.0000000000000     
   70.0000000000000       2.420957697797083E-011   50.0000000000000     
   70.0000000000000       2.294771449446452E-011   52.0000000000000     
   70.0000000000000       2.142061353362785E-011   54.0000000000000     
   70.0000000000000       1.976473213988461E-011   56.0000000000000     
   70.0000000000000       1.801773657613452E-011   58.0000000000000     
   70.0000000000000       1.612609155005032E-011   60.0000000000000     
   70.0000000000000       1.406137666947445E-011   62.0000000000000     
   70.0000000000000       1.231079254659982E-011   64.0000000000000     
   70.0000000000000       1.051904358244333E-011   66.0000000000000     
   70.0000000000000       8.753437781811091E-012   68.0000000000000     
   70.0000000000000       7.087227703074683E-012   70.0000000000000     
   70.0000000000000       5.629249224352471E-012   72.0000000000000     
   70.0000000000000       4.384350511557243E-012   74.0000000000000     
   70.0000000000000       3.167960478478449E-012   76.0000000000000     
   70.0000000000000       2.169923347992635E-012   78.0000000000000     
   70.0000000000000       1.669891139603978E-012   80.0000000000000     
   70.0000000000000       9.274395731531930E-013   82.0000000000000     
   70.0000000000000       5.719434836658411E-013   84.0000000000000     
   70.0000000000000       4.443611824328602E-013   86.0000000000000     
   70.0000000000000       2.821722939230727E-013   88.0000000000000     
   70.0000000000000       3.434305050449319E-013   90.0000000000000     
   70.0000000000000       3.265402220441282E-013   92.0000000000000     
   70.0000000000000       6.126364198500708E-013   94.0000000000000     
   70.0000000000000       9.098344061316579E-013   96.0000000000000     
   70.0000000000000       1.371827777504997E-012   98.0000000000000     
   70.0000000000000       2.065004808818799E-012   100.000000000000     
   70.0000000000000       2.897798625777275E-012   102.000000000000     
   70.0000000000000       3.972449360814380E-012   104.000000000000     
   70.0000000000000       5.014041167984496E-012   106.000000000000     
   70.0000000000000       6.428896470344854E-012   108.000000000000     
   70.0000000000000       7.857872023893800E-012   110.000000000000     
   70.0000000000000       9.542560773720947E-012   112.000000000000     
   70.0000000000000       1.126269466924410E-011   114.000000000000     
   70.0000000000000       1.303225526304682E-011   116.000000000000     
   70.0000000000000       1.482130163781072E-011   118.000000000000     
   70.0000000000000       1.666856715506034E-011   120.000000000000     
   70.0000000000000       1.853147871755708E-011   122.000000000000     
   70.0000000000000       2.018856981085404E-011   124.000000000000     
   70.0000000000000       2.184279595889486E-011   126.000000000000     
   70.0000000000000       2.325648760222162E-011   128.000000000000     
   70.0000000000000       2.442311690095666E-011   130.000000000000     
   70.0000000000000       2.533673859430635E-011   132.000000000000     
   70.0000000000000       2.607100226682689E-011   134.000000000000     
   70.0000000000000       2.636648614070360E-011   136.000000000000     
   70.0000000000000       2.641431582180244E-011   138.000000000000     
   70.0000000000000       2.609501754749999E-011   140.000000000000     
   70.0000000000000       2.540291520591831E-011   142.000000000000     
   70.0000000000000       2.440806383182299E-011   144.000000000000     
   70.0000000000000       2.313367274199571E-011   146.000000000000     
   70.0000000000000       2.153122304463391E-011   148.000000000000     
   70.0000000000000       1.968473105574039E-011   150.000000000000     
   70.0000000000000       1.767633156337388E-011   152.000000000000     
   70.0000000000000       1.550934482380946E-011   154.000000000000     
   70.0000000000000       1.322797686309934E-011   156.000000000000     
   70.0000000000000       1.094650352503290E-011   158.000000000000     
   70.0000000000000       8.747372895217311E-012   160.000000000000     
   70.0000000000000       6.680763935409168E-012   162.000000000000     
   70.0000000000000       4.832658794283937E-012   164.000000000000     
   70.0000000000000       3.297750569004724E-012   166.000000000000     
   70.0000000000000       2.189658447949017E-012   168.000000000000     
   70.0000000000000       1.442745995713511E-012   170.000000000000     
   70.0000000000000       1.182430745090787E-012   172.000000000000     
   70.0000000000000       7.795636140506119E-013   174.000000000000     
