   70.0000000000000       1.318869414697074E-012   11.0000000000000     
   70.0000000000000       1.612438442178221E-012   12.0000000000000     
   70.0000000000000       1.894950184295526E-012   13.0000000000000     
   70.0000000000000       2.195541767255961E-012   14.0000000000000     
   70.0000000000000       2.424805855484308E-012   15.0000000000000     
   70.0000000000000       2.491048301255057E-012   16.0000000000000     
   70.0000000000000       2.420266063076145E-012   17.0000000000000     
   70.0000000000000       2.078046794092490E-012   18.0000000000000     
   70.0000000000000       1.483404956080206E-012   19.0000000000000     
   70.0000000000000       6.426023946332229E-013   20.0000000000000     
   70.0000000000000      -5.365913668717877E-013   21.0000000000000     
   70.0000000000000      -1.934486741266892E-012   22.0000000000000     
   70.0000000000000      -3.576307518172392E-012   23.0000000000000     
   70.0000000000000      -5.463557071815721E-012   24.0000000000000     
   70.0000000000000      -7.439073445925632E-012   25.0000000000000     
   70.0000000000000      -9.549704108107875E-012   26.0000000000000     
   70.0000000000000      -1.171745862583685E-011   27.0000000000000     
   70.0000000000000      -1.381395951726177E-011   28.0000000000000     
   70.0000000000000      -1.588632762571850E-011   29.0000000000000     
   70.0000000000000      -1.783555319996355E-011   30.0000000000000     
   70.0000000000000      -1.956286280550372E-011   31.0000000000000     
   70.0000000000000      -2.113353257639710E-011   32.0000000000000     
   70.0000000000000      -2.244935655867020E-011   33.0000000000000     
   70.0000000000000      -2.347258012948761E-011   34.0000000000000     
   70.0000000000000      -2.427015528281695E-011   35.0000000000000     
   70.0000000000000      -2.473928994912323E-011   36.0000000000000     
   70.0000000000000      -2.494626919928018E-011   37.0000000000000     
   70.0000000000000      -2.486245040610628E-011   38.0000000000000     
   70.0000000000000      -2.450237826987338E-011   39.0000000000000     
   70.0000000000000      -2.394306586515206E-011   40.0000000000000     
   70.0000000000000      -2.311778185621032E-011   41.0000000000000     
   70.0000000000000      -2.214956087448250E-011   42.0000000000000     
   70.0000000000000      -2.099653864154236E-011   43.0000000000000     
   70.0000000000000      -1.970302538433552E-011   44.0000000000000     
   70.0000000000000      -1.828949846743666E-011   45.0000000000000     
   70.0000000000000      -1.682984724712820E-011   46.0000000000000     
   70.0000000000000      -1.533725509521900E-011   47.0000000000000     
   70.0000000000000      -1.376284298852524E-011   48.0000000000000     
   70.0000000000000      -1.216481799222501E-011   49.0000000000000     
   70.0000000000000      -1.070491210802271E-011   50.0000000000000     
   70.0000000000000      -9.213416613398038E-012   51.0000000000000     
   70.0000000000000      -7.915427834816584E-012   52.0000000000000     
   70.0000000000000      -6.505977139387303E-012   53.0000000000000     
   70.0000000000000      -5.233155560704074E-012   54.0000000000000     
   70.0000000000000      -4.085920784756900E-012   55.0000000000000     
   70.0000000000000      -3.175583669393233E-012   56.0000000000000     
   70.0000000000000      -2.150136014477938E-012   57.0000000000000     
   70.0000000000000      -1.381229597050144E-012   58.0000000000000     
   70.0000000000000      -7.064917495407701E-013   59.0000000000000     
   70.0000000000000      -5.973352185772877E-014   60.0000000000000     
   70.0000000000000       4.078858722047457E-013   61.0000000000000     
   70.0000000000000       8.715616980969591E-013   62.0000000000000     
   70.0000000000000       1.085017101230490E-012   63.0000000000000     
   70.0000000000000       1.477720049477631E-012   64.0000000000000     
   70.0000000000000       1.625348860942259E-012   65.0000000000000     
   70.0000000000000       1.779586537056112E-012   66.0000000000000     
   70.0000000000000       1.767142800234507E-012   67.0000000000000     
   70.0000000000000       1.743175872714544E-012   68.0000000000000     
   70.0000000000000       1.714344453690842E-012   69.0000000000000     
   70.0000000000000       1.528797872107902E-012   70.0000000000000     
   70.0000000000000       1.551423752251715E-012   71.0000000000000     
   70.0000000000000       1.391811281567609E-012   72.0000000000000     
   70.0000000000000       1.236564386127357E-012   73.0000000000000     
   70.0000000000000       1.143837439529834E-012   74.0000000000000     
   70.0000000000000       1.016801369129989E-012   75.0000000000000     
   70.0000000000000       9.635930108552399E-013   76.0000000000000     
   70.0000000000000       9.561695074801156E-013   77.0000000000000     
   70.0000000000000       7.137739784076290E-013   78.0000000000000     
   70.0000000000000       6.027617979649995E-013   79.0000000000000     
   70.0000000000000       5.787357930527712E-013   80.0000000000000     
   70.0000000000000       4.303844968062840E-013   81.0000000000000     
   70.0000000000000       3.797644766627024E-013   82.0000000000000     
   70.0000000000000       4.116356946099728E-013   83.0000000000000     
   70.0000000000000       3.758551057595600E-013   84.0000000000000     
   70.0000000000000       3.615724455932117E-013   85.0000000000000     
   70.0000000000000       3.662952332499556E-013   86.0000000000000     
   70.0000000000000       3.914570403478380E-013   87.0000000000000     
   70.0000000000000       2.819586589694115E-013   88.0000000000000     
   70.0000000000000       3.411348017917312E-013   89.0000000000000     
   70.0000000000000       3.331507702924437E-013   90.0000000000000     
   70.0000000000000       2.223884571272773E-013   91.0000000000000     
   70.0000000000000       2.038209637490480E-013   92.0000000000000     
   70.0000000000000       1.854627948808287E-013   93.0000000000000     
   70.0000000000000       5.469407619809100E-014   94.0000000000000     
   70.0000000000000       3.774466070777314E-014   95.0000000000000     
   70.0000000000000      -2.136594703941112E-013   96.0000000000000     
   70.0000000000000      -4.292707461793912E-013   97.0000000000000     
   70.0000000000000      -6.592929725362612E-013   98.0000000000000     
   70.0000000000000      -1.035228242280911E-012   99.0000000000000     
   70.0000000000000      -1.343070198695376E-012   100.000000000000     
   70.0000000000000      -1.730545073415892E-012   101.000000000000     
   70.0000000000000      -2.170331783893614E-012   102.000000000000     
   70.0000000000000      -2.881110049493356E-012   103.000000000000     
   70.0000000000000      -3.382988944704787E-012   104.000000000000     
   70.0000000000000      -4.005085593641947E-012   105.000000000000     
   70.0000000000000      -4.610384748374874E-012   106.000000000000     
   70.0000000000000      -5.463256486486460E-012   107.000000000000     
   70.0000000000000      -6.218088238129976E-012   108.000000000000     
   70.0000000000000      -7.022237476364882E-012   109.000000000000     
   70.0000000000000      -7.810405692533375E-012   110.000000000000     
   70.0000000000000      -8.670077031244513E-012   111.000000000000     
   70.0000000000000      -9.541548479197248E-012   112.000000000000     
   70.0000000000000      -1.031759440161792E-011   113.000000000000     
   70.0000000000000      -1.111944206637239E-011   114.000000000000     
   70.0000000000000      -1.185126339843803E-011   115.000000000000     
   70.0000000000000      -1.249111081610433E-011   116.000000000000     
   70.0000000000000      -1.296298532233421E-011   117.000000000000     
   70.0000000000000      -1.342002207480877E-011   118.000000000000     
   70.0000000000000      -1.377901858774351E-011   119.000000000000     
   70.0000000000000      -1.389561032384671E-011   120.000000000000     
   70.0000000000000      -1.393935652191108E-011   121.000000000000     
   70.0000000000000      -1.379905428453975E-011   122.000000000000     
   70.0000000000000      -1.345227167482522E-011   123.000000000000     
   70.0000000000000      -1.279876936184816E-011   124.000000000000     
   70.0000000000000      -1.211728381378643E-011   125.000000000000     
   70.0000000000000      -1.106859680545976E-011   126.000000000000     
   70.0000000000000      -9.724909033444970E-012   127.000000000000     
   70.0000000000000      -8.292491747277051E-012   128.000000000000     
   70.0000000000000      -6.612932179104552E-012   129.000000000000     
   70.0000000000000      -4.702683829127923E-012   130.000000000000     
   70.0000000000000      -2.671356525651698E-012   131.000000000000     
   70.0000000000000      -4.502958385918907E-013   132.000000000000     
   70.0000000000000       1.981697068849703E-012   133.000000000000     
   70.0000000000000       4.365338493148790E-012   134.000000000000     
   70.0000000000000       6.805972558256453E-012   135.000000000000     
   70.0000000000000       9.289122641014523E-012   136.000000000000     
   70.0000000000000       1.164862605561780E-011   137.000000000000     
   70.0000000000000       1.396853677060390E-011   138.000000000000     
   70.0000000000000       1.609788043807394E-011   139.000000000000     
   70.0000000000000       1.807197228684239E-011   140.000000000000     
   70.0000000000000       1.968967765006404E-011   141.000000000000     
   70.0000000000000       2.110167377847518E-011   142.000000000000     
   70.0000000000000       2.212183329263426E-011   143.000000000000     
   70.0000000000000       2.275641547012352E-011   144.000000000000     
   70.0000000000000       2.303196735213583E-011   145.000000000000     
   70.0000000000000       2.290971042312131E-011   146.000000000000     
   70.0000000000000       2.233704122993951E-011   147.000000000000     
   70.0000000000000       2.142418595614197E-011   148.000000000000     
   70.0000000000000       2.016160057189995E-011   149.000000000000     
   70.0000000000000       1.853068122629525E-011   150.000000000000     
   70.0000000000000       1.668093385976206E-011   151.000000000000     
   70.0000000000000       1.463187142776441E-011   152.000000000000     
   70.0000000000000       1.239985125383210E-011   153.000000000000     
   70.0000000000000       1.017077181557537E-011   154.000000000000     
   70.0000000000000       7.936802198409157E-012   155.000000000000     
   70.0000000000000       5.768701137846945E-012   156.000000000000     
   70.0000000000000       3.810289514455267E-012   157.000000000000     
   70.0000000000000       2.032844629191176E-012   158.000000000000     
   70.0000000000000       5.216322747692311E-013   159.000000000000     
   70.0000000000000      -6.696699466754772E-013   160.000000000000     
   70.0000000000000      -1.588666903068123E-012   161.000000000000     
   70.0000000000000      -2.185999700131593E-012   162.000000000000     
   70.0000000000000      -2.509714955131507E-012   163.000000000000     
   70.0000000000000      -2.601194257962888E-012   164.000000000000     
   70.0000000000000      -2.494281653504220E-012   165.000000000000     
   70.0000000000000      -2.263459342959187E-012   166.000000000000     
   70.0000000000000      -1.962204530507650E-012   167.000000000000     
   70.0000000000000      -1.664215348462981E-012   168.000000000000     
   70.0000000000000      -1.388101517290712E-012   169.000000000000     
   70.0000000000000      -1.141605291795010E-012   170.000000000000     
