   70.0000000000000      -3.048577386277545E-013   70.0040738265156     
   70.0000000000000      -6.180340363241777E-013   69.9168422529932     
   70.0000000000000      -9.882016048927328E-013   69.8295816139486     
   70.0000000000000      -1.385990836105169E-012   69.7423184306103     
   70.0000000000000      -1.787519932312789E-012   69.6550793245736     
   70.0000000000000      -2.173582355885612E-012   69.5678910102671     
   70.0000000000000      -2.528894744246271E-012   69.4807802872705     
   70.0000000000000      -2.841499724743926E-012   69.3937740324868     
   70.0000000000000      -3.102202284263213E-012   69.3068991921666     
   70.0000000000000      -3.304120307511968E-012   69.2201827737866     
   70.0000000000000      -3.442282624000390E-012   69.1336518377814     
   70.0000000000000      -3.513304677129254E-012   69.0473334891312     
   70.0000000000000      -3.515117610236755E-012   68.9612548688046     
   70.0000000000000      -3.446720596992465E-012   68.8754431450589     
   70.0000000000000      -3.308021714535767E-012   68.7899255045977     
   70.0000000000000      -3.099645891066289E-012   68.7047291435901     
   70.0000000000000      -2.822842090370318E-012   68.6198812585503     
   70.0000000000000      -2.479357403933815E-012   68.5354090370809     
   70.0000000000000      -2.071356603006328E-012   68.4513396484834     
   70.0000000000000      -1.601364368932215E-012   68.3677002342355     
   70.0000000000000      -1.072193994683092E-012   68.2845178983411     
   70.0000000000000      -4.869180531063024E-013   68.2018196975529     
   70.0000000000000       1.511849815722184E-013   68.1196326314737     
   70.0000000000000       8.386507505484347E-013   68.0379836325380     
   70.0000000000000       1.571855049277622E-012   67.9568995558777     
   70.0000000000000       2.347041764410329E-012   67.8764071690769     
   70.0000000000000       3.160347879910623E-012   67.7965331418199     
   70.0000000000000       4.007800417519365E-012   67.7173040354352     
   70.0000000000000       4.885354720093631E-012   67.6387462923434     
   70.0000000000000       5.788905228374455E-012   67.5608862254112     
   70.0000000000000       6.714296559236830E-012   67.4837500072184     
   70.0000000000000       7.657340033887444E-012   67.4073636592434     
   70.0000000000000       8.613839420442368E-012   67.3317530409723     
   70.0000000000000       9.579597970369343E-012   67.2569438389395     
   70.0000000000000       1.055044006349009E-011   67.1829615557045     
   70.0000000000000       1.152222435795768E-011   67.1098314987720     
   70.0000000000000       1.249086961308373E-011   67.0375787694636     
   70.0000000000000       1.345236071675013E-011   66.9662282517473     
   70.0000000000000       1.440278187711014E-011   66.8958046010318     
   70.0000000000000       1.533831662053228E-011   66.8263322329353     
   70.0000000000000       1.625528335290951E-011   66.7578353120351     
   70.0000000000000       1.715014250725055E-011   66.6903377406072     
   70.0000000000000       1.801951717654247E-011   66.6238631473641     
   70.0000000000000       1.886020962091905E-011   66.5584348762005     
   70.0000000000000       1.966921491661499E-011   66.4940759749539     
   70.0000000000000       2.044374085530687E-011   66.4308091841924     
   70.0000000000000       2.118121740954904E-011   66.3686569260357     
   70.0000000000000       2.187931372505268E-011   66.3076412930219     
   70.0000000000000       2.253594608531322E-011   66.2477840370281     
   70.0000000000000       2.314928925759451E-011   66.1891065582556     
   70.0000000000000       2.371779112854910E-011   66.1316298942896     
   70.0000000000000       2.424016867882229E-011   66.0753747092432     
   70.0000000000000       2.471542643275596E-011   66.0203612829977     
   70.0000000000000       2.514285121025187E-011   65.9666095005474     
   70.0000000000000       2.552201947909914E-011   65.9141388414616     
   70.0000000000000       2.585279738868119E-011   65.8629683694730     
   70.0000000000000       2.613533932079998E-011   65.8131167222044     
   70.0000000000000       2.637008578491564E-011   65.7646021010431     
   70.0000000000000       2.655775891136893E-011   65.7174422611752     
   70.0000000000000       2.669935749839463E-011   65.6716545017896     
   70.0000000000000       2.679614877763998E-011   65.6272556564630     
   70.0000000000000       2.684965939982568E-011   65.5842620837358     
   70.0000000000000       2.686166576892074E-011   65.5426896578908     
   70.0000000000000       2.683418162325622E-011   65.5025537599439     
   70.0000000000000       2.676944525312759E-011   65.4638692688584     
   70.0000000000000       2.666990285659976E-011   65.4266505529917     
   70.0000000000000       2.653819777847465E-011   65.3909114617869     
   70.0000000000000       2.637714710542742E-011   65.3566653177161     
   70.0000000000000       2.618973098192010E-011   65.3239249084886     
   70.0000000000000       2.597906727231085E-011   65.2927024795304     
   70.0000000000000       2.574839859448008E-011   65.2630097267464     
   70.0000000000000       2.550106565479439E-011   65.2348577895735     
   70.0000000000000       2.524049269562303E-011   65.2082572443335     
   70.0000000000000       2.497016235573155E-011   65.1832180978943     
   70.0000000000000       2.469359595698275E-011   65.1597497816467     
   70.0000000000000       2.441433084406185E-011   65.1378611458062     
   70.0000000000000       2.413589995349884E-011   65.1175604540460     
   70.0000000000000       2.386180808383083E-011   65.0988553784676     
   70.0000000000000       2.359551274676410E-011   65.0817529949175     
   70.0000000000000       2.334040018557169E-011   65.0662597786549     
   70.0000000000000       2.309976500850578E-011   65.0523816003757     
   70.0000000000000       2.287679063911235E-011   65.0401237225997     
   70.0000000000000       2.267452758061600E-011   65.0294907964241     
   70.0000000000000       2.249587472892577E-011   65.0204868586492     
   70.0000000000000       2.234356034954693E-011   65.0131153292789     
   70.0000000000000       2.222012452370735E-011   65.0073790094001     
   70.0000000000000       2.212790192205494E-011   65.0032800794439     
   70.0000000000000       2.206900619783459E-011   65.0008200978305     
   70.0000000000000       2.204531539656794E-011   65.0000000000000     
   70.0000000000000       2.205845852290661E-011   65.0008200978305     
   70.0000000000000       2.210980363779024E-011   65.0032800794439     
   70.0000000000000       2.220044727362288E-011   65.0073790094001     
   70.0000000000000       2.233120553558259E-011   65.0131153292789     
   70.0000000000000       2.250260671305305E-011   65.0204868586492     
   70.0000000000000       2.271488535971565E-011   65.0294907964241     
   70.0000000000000       2.296797871421747E-011   65.0401237225997     
   70.0000000000000       2.326152417638008E-011   65.0523816003757     
   70.0000000000000       2.359485930961425E-011   65.0662597786549     
   70.0000000000000       2.396702225834611E-011   65.0817529949175     
   70.0000000000000       2.437675722995791E-011   65.0988553784676     
   70.0000000000000       2.482251828165461E-011   65.1175604540460     
   70.0000000000000       2.530247517301753E-011   65.1378611458062     
   70.0000000000000       2.581452617648872E-011   65.1597497816467     
   70.0000000000000       2.635630506384151E-011   65.1832180978943     
   70.0000000000000       2.692519687220254E-011   65.2082572443335     
   70.0000000000000       2.751835007867737E-011   65.2348577895735     
   70.0000000000000       2.813269445972314E-011   65.2630097267464     
   70.0000000000000       2.876495532454575E-011   65.2927024795304     
   70.0000000000000       2.941168113413478E-011   65.3239249084886     
   70.0000000000000       3.006925113851490E-011   65.3566653177161     
   70.0000000000000       3.073391190660325E-011   65.3909114617869     
   70.0000000000000       3.140178492954109E-011   65.4266505529917     
   70.0000000000000       3.206890795250158E-011   65.4638692688584     
   70.0000000000000       3.273124011641548E-011   65.5025537599439     
   70.0000000000000       3.338470720386469E-011   65.5426896578908     
   70.0000000000000       3.402521226939703E-011   65.5842620837358     
   70.0000000000000       3.464866836626569E-011   65.6272556564630     
   70.0000000000000       3.525102288334722E-011   65.6716545017896     
   70.0000000000000       3.582828704915777E-011   65.7174422611752     
   70.0000000000000       3.637655791430944E-011   65.7646021010431     
   70.0000000000000       3.689203973464931E-011   65.8131167222044     
   70.0000000000000       3.737108077489242E-011   65.8629683694730     
   70.0000000000000       3.781018223191911E-011   65.9141388414616     
   70.0000000000000       3.820603104722770E-011   65.9666095005474     
   70.0000000000000       3.855551698569982E-011   66.0203612829977     
   70.0000000000000       3.885574844723982E-011   66.0753747092432     
   70.0000000000000       3.910407032714405E-011   66.1316298942896     
   70.0000000000000       3.929809583584821E-011   66.1891065582556     
   70.0000000000000       3.943568793540053E-011   66.2477840370281     
   70.0000000000000       3.951500901154446E-011   66.3076412930219     
   70.0000000000000       3.953449902436167E-011   66.3686569260357     
   70.0000000000000       3.949289832296513E-011   66.4308091841924     
   70.0000000000000       3.938925187136275E-011   66.4940759749539     
   70.0000000000000       3.922290637457998E-011   66.5584348762005     
   70.0000000000000       3.899351557253556E-011   66.6238631473641     
   70.0000000000000       3.870103337018535E-011   66.6903377406072     
   70.0000000000000       3.834571399463368E-011   66.7578353120351     
   70.0000000000000       3.792810303513467E-011   66.8263322329353     
   70.0000000000000       3.744902893837060E-011   66.8958046010318     
   70.0000000000000       3.690959383246702E-011   66.9662282517473     
   70.0000000000000       3.631115737575979E-011   67.0375787694636     
   70.0000000000000       3.565532916138002E-011   67.1098314987720     
   70.0000000000000       3.494394770459794E-011   67.1829615557045     
   70.0000000000000       3.417906799618848E-011   67.2569438389395     
   70.0000000000000       3.336294207598881E-011   67.3317530409723     
   70.0000000000000       3.249800262465471E-011   67.4073636592434     
   70.0000000000000       3.158684462578960E-011   67.4837500072184     
   70.0000000000000       3.063220741499840E-011   67.5608862254112     
   70.0000000000000       2.963695819976986E-011   67.6387462923434     
   70.0000000000000       2.860407515058223E-011   67.7173040354352     
   70.0000000000000       2.753663144239097E-011   67.7965331418199     
   70.0000000000000       2.643778246644468E-011   67.8764071690769     
   70.0000000000000       2.531075663928725E-011   67.9568995558777     
   70.0000000000000       2.415884005319250E-011   68.0379836325380     
   70.0000000000000       2.298537647270005E-011   68.1196326314737     
   70.0000000000000       2.179376418736508E-011   68.2018196975529     
   70.0000000000000       2.058745533870400E-011   68.2845178983411     
   70.0000000000000       1.936996130500070E-011   68.3677002342355     
   70.0000000000000       1.814487019241000E-011   68.4513396484834     
   70.0000000000000       1.691585465645174E-011   68.5354090370809     
   70.0000000000000       1.568670541285065E-011   68.6198812585503     
   70.0000000000000       1.446135058833995E-011   68.7047291435901     
   70.0000000000000       1.324390102644154E-011   68.7899255045977     
   70.0000000000000       1.203870309957667E-011   68.8754431450589     
   70.0000000000000       1.085036851433826E-011   68.9612548688046     
   70.0000000000000       9.683882198241688E-012   69.0473334891312     
   70.0000000000000       8.544627470337959E-012   69.1336518377814     
   70.0000000000000       7.438520063265374E-012   69.2201827737866     
   70.0000000000000       6.372075478274881E-012   69.3068991921666     
   70.0000000000000       5.352513433478753E-012   69.3937740324868     
   70.0000000000000       4.387909523747189E-012   69.4807802872705     
   70.0000000000000       3.487312903802496E-012   69.5678910102671     
   70.0000000000000       2.660819695882656E-012   69.6550793245736     
   70.0000000000000       1.919846819613406E-012   69.7423184306103     
   70.0000000000000       1.277127830636750E-012   69.8295816139486     
   70.0000000000000       7.469599344647997E-013   69.9168422529932     
   70.0000000000000       3.452869579934392E-013   70.0040738265156     
   70.0000000000000       8.979984321695178E-014   70.0912499210415     
