   70.0000000000000       1.375179418649718E-012   70.0040738265156     
   70.0000000000000       4.809162140719811E-012   69.8295816139486     
   70.0000000000000       9.479852513390965E-012   69.6550793245736     
   70.0000000000000       1.479982945719330E-011   69.4807802872705     
   70.0000000000000       2.035784520928101E-011   69.3068991921666     
   70.0000000000000       2.587135009550360E-011   69.1336518377814     
   70.0000000000000       3.114978323203241E-011   68.9612548688046     
   70.0000000000000       3.606683635175445E-011   68.7899255045977     
   70.0000000000000       4.054042301259993E-011   68.6198812585503     
   70.0000000000000       4.451847062023034E-011   68.4513396484834     
   70.0000000000000       4.796915010728676E-011   68.2845178983411     
   70.0000000000000       5.087437573225615E-011   68.1196326314737     
   70.0000000000000       5.322564164473451E-011   67.9568995558777     
   70.0000000000000       5.502153239390202E-011   67.7965331418199     
   70.0000000000000       5.626634563934782E-011   67.6387462923434     
   70.0000000000000       5.696946711306808E-011   67.4837500072184     
   70.0000000000000       5.714522112646353E-011   67.3317530409723     
   70.0000000000000       5.681290306741611E-011   67.1829615557045     
   70.0000000000000       5.599696880769736E-011   67.0375787694636     
   70.0000000000000       5.472715828642336E-011   66.8958046010318     
   70.0000000000000       5.303854558946044E-011   66.7578353120351     
   70.0000000000000       5.097139632428067E-011   66.6238631473641     
   70.0000000000000       4.857087983776994E-011   66.4940759749539     
   70.0000000000000       4.588657365832223E-011   66.3686569260357     
   70.0000000000000       4.297174153006753E-011   66.2477840370281     
   70.0000000000000       3.988248568862157E-011   66.1316298942896     
   70.0000000000000       3.667667115944675E-011   66.0203612829977     
   70.0000000000000       3.341276123726726E-011   65.9141388414616     
   70.0000000000000       3.014856920775372E-011   65.8131167222044     
   70.0000000000000       2.693992796830445E-011   65.7174422611752     
   70.0000000000000       2.383939368926035E-011   65.6272556564630     
   70.0000000000000       2.089495768441969E-011   65.5426896578908     
   70.0000000000000       1.814888100163837E-011   65.4638692688584     
   70.0000000000000       1.563661771720754E-011   65.3909114617869     
   70.0000000000000       1.338594891003723E-011   65.3239249084886     
   70.0000000000000       1.141628862500126E-011   65.2630097267464     
   70.0000000000000       9.738221670892998E-012   65.2082572443335     
   70.0000000000000       8.353292986308177E-012   65.1597497816467     
   70.0000000000000       7.254039581724401E-012   65.1175604540460     
   70.0000000000000       6.424288214105249E-012   65.0817529949175     
   70.0000000000000       5.839698155912755E-012   65.0523816003757     
   70.0000000000000       5.468535955633886E-012   65.0294907964241     
   70.0000000000000       5.272665974438760E-012   65.0131153292789     
   70.0000000000000       5.208721708152896E-012   65.0032800794439     
   70.0000000000000       5.229425539299734E-012   65.0000000000000     
   70.0000000000000       5.285017351288789E-012   65.0032800794439     
   70.0000000000000       5.324749280427753E-012   65.0131153292789     
   70.0000000000000       5.298402551444351E-012   65.0294907964241     
   70.0000000000000       5.157781596000732E-012   65.0523816003757     
   70.0000000000000       4.858142125189550E-012   65.0817529949175     
   70.0000000000000       4.359511781776963E-012   65.1175604540460     
   70.0000000000000       3.627867594772277E-012   65.1597497816467     
   70.0000000000000       2.636134712488037E-012   65.2082572443335     
   70.0000000000000       1.364982998216339E-012   65.2630097267464     
   70.0000000000000      -1.965960107771203E-013   65.3239249084886     
   70.0000000000000      -2.050954382885330E-012   65.3909114617869     
   70.0000000000000      -4.191685043727175E-012   65.4638692688584     
   70.0000000000000      -6.603761763352960E-012   65.5426896578908     
   70.0000000000000      -9.263911767147942E-012   65.6272556564630     
   70.0000000000000      -1.214117475596912E-011   65.7174422611752     
   70.0000000000000      -1.519768373486982E-011   65.8131167222044     
   70.0000000000000      -1.838956800414884E-011   65.9141388414616     
   70.0000000000000      -2.166800916227833E-011   66.0203612829977     
   70.0000000000000      -2.498035157019130E-011   66.1316298942896     
   70.0000000000000      -2.827129203182586E-011   66.2477840370281     
   70.0000000000000      -3.148404357677014E-011   66.3686569260357     
   70.0000000000000      -3.456147017511585E-011   66.4940759749539     
   70.0000000000000      -3.744718929128095E-011   66.6238631473641     
   70.0000000000000      -4.008650363115251E-011   66.7578353120351     
   70.0000000000000      -4.242725788311017E-011   66.8958046010318     
   70.0000000000000      -4.442051541094603E-011   67.0375787694636     
   70.0000000000000      -4.602106321348131E-011   67.1829615557045     
   70.0000000000000      -4.718780163546291E-011   67.3317530409723     
   70.0000000000000      -4.788395564297662E-011   67.4837500072184     
   70.0000000000000      -4.807721966807969E-011   67.6387462923434     
   70.0000000000000      -4.773982357006768E-011   67.7965331418199     
   70.0000000000000      -4.684874870406265E-011   67.9568995558777     
   70.0000000000000      -4.538609293003390E-011   68.1196326314737     
   70.0000000000000      -4.333988514814625E-011   68.2845178983411     
   70.0000000000000      -4.070563143155651E-011   68.4513396484834     
   70.0000000000000      -3.748895315687210E-011   68.6198812585503     
   70.0000000000000      -3.370992105730741E-011   68.7899255045977     
   70.0000000000000      -2.940976964070717E-011   68.9612548688046     
   70.0000000000000      -2.466100984997888E-011   69.1336518377814     
   70.0000000000000      -1.958219024207203E-011   69.3068991921666     
   70.0000000000000      -1.435884781592491E-011   69.4807802872705     
   70.0000000000000      -9.272694847241722E-012   69.6550793245736     
   70.0000000000000      -4.740625213182176E-012   69.8295816139486     
   70.0000000000000      -1.365589100322150E-012   70.0040738265156     
