   70.0000000000000                          NaN   2.00000000000000     
   70.0000000000000       4.880117329918764E-012   3.00000000000000     
   70.0000000000000       5.428203251350955E-012   4.00000000000000     
   70.0000000000000       7.171896730192907E-012   5.00000000000000     
   70.0000000000000       9.567042493821687E-012   6.00000000000000     
   70.0000000000000       1.222542082067930E-011   7.00000000000000     
   70.0000000000000       1.509320200316601E-011   8.00000000000000     
   70.0000000000000       1.797597787258571E-011   9.00000000000000     
   70.0000000000000       2.085748354449972E-011   10.0000000000000     
   70.0000000000000       2.372381336236649E-011   11.0000000000000     
   70.0000000000000       2.653152742768437E-011   12.0000000000000     
   70.0000000000000       2.925612279009742E-011   13.0000000000000     
   70.0000000000000       3.188459854081292E-011   14.0000000000000     
   70.0000000000000       3.440797563786057E-011   15.0000000000000     
   70.0000000000000       3.681546214844744E-011   16.0000000000000     
   70.0000000000000       3.910201268825397E-011   17.0000000000000     
   70.0000000000000       4.126184007486435E-011   18.0000000000000     
   70.0000000000000       4.329259331052487E-011   19.0000000000000     
   70.0000000000000       4.519114329510485E-011   20.0000000000000     
   70.0000000000000       4.695758972618547E-011   21.0000000000000     
   70.0000000000000       4.858990208027350E-011   22.0000000000000     
   70.0000000000000       5.008853101802188E-011   23.0000000000000     
   70.0000000000000       5.145396918479381E-011   24.0000000000000     
   70.0000000000000       5.268694288048022E-011   25.0000000000000     
   70.0000000000000       5.378881699366010E-011   26.0000000000000     
   70.0000000000000       5.476106449360423E-011   27.0000000000000     
   70.0000000000000       5.560554143491488E-011   28.0000000000000     
   70.0000000000000       5.632434467294762E-011   29.0000000000000     
   70.0000000000000       5.691949294295143E-011   30.0000000000000     
   70.0000000000000       5.739373510064778E-011   31.0000000000000     
   70.0000000000000       5.774914558154658E-011   32.0000000000000     
   70.0000000000000       5.798914942292113E-011   33.0000000000000     
   70.0000000000000       5.811622616439154E-011   34.0000000000000     
   70.0000000000000       5.813313465555869E-011   35.0000000000000     
   70.0000000000000       5.804854610146467E-011   36.0000000000000     
   70.0000000000000       5.785247027007507E-011   37.0000000000000     
   70.0000000000000       5.757573138195334E-011   38.0000000000000     
   70.0000000000000       5.720167046938316E-011   39.0000000000000     
   70.0000000000000       5.672808704670415E-011   40.0000000000000     
   70.0000000000000       5.618764698485914E-011   41.0000000000000     
   70.0000000000000       5.553244947611627E-011   42.0000000000000     
   70.0000000000000       5.481777313102264E-011   43.0000000000000     
   70.0000000000000       5.404537983723282E-011   44.0000000000000     
   70.0000000000000       5.318688696499228E-011   45.0000000000000     
   70.0000000000000       5.232748858809316E-011   46.0000000000000     
   70.0000000000000       5.142813692190775E-011   47.0000000000000     
   70.0000000000000       5.039310360125730E-011   48.0000000000000     
   70.0000000000000       4.933600745310226E-011   49.0000000000000     
   70.0000000000000       4.825821791768332E-011   50.0000000000000     
   70.0000000000000       4.723996247097070E-011   51.0000000000000     
   70.0000000000000       4.601872234141980E-011   52.0000000000000     
   70.0000000000000       4.496527439596449E-011   53.0000000000000     
   70.0000000000000       4.382405085196814E-011   54.0000000000000     
   70.0000000000000       4.282391753955641E-011   55.0000000000000     
   70.0000000000000       4.163457571488701E-011   56.0000000000000     
   70.0000000000000       4.044412544214211E-011   57.0000000000000     
   70.0000000000000       3.924971249419887E-011   58.0000000000000     
   70.0000000000000       3.826854569154816E-011   59.0000000000000     
   70.0000000000000       3.727642517301072E-011   60.0000000000000     
   70.0000000000000       3.630383249833839E-011   61.0000000000000     
   70.0000000000000       3.517301134863320E-011   62.0000000000000     
   70.0000000000000       3.428567434585489E-011   63.0000000000000     
   70.0000000000000       3.327910242921637E-011   64.0000000000000     
   70.0000000000000       3.227719639328909E-011   65.0000000000000     
   70.0000000000000       3.159526884466973E-011   66.0000000000000     
   70.0000000000000       3.071098025620007E-011   67.0000000000000     
   70.0000000000000       3.008684354863081E-011   68.0000000000000     
   70.0000000000000       2.916789457407829E-011   69.0000000000000     
   70.0000000000000       2.853113494547513E-011   70.0000000000000     
   70.0000000000000       2.786816061839121E-011   71.0000000000000     
   70.0000000000000       2.719230063127643E-011   72.0000000000000     
   70.0000000000000       2.672874771167346E-011   73.0000000000000     
   70.0000000000000       2.623397143760416E-011   74.0000000000000     
   70.0000000000000       2.568577795801183E-011   75.0000000000000     
   70.0000000000000       2.541557632047482E-011   76.0000000000000     
   70.0000000000000       2.483682670663883E-011   77.0000000000000     
   70.0000000000000       2.446098843307616E-011   78.0000000000000     
   70.0000000000000       2.403468646240400E-011   79.0000000000000     
   70.0000000000000       2.383382384818134E-011   80.0000000000000     
   70.0000000000000       2.349159013073712E-011   81.0000000000000     
   70.0000000000000       2.336798083725550E-011   82.0000000000000     
   70.0000000000000       2.288275829717197E-011   83.0000000000000     
   70.0000000000000       2.297930221641575E-011   84.0000000000000     
   70.0000000000000       2.272175616603223E-011   85.0000000000000     
   70.0000000000000       2.262527329373992E-011   86.0000000000000     
   70.0000000000000       2.277432515755241E-011   87.0000000000000     
   70.0000000000000       2.255041270747134E-011   88.0000000000000     
   70.0000000000000       2.269113944483363E-011   89.0000000000000     
   70.0000000000000       2.274361842399184E-011   90.0000000000000     
   70.0000000000000       2.278495515116795E-011   91.0000000000000     
   70.0000000000000       2.293347438830862E-011   92.0000000000000     
   70.0000000000000       2.288967695892980E-011   93.0000000000000     
   70.0000000000000       2.339075257353671E-011   94.0000000000000     
   70.0000000000000       2.357057587192813E-011   95.0000000000000     
   70.0000000000000       2.390302318780908E-011   96.0000000000000     
   70.0000000000000       2.416719576236746E-011   97.0000000000000     
   70.0000000000000       2.433017957754185E-011   98.0000000000000     
   70.0000000000000       2.469915256994412E-011   99.0000000000000     
   70.0000000000000       2.506306208159440E-011   100.000000000000     
   70.0000000000000       2.564904964709148E-011   101.000000000000     
   70.0000000000000       2.595432565769649E-011   102.000000000000     
   70.0000000000000       2.639576403310461E-011   103.000000000000     
   70.0000000000000       2.698661631469489E-011   104.000000000000     
   70.0000000000000       2.737327614988512E-011   105.000000000000     
   70.0000000000000       2.786882988321660E-011   106.000000000000     
   70.0000000000000       2.844200210361686E-011   107.000000000000     
   70.0000000000000       2.894878682045373E-011   108.000000000000     
   70.0000000000000       2.963481034889596E-011   109.000000000000     
   70.0000000000000       3.027511465764239E-011   110.000000000000     
   70.0000000000000       3.087140735660697E-011   111.000000000000     
   70.0000000000000       3.160674315764840E-011   112.000000000000     
   70.0000000000000       3.241918276091685E-011   113.000000000000     
   70.0000000000000       3.318298406281013E-011   114.000000000000     
   70.0000000000000       3.384043130067749E-011   115.000000000000     
   70.0000000000000       3.485440657871987E-011   116.000000000000     
   70.0000000000000       3.565915992452454E-011   117.000000000000     
   70.0000000000000       3.646007773068683E-011   118.000000000000     
   70.0000000000000       3.739265968779762E-011   119.000000000000     
   70.0000000000000       3.843272649354396E-011   120.000000000000     
   70.0000000000000       3.946230602260914E-011   121.000000000000     
   70.0000000000000       4.039473202614388E-011   122.000000000000     
   70.0000000000000       4.147215099711152E-011   123.000000000000     
   70.0000000000000       4.251007183968884E-011   124.000000000000     
   70.0000000000000       4.350777107247365E-011   125.000000000000     
   70.0000000000000       4.456675753024252E-011   126.000000000000     
   70.0000000000000       4.553356562831145E-011   127.000000000000     
   70.0000000000000       4.661272801951571E-011   128.000000000000     
   70.0000000000000       4.766724386926575E-011   129.000000000000     
   70.0000000000000       4.877361304439459E-011   130.000000000000     
   70.0000000000000       4.969011095768717E-011   131.000000000000     
   70.0000000000000       5.067819401817245E-011   132.000000000000     
   70.0000000000000       5.160622135011597E-011   133.000000000000     
   70.0000000000000       5.245577813873233E-011   134.000000000000     
   70.0000000000000       5.326300816218774E-011   135.000000000000     
   70.0000000000000       5.406105707017905E-011   136.000000000000     
   70.0000000000000       5.475860253638650E-011   137.000000000000     
   70.0000000000000       5.539246039017244E-011   138.000000000000     
   70.0000000000000       5.597406368986152E-011   139.000000000000     
   70.0000000000000       5.644546052672223E-011   140.000000000000     
   70.0000000000000       5.685115076698742E-011   141.000000000000     
   70.0000000000000       5.716617662898281E-011   142.000000000000     
   70.0000000000000       5.738535165149051E-011   143.000000000000     
   70.0000000000000       5.751662050564183E-011   144.000000000000     
   70.0000000000000       5.754275498233429E-011   145.000000000000     
   70.0000000000000       5.746688752602074E-011   146.000000000000     
   70.0000000000000       5.728280747049877E-011   147.000000000000     
   70.0000000000000       5.698667195389359E-011   148.000000000000     
   70.0000000000000       5.657666814199527E-011   149.000000000000     
   70.0000000000000       5.604914669398680E-011   150.000000000000     
   70.0000000000000       5.540230681153452E-011   151.000000000000     
   70.0000000000000       5.463351091430086E-011   152.000000000000     
   70.0000000000000       5.374069178945739E-011   153.000000000000     
   70.0000000000000       5.272196242339265E-011   154.000000000000     
   70.0000000000000       5.157566908049884E-011   155.000000000000     
   70.0000000000000       5.030041950117404E-011   156.000000000000     
   70.0000000000000       4.889519992105778E-011   157.000000000000     
   70.0000000000000       4.735939114044695E-011   158.000000000000     
   70.0000000000000       4.569140179163143E-011   159.000000000000     
   70.0000000000000       4.389594230331996E-011   160.000000000000     
   70.0000000000000       4.196861094929849E-011   161.000000000000     
   70.0000000000000       3.991494270764911E-011   162.000000000000     
   70.0000000000000       3.773557938676254E-011   163.000000000000     
   70.0000000000000       3.543591628678110E-011   164.000000000000     
   70.0000000000000       3.301778161272372E-011   165.000000000000     
   70.0000000000000       3.049136487351325E-011   166.000000000000     
   70.0000000000000       2.786677090291833E-011   167.000000000000     
   70.0000000000000       2.515148002551992E-011   168.000000000000     
   70.0000000000000       2.237317148951127E-011   169.000000000000     
   70.0000000000000       1.954350841088772E-011   170.000000000000     
   70.0000000000000       1.669715031699105E-011   171.000000000000     
   70.0000000000000       1.384716442171821E-011   172.000000000000     
   70.0000000000000       1.109859101144300E-011   173.000000000000     
   70.0000000000000       8.561513146586702E-012   174.000000000000     
   70.0000000000000       6.410669231528326E-012   175.000000000000     
   70.0000000000000       4.967966480701017E-012   176.000000000000     
   70.0000000000000       5.014680404872714E-012   177.000000000000     
   70.0000000000000                          NaN   178.000000000000     
   70.0000000000000                          NaN   179.000000000000     
