   70.0000000000000                          NaN   2.00000000000000     
   70.0000000000000      -4.768333140483269E-012   3.00000000000000     
   70.0000000000000      -4.078268429598592E-012   4.00000000000000     
   70.0000000000000      -3.626719994556995E-012   5.00000000000000     
   70.0000000000000      -3.330480573456077E-012   6.00000000000000     
   70.0000000000000      -3.107481059214848E-012   7.00000000000000     
   70.0000000000000      -2.981792628479451E-012   8.00000000000000     
   70.0000000000000      -2.879837403438508E-012   9.00000000000000     
   70.0000000000000      -2.802671151642253E-012   10.0000000000000     
   70.0000000000000      -2.732259715872712E-012   11.0000000000000     
   70.0000000000000      -2.649675884184487E-012   12.0000000000000     
   70.0000000000000      -2.545549701328219E-012   13.0000000000000     
   70.0000000000000      -2.406267941688683E-012   14.0000000000000     
   70.0000000000000      -2.225358247269744E-012   15.0000000000000     
   70.0000000000000      -1.995979604597751E-012   16.0000000000000     
   70.0000000000000      -1.715792610508590E-012   17.0000000000000     
   70.0000000000000      -1.383225912142104E-012   18.0000000000000     
   70.0000000000000      -9.968495732266083E-013   19.0000000000000     
   70.0000000000000      -5.563819144729871E-013   20.0000000000000     
   70.0000000000000      -6.267354605594305E-014   21.0000000000000     
   70.0000000000000       4.830608416159231E-013   22.0000000000000     
   70.0000000000000       1.078837309248092E-012   23.0000000000000     
   70.0000000000000       1.722290905558895E-012   24.0000000000000     
   70.0000000000000       2.410593947038610E-012   25.0000000000000     
   70.0000000000000       3.140625050193079E-012   26.0000000000000     
   70.0000000000000       3.908977138539624E-012   27.0000000000000     
   70.0000000000000       4.711946878794467E-012   28.0000000000000     
   70.0000000000000       5.545872950121597E-012   29.0000000000000     
   70.0000000000000       6.406178092711205E-012   30.0000000000000     
   70.0000000000000       7.289075437472213E-012   31.0000000000000     
   70.0000000000000       8.190540962933148E-012   32.0000000000000     
   70.0000000000000       9.105518548818160E-012   33.0000000000000     
   70.0000000000000       1.003175781354129E-011   34.0000000000000     
   70.0000000000000       1.096189469522340E-011   35.0000000000000     
   70.0000000000000       1.189750754962877E-011   36.0000000000000     
   70.0000000000000       1.282742091084117E-011   37.0000000000000     
   70.0000000000000       1.374875501213336E-011   38.0000000000000     
   70.0000000000000       1.466893657953619E-011   39.0000000000000     
   70.0000000000000       1.555336147071634E-011   40.0000000000000     
   70.0000000000000       1.643107229713170E-011   41.0000000000000     
   70.0000000000000       1.728524732394369E-011   42.0000000000000     
   70.0000000000000       1.809990108572722E-011   43.0000000000000     
   70.0000000000000       1.889177537589265E-011   44.0000000000000     
   70.0000000000000       1.970572562240571E-011   45.0000000000000     
   70.0000000000000       2.042963759163763E-011   46.0000000000000     
   70.0000000000000       2.117744090057149E-011   47.0000000000000     
   70.0000000000000       2.179867678324921E-011   48.0000000000000     
   70.0000000000000       2.238386187848303E-011   49.0000000000000     
   70.0000000000000       2.290970399108524E-011   50.0000000000000     
   70.0000000000000       2.353374773146024E-011   51.0000000000000     
   70.0000000000000       2.393556457284948E-011   52.0000000000000     
   70.0000000000000       2.443515445513717E-011   53.0000000000000     
   70.0000000000000       2.481677246152189E-011   54.0000000000000     
   70.0000000000000       2.529159062205565E-011   55.0000000000000     
   70.0000000000000       2.552093438994501E-011   56.0000000000000     
   70.0000000000000       2.574246074446597E-011   57.0000000000000     
   70.0000000000000       2.582982347148398E-011   58.0000000000000     
   70.0000000000000       2.601544070464224E-011   59.0000000000000     
   70.0000000000000       2.620542518879879E-011   60.0000000000000     
   70.0000000000000       2.636266996491565E-011   61.0000000000000     
   70.0000000000000       2.637647224607803E-011   62.0000000000000     
   70.0000000000000       2.632884997814421E-011   63.0000000000000     
   70.0000000000000       2.627624559478286E-011   64.0000000000000     
   70.0000000000000       2.602871338657572E-011   65.0000000000000     
   70.0000000000000       2.613534190864428E-011   66.0000000000000     
   70.0000000000000       2.590268688757337E-011   67.0000000000000     
   70.0000000000000       2.589860964572015E-011   68.0000000000000     
   70.0000000000000       2.542554984838643E-011   69.0000000000000     
   70.0000000000000       2.534134340607515E-011   70.0000000000000     
   70.0000000000000       2.509442125976184E-011   71.0000000000000     
   70.0000000000000       2.474050793959323E-011   72.0000000000000     
   70.0000000000000       2.454810623558888E-011   73.0000000000000     
   70.0000000000000       2.438901396461674E-011   74.0000000000000     
   70.0000000000000       2.406250388712229E-011   75.0000000000000     
   70.0000000000000       2.394410822557887E-011   76.0000000000000     
   70.0000000000000       2.360821781677042E-011   77.0000000000000     
   70.0000000000000       2.334865941720898E-011   78.0000000000000     
   70.0000000000000       2.302754921682088E-011   79.0000000000000     
   70.0000000000000       2.285659410693999E-011   80.0000000000000     
   70.0000000000000       2.261155976456759E-011   81.0000000000000     
   70.0000000000000       2.255290406270876E-011   82.0000000000000     
   70.0000000000000       2.212131194980623E-011   83.0000000000000     
   70.0000000000000       2.227262610566844E-011   84.0000000000000     
   70.0000000000000       2.198034257659292E-011   85.0000000000000     
   70.0000000000000       2.191211562403320E-011   86.0000000000000     
   70.0000000000000       2.203250765951305E-011   87.0000000000000     
   70.0000000000000       2.188023117533844E-011   88.0000000000000     
   70.0000000000000       2.194818754034382E-011   89.0000000000000     
   70.0000000000000       2.201734501225283E-011   90.0000000000000     
   70.0000000000000       2.202183039647283E-011   91.0000000000000     
   70.0000000000000       2.223625392113587E-011   92.0000000000000     
   70.0000000000000       2.216451300499774E-011   93.0000000000000     
   70.0000000000000       2.266134674212937E-011   94.0000000000000     
   70.0000000000000       2.281281163989010E-011   95.0000000000000     
   70.0000000000000       2.319890400507682E-011   96.0000000000000     
   70.0000000000000       2.348216026500820E-011   97.0000000000000     
   70.0000000000000       2.365486608841201E-011   98.0000000000000     
   70.0000000000000       2.405366988557202E-011   99.0000000000000     
   70.0000000000000       2.449863126184252E-011   100.000000000000     
   70.0000000000000       2.514783543844502E-011   101.000000000000     
   70.0000000000000       2.551942797117306E-011   102.000000000000     
   70.0000000000000       2.602708692393050E-011   103.000000000000     
   70.0000000000000       2.672353798184746E-011   104.000000000000     
   70.0000000000000       2.714618587013731E-011   105.000000000000     
   70.0000000000000       2.771952895158417E-011   106.000000000000     
   70.0000000000000       2.835790150366065E-011   107.000000000000     
   70.0000000000000       2.890147798378210E-011   108.000000000000     
   70.0000000000000       2.962397505491615E-011   109.000000000000     
   70.0000000000000       3.027484889454816E-011   110.000000000000     
   70.0000000000000       3.084904613142097E-011   111.000000000000     
   70.0000000000000       3.153385778717117E-011   112.000000000000     
   70.0000000000000       3.226687692477352E-011   113.000000000000     
   70.0000000000000       3.290448985807585E-011   114.000000000000     
   70.0000000000000       3.340884258008644E-011   115.000000000000     
   70.0000000000000       3.418433377486919E-011   116.000000000000     
   70.0000000000000       3.473491459542263E-011   117.000000000000     
   70.0000000000000       3.518416250621259E-011   118.000000000000     
   70.0000000000000       3.577266868607473E-011   119.000000000000     
   70.0000000000000       3.637148049077201E-011   120.000000000000     
   70.0000000000000       3.690383892573099E-011   121.000000000000     
   70.0000000000000       3.722737708327299E-011   122.000000000000     
   70.0000000000000       3.770739700612687E-011   123.000000000000     
   70.0000000000000       3.807694079886747E-011   124.000000000000     
   70.0000000000000       3.831464125810708E-011   125.000000000000     
   70.0000000000000       3.864000579557885E-011   126.000000000000     
   70.0000000000000       3.877226617675096E-011   127.000000000000     
   70.0000000000000       3.898697987467535E-011   128.000000000000     
   70.0000000000000       3.914026814639784E-011   129.000000000000     
   70.0000000000000       3.929546260874678E-011   130.000000000000     
   70.0000000000000       3.920194079007387E-011   131.000000000000     
   70.0000000000000       3.912010917890886E-011   132.000000000000     
   70.0000000000000       3.903067015547874E-011   133.000000000000     
   70.0000000000000       3.885214493594843E-011   134.000000000000     
   70.0000000000000       3.857805431283865E-011   135.000000000000     
   70.0000000000000       3.833160130172458E-011   136.000000000000     
   70.0000000000000       3.795536348711371E-011   137.000000000000     
   70.0000000000000       3.751305154880551E-011   138.000000000000     
   70.0000000000000       3.702241653143699E-011   139.000000000000     
   70.0000000000000       3.647099083630831E-011   140.000000000000     
   70.0000000000000       3.585974429291132E-011   141.000000000000     
   70.0000000000000       3.520150035328881E-011   142.000000000000     
   70.0000000000000       3.448239007274753E-011   143.000000000000     
   70.0000000000000       3.371794712530830E-011   144.000000000000     
   70.0000000000000       3.290119634369651E-011   145.000000000000     
   70.0000000000000       3.203453081760703E-011   146.000000000000     
   70.0000000000000       3.112297315032951E-011   147.000000000000     
   70.0000000000000       3.016717723589996E-011   148.000000000000     
   70.0000000000000       2.917150798578588E-011   149.000000000000     
   70.0000000000000       2.813816610004787E-011   150.000000000000     
   70.0000000000000       2.707052888798789E-011   151.000000000000     
   70.0000000000000       2.597149820004514E-011   152.000000000000     
   70.0000000000000       2.484434100620921E-011   153.000000000000     
   70.0000000000000       2.369245009570531E-011   154.000000000000     
   70.0000000000000       2.251938523351574E-011   155.000000000000     
   70.0000000000000       2.132886793882873E-011   156.000000000000     
   70.0000000000000       2.012480912143899E-011   157.000000000000     
   70.0000000000000       1.891169118488003E-011   158.000000000000     
   70.0000000000000       1.769340562612936E-011   159.000000000000     
   70.0000000000000       1.647696965042632E-011   160.000000000000     
   70.0000000000000       1.526408333976141E-011   161.000000000000     
   70.0000000000000       1.406239111068893E-011   162.000000000000     
   70.0000000000000       1.287879116696783E-011   163.000000000000     
   70.0000000000000       1.172045234998901E-011   164.000000000000     
   70.0000000000000       1.059490716796978E-011   165.000000000000     
   70.0000000000000       9.511348423495241E-012   166.000000000000     
   70.0000000000000       8.479276732677598E-012   167.000000000000     
   70.0000000000000       7.514591432043173E-012   168.000000000000     
   70.0000000000000       6.634746020481512E-012   169.000000000000     
   70.0000000000000       5.847839825828088E-012   170.000000000000     
   70.0000000000000       5.177989947338867E-012   171.000000000000     
   70.0000000000000       4.626170397580470E-012   172.000000000000     
   70.0000000000000       4.271439301097252E-012   173.000000000000     
   70.0000000000000       4.055364156032258E-012   174.000000000000     
   70.0000000000000       4.147398749105242E-012   175.000000000000     
   70.0000000000000       4.393751177703334E-012   176.000000000000     
   70.0000000000000       5.001423591710623E-012   177.000000000000     
   70.0000000000000                          NaN   178.000000000000     
   70.0000000000000                          NaN   179.000000000000     
