   70.0000000000000                          NaN   2.00000000000000     
   70.0000000000000       1.038529833535084E-012   3.00000000000000     
   70.0000000000000       3.582334037204865E-012   4.00000000000000     
   70.0000000000000       6.187326142174196E-012   5.00000000000000     
   70.0000000000000       8.968623151210087E-012   6.00000000000000     
   70.0000000000000       1.182389427004994E-011   7.00000000000000     
   70.0000000000000       1.479573112181754E-011   8.00000000000000     
   70.0000000000000       1.774379657811281E-011   9.00000000000000     
   70.0000000000000       2.066832490127898E-011   10.0000000000000     
   70.0000000000000       2.356595165270051E-011   11.0000000000000     
   70.0000000000000       2.639888568395907E-011   12.0000000000000     
   70.0000000000000       2.914516936693498E-011   13.0000000000000     
   70.0000000000000       3.179367073336469E-011   14.0000000000000     
   70.0000000000000       3.433593697814164E-011   15.0000000000000     
   70.0000000000000       3.676131551810675E-011   16.0000000000000     
   70.0000000000000       3.906435014165855E-011   17.0000000000000     
   70.0000000000000       4.123864852828788E-011   18.0000000000000     
   70.0000000000000       4.328111512517741E-011   19.0000000000000     
   70.0000000000000       4.518771814867340E-011   20.0000000000000     
   70.0000000000000       4.695754790147569E-011   21.0000000000000     
   70.0000000000000       4.858750082473747E-011   22.0000000000000     
   70.0000000000000       5.007691134248911E-011   23.0000000000000     
   70.0000000000000       5.142513645005077E-011   24.0000000000000     
   70.0000000000000       5.263176784902333E-011   25.0000000000000     
   70.0000000000000       5.369705120275747E-011   26.0000000000000     
   70.0000000000000       5.462137019704885E-011   27.0000000000000     
   70.0000000000000       5.540553938805627E-011   28.0000000000000     
   70.0000000000000       5.605064759713409E-011   29.0000000000000     
   70.0000000000000       5.655784259611717E-011   30.0000000000000     
   70.0000000000000       5.692899268448519E-011   31.0000000000000     
   70.0000000000000       5.716536411266157E-011   32.0000000000000     
   70.0000000000000       5.726980864950574E-011   33.0000000000000     
   70.0000000000000       5.724386062069155E-011   34.0000000000000     
   70.0000000000000       5.709026370207229E-011   35.0000000000000     
   70.0000000000000       5.681622143895522E-011   36.0000000000000     
   70.0000000000000       5.641245952026941E-011   37.0000000000000     
   70.0000000000000       5.591007583417487E-011   38.0000000000000     
   70.0000000000000       5.528881807484626E-011   39.0000000000000     
   70.0000000000000       5.455427395667254E-011   40.0000000000000     
   70.0000000000000       5.373147622075521E-011   41.0000000000000     
   70.0000000000000       5.277379245200693E-011   42.0000000000000     
   70.0000000000000       5.174342307705549E-011   43.0000000000000     
   70.0000000000000       5.063599416321939E-011   44.0000000000000     
   70.0000000000000       4.940171376299945E-011   45.0000000000000     
   70.0000000000000       4.817464031844313E-011   46.0000000000000     
   70.0000000000000       4.686543784241531E-011   47.0000000000000     
   70.0000000000000       4.543437664441412E-011   48.0000000000000     
   70.0000000000000       4.396594544437269E-011   49.0000000000000     
   70.0000000000000       4.247353363721301E-011   50.0000000000000     
   70.0000000000000       4.096067348043377E-011   51.0000000000000     
   70.0000000000000       3.930409081146190E-011   52.0000000000000     
   70.0000000000000       3.774651147136606E-011   53.0000000000000     
   70.0000000000000       3.612028844941493E-011   54.0000000000000     
   70.0000000000000       3.455753690934979E-011   55.0000000000000     
   70.0000000000000       3.289558941291037E-011   56.0000000000000     
   70.0000000000000       3.119379742191314E-011   57.0000000000000     
   70.0000000000000       2.955266739753361E-011   58.0000000000000     
   70.0000000000000       2.806560945871928E-011   59.0000000000000     
   70.0000000000000       2.651051799481363E-011   60.0000000000000     
   70.0000000000000       2.495952496319480E-011   61.0000000000000     
   70.0000000000000       2.326848596670945E-011   62.0000000000000     
   70.0000000000000       2.196130970999651E-011   63.0000000000000     
   70.0000000000000       2.042198756088470E-011   64.0000000000000     
   70.0000000000000       1.908725979417811E-011   65.0000000000000     
   70.0000000000000       1.775401128436105E-011   66.0000000000000     
   70.0000000000000       1.649894300556995E-011   67.0000000000000     
   70.0000000000000       1.531274544744992E-011   68.0000000000000     
   70.0000000000000       1.429361706468181E-011   69.0000000000000     
   70.0000000000000       1.310885104241725E-011   70.0000000000000     
   70.0000000000000       1.212041244719271E-011   71.0000000000000     
   70.0000000000000       1.128399222405976E-011   72.0000000000000     
   70.0000000000000       1.057432903216707E-011   73.0000000000000     
   70.0000000000000       9.664225536625299E-012   74.0000000000000     
   70.0000000000000       8.986383921829221E-012   75.0000000000000     
   70.0000000000000       8.522394087558162E-012   76.0000000000000     
   70.0000000000000       7.714921410586856E-012   77.0000000000000     
   70.0000000000000       7.292465875289671E-012   78.0000000000000     
   70.0000000000000       6.884630012786295E-012   79.0000000000000     
   70.0000000000000       6.754795707993962E-012   80.0000000000000     
   70.0000000000000       6.369628865478251E-012   81.0000000000000     
   70.0000000000000       6.117928305283980E-012   82.0000000000000     
   70.0000000000000       5.853903390572200E-012   83.0000000000000     
   70.0000000000000       5.654949753133649E-012   84.0000000000000     
   70.0000000000000       5.756973465653636E-012   85.0000000000000     
   70.0000000000000       5.635794575339029E-012   86.0000000000000     
   70.0000000000000       5.765283394198697E-012   87.0000000000000     
   70.0000000000000       5.456793654796973E-012   88.0000000000000     
   70.0000000000000       5.758895119619789E-012   89.0000000000000     
   70.0000000000000       5.701639906865931E-012   90.0000000000000     
   70.0000000000000       5.847492388171213E-012   91.0000000000000     
   70.0000000000000       5.611885518609311E-012   92.0000000000000     
   70.0000000000000       5.715914146962642E-012   93.0000000000000     
   70.0000000000000       5.795745835472509E-012   94.0000000000000     
   70.0000000000000       5.928547209664025E-012   95.0000000000000     
   70.0000000000000       5.758938311891306E-012   96.0000000000000     
   70.0000000000000       5.713274044281564E-012   97.0000000000000     
   70.0000000000000       5.692534463200887E-012   98.0000000000000     
   70.0000000000000       5.609732855431061E-012   99.0000000000000     
   70.0000000000000       5.289059198205997E-012   100.000000000000     
   70.0000000000000       5.045802271180671E-012   101.000000000000     
   70.0000000000000       4.731365169786851E-012   102.000000000000     
   70.0000000000000       4.396260359158085E-012   103.000000000000     
   70.0000000000000       3.758986279479166E-012   104.000000000000     
   70.0000000000000       3.518641766623421E-012   105.000000000000     
   70.0000000000000       2.880866842107392E-012   106.000000000000     
   70.0000000000000       2.185613408365592E-012   107.000000000000     
   70.0000000000000       1.654336340963937E-012   108.000000000000     
   70.0000000000000       8.013029144693257E-013   109.000000000000     
   70.0000000000000      -1.268540329265491E-013   110.000000000000     
   70.0000000000000      -1.174795709486426E-012   111.000000000000     
   70.0000000000000      -2.145233342090771E-012   112.000000000000     
   70.0000000000000      -3.138799835485876E-012   113.000000000000     
   70.0000000000000      -4.290102387180834E-012   114.000000000000     
   70.0000000000000      -5.387395295954809E-012   115.000000000000     
   70.0000000000000      -6.801542642889855E-012   116.000000000000     
   70.0000000000000      -8.066064379331054E-012   117.000000000000     
   70.0000000000000      -9.560961084752398E-012   118.000000000000     
   70.0000000000000      -1.088701858195224E-011   119.000000000000     
   70.0000000000000      -1.241732147594428E-011   120.000000000000     
   70.0000000000000      -1.397784923247333E-011   121.000000000000     
   70.0000000000000      -1.567982050164399E-011   122.000000000000     
   70.0000000000000      -1.726532708492810E-011   123.000000000000     
   70.0000000000000      -1.890113190301173E-011   124.000000000000     
   70.0000000000000      -2.061345213585859E-011   125.000000000000     
   70.0000000000000      -2.220688696952053E-011   126.000000000000     
   70.0000000000000      -2.387502825855751E-011   127.000000000000     
   70.0000000000000      -2.554920377767190E-011   128.000000000000     
   70.0000000000000      -2.720671879371211E-011   129.000000000000     
   70.0000000000000      -2.889172801631848E-011   130.000000000000     
   70.0000000000000      -3.053383312456537E-011   131.000000000000     
   70.0000000000000      -3.221639965566886E-011   132.000000000000     
   70.0000000000000      -3.376105551151189E-011   133.000000000000     
   70.0000000000000      -3.524371566699466E-011   134.000000000000     
   70.0000000000000      -3.672440283954185E-011   135.000000000000     
   70.0000000000000      -3.812199146412453E-011   136.000000000000     
   70.0000000000000      -3.947017778398052E-011   137.000000000000     
   70.0000000000000      -4.075654096673912E-011   138.000000000000     
   70.0000000000000      -4.198138254190131E-011   139.000000000000     
   70.0000000000000      -4.308081755830167E-011   140.000000000000     
   70.0000000000000      -4.411498705403582E-011   141.000000000000     
   70.0000000000000      -4.504249241830949E-011   142.000000000000     
   70.0000000000000      -4.586985239823764E-011   143.000000000000     
   70.0000000000000      -4.659679898925390E-011   144.000000000000     
   70.0000000000000      -4.720889672625795E-011   145.000000000000     
   70.0000000000000      -4.770987316294296E-011   146.000000000000     
   70.0000000000000      -4.809033763643274E-011   147.000000000000     
   70.0000000000000      -4.834689439869412E-011   148.000000000000     
   70.0000000000000      -4.847620550212953E-011   149.000000000000     
   70.0000000000000      -4.847422463175836E-011   150.000000000000     
   70.0000000000000      -4.833841190775735E-011   151.000000000000     
   70.0000000000000      -4.806559888390118E-011   152.000000000000     
   70.0000000000000      -4.765312869032468E-011   153.000000000000     
   70.0000000000000      -4.709854700769590E-011   154.000000000000     
   70.0000000000000      -4.639964363877850E-011   155.000000000000     
   70.0000000000000      -4.555449038725045E-011   156.000000000000     
   70.0000000000000      -4.456156003940902E-011   157.000000000000     
   70.0000000000000      -4.341957929001127E-011   158.000000000000     
   70.0000000000000      -4.212656638077157E-011   159.000000000000     
   70.0000000000000      -4.068615516161886E-011   160.000000000000     
   70.0000000000000      -3.909439940465124E-011   161.000000000000     
   70.0000000000000      -3.735574664767026E-011   162.000000000000     
   70.0000000000000      -3.546985607149103E-011   163.000000000000     
   70.0000000000000      -3.344151850313312E-011   164.000000000000     
   70.0000000000000      -3.127174195224211E-011   165.000000000000     
   70.0000000000000      -2.896994275135165E-011   166.000000000000     
   70.0000000000000      -2.654540989787891E-011   167.000000000000     
   70.0000000000000      -2.400266366642650E-011   168.000000000000     
   70.0000000000000      -2.136677204780321E-011   169.000000000000     
   70.0000000000000      -1.864809615960562E-011   170.000000000000     
   70.0000000000000      -1.587398024483627E-011   171.000000000000     
   70.0000000000000      -1.305153285919508E-011   172.000000000000     
   70.0000000000000      -1.024370678691680E-011   173.000000000000     
   70.0000000000000      -7.540127911457851E-012   174.000000000000     
   70.0000000000000      -4.888329327283941E-012   175.000000000000     
   70.0000000000000      -2.318542978208386E-012   176.000000000000     
   70.0000000000000      -3.643921229867348E-013   177.000000000000     
   70.0000000000000                          NaN   178.000000000000     
   70.0000000000000                          NaN   179.000000000000     
