   10.0000000000000      -7.166475147649794E-011   5.57052402574562     
   10.2000000000000      -5.335873112091061E-011   5.76119368532575     
   10.4000000000000      -2.684277528394128E-011   5.95247574025006     
   10.6000000000000       3.477907238333816E-012   6.14431299631567     
   10.8000000000000       3.267327875813117E-011   6.33665502888724     
   11.0000000000000       5.608488195102085E-011   6.52945722962867     
   11.2000000000000       7.006452628413154E-011   6.72268000666239     
   11.4000000000000       7.253878770663779E-011   6.91628811071419     
   11.6000000000000       6.331252245466836E-011   7.11025006514079     
   11.8000000000000       4.406753784750782E-011   7.30453768196611     
   12.0000000000000       1.806176390822835E-011   7.49912564941347     
   12.2000000000000      -1.041817162816078E-011   7.69399117910329     
   12.4000000000000      -3.675966641415652E-011   7.88911370323355     
   12.6000000000000      -5.676758774957967E-011   8.08447461378756     
   12.8000000000000      -6.732916821980111E-011   8.28005703720716     
   13.0000000000000      -6.689544304889074E-011   8.47584563909890     
   13.2000000000000      -5.570516753844304E-011   8.67182645445930     
   13.4000000000000      -3.571934102006539E-011   8.86798673965451     
   13.6000000000000      -1.028111420530377E-011   9.06431484300476     
   13.8000000000000       1.644052147451022E-011   9.26080009132821     
   14.0000000000000       4.013117679974986E-011   9.45743269021635     
   14.2000000000000       5.702503194624967E-011   9.65420363615772     
   14.4000000000000       6.450110748335936E-011   9.85110463891381     
   14.6000000000000       6.148777158697486E-011   10.0481280527896     
   14.8000000000000       4.861336019068018E-011   10.2452668156415     
   15.0000000000000       2.808222949509732E-011   10.4425143946328     
   15.2000000000000       3.299761565816825E-012   10.6398647378875     
   15.4000000000000      -2.169029042874462E-011   10.8373122313132     
   15.6000000000000      -4.286351344599658E-011   11.0348516599635     
   15.8000000000000      -5.686096408923735E-011   11.2324781733964     
   16.0000000000000      -6.152028129868069E-011   11.4301872545578     
   16.2000000000000      -5.620806336248784E-011   11.6279746917803     
   16.4000000000000      -4.190266595521706E-011   11.8258365535429     
   16.6000000000000      -2.101719552588071E-011   12.0237691656793     
   16.8000000000000       3.005759171484506E-012   12.2217690907645     
   17.0000000000000       2.625989377079172E-011   12.4198331094422     
   17.2000000000000       4.500875030509831E-011   12.6179582034822     
   17.4000000000000       5.628457750854743E-011   12.8161415403877     
   17.6000000000000       5.835673966905014E-011   13.0143804593872     
   17.8000000000000       5.099594585678209E-011   13.2126724586704     
   18.0000000000000       3.549416853514162E-011   13.4110151837412     
   18.2000000000000       1.443978139491160E-011   13.6094064167753     
   18.4000000000000      -8.713252809360880E-012   13.8078440668843     
   18.6000000000000      -3.021066963803684E-011   14.0063261611966     
   18.8000000000000      -4.660536719232648E-011   14.2048508366772     
   19.0000000000000      -5.530896036361016E-011   14.4034163326163     
   19.2000000000000      -5.499935599835952E-011   14.6020209837236     
   19.4000000000000      -4.582033256441483E-011   14.8006632137730     
   19.6000000000000      -2.934319173995955E-011   14.9993415297460     
   19.8000000000000      -8.299092033141270E-012   15.1980545164304     
   20.0000000000000       1.387255571423739E-011   15.3968008314331     
   20.2000000000000       3.358513980150905E-011   15.5955792005698     
   20.4000000000000       4.768400087262465E-011   15.7943884136004     
   20.6000000000000       5.395033133599827E-011   15.9932273202785     
   20.8000000000000       5.144947801332548E-011   16.1920948266903     
   21.0000000000000       4.066910569340659E-011   16.3909898918570     
   21.2000000000000       2.342700117791136E-011   16.5899115245799     
   21.4000000000000       2.565545264820536E-012   16.7888587805073     
   21.6000000000000      -1.851595927360938E-011   16.9878307594067     
   21.8000000000000      -3.641430410628151E-011   17.1868266026242     
   22.0000000000000      -4.827091242668058E-011   17.3858454907174     
   22.2000000000000      -5.222761553486948E-011   17.5848866412476     
   22.4000000000000      -4.771711753828208E-011   17.7839493067191     
   22.6000000000000      -3.554285757307097E-011   17.9830327726550     
   22.8000000000000      -1.773728444461123E-011   18.1821363557975     
   23.0000000000000       2.776670689918737E-012   18.3812594024251     
   23.2000000000000       2.266466862691083E-011   18.5804012867771     
   23.4000000000000       3.872218576062584E-011   18.7795614095776     
   23.6000000000000       4.839015591288766E-011   18.9787391966518     
   23.8000000000000       5.016216775248052E-011   19.1779340976278     
   24.0000000000000       4.381852263955247E-011   19.3771455847187     
   24.2000000000000       3.045088905924748E-011   19.5763731515777     
   24.4000000000000       1.227532389900911E-011   19.7756163122224     
   24.6000000000000      -7.734456682245592E-012   19.9748746000236     
   24.8000000000000      -2.633297515156216E-011   20.1741475667522     
   25.0000000000000      -4.052876878351780E-011   20.3734347816838     
   25.2000000000000      -4.806496681169965E-011   20.5727358307531     
   25.4000000000000      -4.777755517290780E-011   20.7720503157579     
   25.6000000000000      -3.977453891982563E-011   20.9713778536082     
   25.8000000000000      -2.540852529697817E-011   21.1707180756165     
   26.0000000000000      -7.048761715044730E-012   21.3700706268291     
   26.2000000000000       1.230905774222806E-011   21.5694351653930     
   26.4000000000000       2.953104631093928E-011   21.7688113619582     
   26.6000000000000       4.185194938419778E-011   21.9681988991121     
   26.8000000000000       4.731865876160566E-011   22.1675974708442     
   27.0000000000000       4.509935834732278E-011   22.3670067820396     
   27.2000000000000       3.560943959017044E-011   22.5664265479990     
   27.4000000000000       2.043523314507664E-011   22.7658564939837     
   27.6000000000000       2.069346943221149E-012   22.9652963547847     
   27.8000000000000      -1.649831765832425E-011   23.1647458743134     
   28.0000000000000      -3.226684346215432E-011   23.3642048052132     
   28.2000000000000      -4.270885657957391E-011   23.5636729084914     
   28.4000000000000      -4.617519693120161E-011   23.7631499531691     
   28.6000000000000      -4.215497114525311E-011   23.9626357159481     
   28.8000000000000      -3.135004384587225E-011   24.1621299808949     
   29.0000000000000      -1.555324495650778E-011   24.3616325391400     
   29.2000000000000       2.648688443753179E-012   24.5611431885919     
   29.4000000000000       2.029828541928571E-011   24.7606617336642     
   29.6000000000000       3.454746829147507E-011   24.9601879850167     
   29.8000000000000       4.311675359925655E-011   25.1597217593081     
   30.0000000000000       4.465955044516132E-011   25.3592628789606     
   30.2000000000000       3.897339110122459E-011   25.5588111719355     
   30.4000000000000       2.702501833823182E-011   25.7583664715192     
   30.6000000000000       1.078651349414527E-011   25.9579286161187     
   30.8000000000000      -7.089836159568575E-012   26.1574974490669     
   31.0000000000000      -2.370438663750179E-011   26.3570728184366     
   31.2000000000000      -3.638012136546803E-011   26.5566545768626     
   31.4000000000000      -4.309365067138130E-011   26.7562425813720     
   31.6000000000000      -4.279788858375718E-011   26.9558366932220     
   31.8000000000000      -3.558499700093128E-011   27.1554367777445     
   32.0000000000000      -2.266429873136979E-011   27.3550427041982     
   32.2000000000000      -6.159890881777313E-012   27.5546543456262     
   32.4000000000000       1.123823167224040E-011   27.7542715787204     
   32.6000000000000       2.671229289906454E-011   27.9538942836914     
   32.8000000000000       3.777278836426104E-011   28.1535223441441     
   33.0000000000000       4.265871248201319E-011   28.3531556469584     
   33.2000000000000       4.061766314159495E-011   28.5527940821748     
   33.4000000000000       3.202131337772125E-011   28.7524375428851     
   33.6000000000000       1.829859284669990E-011   28.9520859251270     
   33.8000000000000       1.698464497563840E-012   29.1517391277838     
   34.0000000000000      -1.507837072605135E-011   29.3513970524878     
   34.2000000000000      -2.931857427224710E-011   29.5510596035272     
   34.4000000000000      -3.873472889143495E-011   29.7507266877575     
   34.6000000000000      -4.183251507315669E-011   29.9503982145159     
   34.8000000000000      -3.814760568889692E-011   30.1500740955392     
   35.0000000000000      -2.831476309496881E-011   30.3497542448853     
   35.2000000000000      -1.395894158280289E-011   30.5494385788571     
   35.4000000000000       2.572993070846439E-012   30.7491270159299     
   35.6000000000000       1.859567619160016E-011   30.9488194766814     
   35.8000000000000       3.152119098240311E-011   31.1485158837246     
   36.0000000000000       3.927681770549214E-011   31.3482161616426     
   36.2000000000000       4.063718925896947E-011   31.5479202369269     
   36.4000000000000       3.541765992086061E-011   31.7476280379169     
   36.6000000000000       2.449841000068778E-011   31.9473394947429     
   36.8000000000000       9.676322830141608E-012   32.1470545392698     
   37.0000000000000      -6.630487854807092E-012   32.3467731050442     
   37.2000000000000      -2.177695092704201E-011   32.5464951272428     
   37.4000000000000      -3.331986191320317E-011   32.7462205426225     
   37.6000000000000      -3.941177241024416E-011   32.9459492894726     
   37.8000000000000      -3.909647641102847E-011   33.1456813075690     
   38.0000000000000      -3.245886378510509E-011   33.3454165381294     
   38.2000000000000      -2.060569407558896E-011   33.5451549237708     
   38.4000000000000      -5.481289278122005E-012   33.7448964084676     
   38.6000000000000       1.045120041926049E-011   33.9446409375123     
   38.8000000000000       2.461074072333577E-011   34.1443884574767     
   39.0000000000000       3.471633582772252E-011   34.3441389161746     
   39.2000000000000       3.915429145527277E-011   34.5438922626262     
   39.4000000000000       3.723571518465974E-011   34.7436484470234     
   39.6000000000000       2.930319247302962E-011   34.9434074206964     
   39.8000000000000       1.667016171971838E-011   35.1431691360812     
   40.0000000000000       1.403634643975066E-012   35.3429335466885     
   40.2000000000000      -1.401382600030443E-011   35.5427006070735     
   40.4000000000000      -2.708762386276503E-011   35.7424702728070     
   40.6000000000000      -3.571458352201016E-011   35.9422425004468     
   40.8000000000000      -3.852111961593207E-011   36.1420172475105     
   41.0000000000000      -3.508177295365828E-011   36.3417944724497     
   41.2000000000000      -2.598337095031797E-011   36.5415741346238     
   41.4000000000000      -1.272519392322121E-011   36.7413561942756     
   41.6000000000000       2.527914796444192E-012   36.9411406125077     
   41.8000000000000       1.729886696495286E-011   37.1409273512589     
   42.0000000000000       2.920043884935644E-011   37.3407163732824     
   42.2000000000000       3.632092403680910E-011   37.5405076421237     
   42.4000000000000       3.753105367342473E-011   37.7403011220999     
   42.6000000000000       3.266293249799500E-011   37.9400967782793     
   42.8000000000000       2.253266305801893E-011   38.1398945764619     
   43.0000000000000       8.803735090543139E-012   38.3396944831601     
   43.2000000000000      -6.285984967227701E-012   38.5394964655804     
   43.4000000000000      -2.028888302530827E-011   38.7393004916056     
   43.6000000000000      -3.094445856160337E-011   38.9391065297773     
   43.8000000000000      -3.654409464667326E-011   39.1389145492791     
   44.0000000000000      -3.620489801647391E-011   39.3387245199206     
   44.2000000000000      -3.000874229588351E-011   39.5385364121211     
   44.4000000000000      -1.898464307149920E-011   39.7383501968949     
   44.6000000000000      -4.938025260168535E-012   39.9381658458358     
   44.8000000000000       9.844815642885027E-012   40.1379833311031     
   45.0000000000000       2.296870287352292E-011   40.3378026254076     
   45.2000000000000       3.231751686416493E-011   40.5376237019978     
   45.4000000000000       3.639527204730695E-011   40.7374465346467     
   45.6000000000000       3.456537784419779E-011   40.9372710976395     
   45.8000000000000       2.714983725807614E-011   41.1370973657604     
   46.0000000000000       1.537295478938516E-011   41.3369253142814     
   46.2000000000000       1.159338397982249E-012   41.5367549189499     
   46.4000000000000      -1.318049896675491E-011   41.7365861559776     
   46.6000000000000      -2.532559974157677E-011   41.9364190020293     
   46.8000000000000      -3.332009223437503E-011   42.1362534342126     
   47.0000000000000      -3.588805060533859E-011   42.3360894300669     
   47.2000000000000      -3.263701624831382E-011   42.5359269675536     
   47.4000000000000      -2.411773568271309E-011   42.7357660250460     
   47.6000000000000      -1.173106262710648E-011   42.9356065813202     
   47.8000000000000       2.502270650521205E-012   43.1354486155452     
   48.0000000000000       1.627119443519839E-011   43.3352921072740     
   48.2000000000000       2.734943263833564E-011   43.5351370364352     
   48.4000000000000       3.395535197610623E-011   43.7349833833239     
   48.6000000000000       3.503838248098951E-011   43.9348311285937     
   48.8000000000000       3.044598048437074E-011   44.1346802532484     
   49.0000000000000       2.094461745493593E-011   44.3345307386342     
   49.2000000000000       8.091998736233227E-012   44.5343825664321     
   49.4000000000000      -6.018208080860264E-012   44.7342357186502     
   49.6000000000000      -1.909731974070398E-011   44.9340901776167     
   49.8000000000000      -2.903275454854880E-011   45.1339459259726     
   50.0000000000000      -3.422915995225980E-011   45.3338029466649     
   50.2000000000000      -3.386448372441292E-011   45.5336612229400     
   50.4000000000000      -2.801990206817767E-011   45.7335207383370     
   50.6000000000000      -1.766308796750988E-011   45.9333814766813     
   50.8000000000000      -4.488109812044535E-012   46.1332434220786     
   51.0000000000000       9.361569592700047E-012   46.3331065589087     
   51.2000000000000       2.164171678577779E-011   46.5329708718196     
   51.4000000000000       3.037088860891457E-011   46.7328363457221     
   51.6000000000000       3.415005036275194E-011   46.9327029657836     
   51.8000000000000       3.238670997358972E-011   47.1325707174232     
   52.0000000000000       2.538767486131716E-011   47.3324395863062     
   52.2000000000000       1.430593182957352E-011   47.5323095583389     
   52.4000000000000       9.508069540409705E-013   47.7321806196635     
   52.6000000000000      -1.250735322211909E-011   47.9320527566535     
   52.8000000000000      -2.388979218725882E-011   48.1319259559083     
   53.0000000000000      -3.136197314648924E-011   48.3318002042493     
   53.2000000000000      -3.372916985535219E-011   48.5316754887146     
   53.4000000000000      -3.062740507186040E-011   48.7315517965550     
   53.6000000000000      -2.257923497432667E-011   48.9314291152297     
   53.8000000000000      -1.090586011399499E-011   49.1313074324018     
   54.0000000000000       2.489678315409753E-012   49.3311867359342     
   54.2000000000000       1.543265454377593E-011   49.5310670138857     
   54.4000000000000       2.582963166352515E-011   49.7309482545071     
   54.6000000000000       3.200697643361828E-011   49.9308304462373     
   54.8000000000000       3.298019013181213E-011   50.1307135776993     
   55.0000000000000       2.861072572503700E-011   50.3305976376970     
   55.2000000000000       1.962532607292803E-011   50.5304826152114     
   55.4000000000000       7.495254637629560E-012   50.7303684993970     
   55.6000000000000      -5.804529006352180E-012   50.9302552795785     
   55.8000000000000      -1.811684243346846E-011   51.1301429452477     
   56.0000000000000      -2.745208781757897E-011   51.3300314860598     
   56.2000000000000      -3.230968205211998E-011   51.5299208918306     
   56.4000000000000      -3.191919316570112E-011   51.7298111525332     
   56.6000000000000      -2.636244519520390E-011   51.9297022582951     
   56.8000000000000      -1.655725349004953E-011   52.1295941993951     
   57.0000000000000      -4.105912550421109E-012   52.3294869662605     
   57.2000000000000       8.966565948065080E-012   52.5293805494645     
   57.4000000000000       2.054171378527610E-011   52.7292749397229     
   57.6000000000000       2.875084098441873E-011   52.9291701278918     
   57.8000000000000       3.227664584643439E-011   53.1290661049650     
   58.0000000000000       3.056453115554627E-011   53.3289628620712     
   58.2000000000000       2.390973895473722E-011   53.5288603904716     
   58.4000000000000       1.340663040176343E-011   53.7287586815574     
   58.6000000000000       7.687943130680985E-013   53.9286577268474     
   58.8000000000000      -1.195045698630253E-011   54.1285575179857     
   59.0000000000000      -2.269162579338946E-011   54.3284580467393     
   59.2000000000000      -2.972243299171253E-011   54.5283593049960     
   59.4000000000000      -3.191712556518820E-011   54.7282612847619     
   59.6000000000000      -2.893666337839340E-011   54.9281639781597     
   59.8000000000000      -2.128095518079069E-011   55.1280673774261     
   60.0000000000000      -1.020511920261057E-011   55.3279714749100     
   60.2000000000000       2.486222042224082E-012   55.5278762630706     
   60.4000000000000       1.473290989153918E-011   55.7277817344752     
   60.6000000000000       2.455360463513327E-011   55.9276878817973     
   60.8000000000000       3.036627388093091E-011   56.1275946978148     
   61.0000000000000       3.124298443125955E-011   56.3275021754080     
   61.2000000000000       2.705797217079366E-011   56.5274103075581     
   61.4000000000000       1.850537294373540E-011   56.7273190873450     
   61.6000000000000       6.984171103475922E-012   56.9272285079458     
   61.8000000000000      -5.630577655359928E-012   57.1271385626333     
   62.0000000000000      -1.729284700384763E-011   57.3270492447739     
   62.2000000000000      -2.611742962656628E-011   57.5269605478263     
   62.4000000000000      -3.068462184559153E-011   57.7268724653397     
   62.6000000000000      -3.026857003276445E-011   57.9267849909523     
   62.8000000000000      -2.495256033588479E-011   58.1266981183901     
   63.0000000000000      -1.561295092255626E-011   58.3266118414646     
   63.2000000000000      -3.774766864921684E-012   58.5265261540723     
   63.4000000000000       8.637258057731165E-012   58.7264410501925     
   63.6000000000000       1.961155987015491E-011   58.9263565238863     
   63.8000000000000       2.737569216341683E-011   59.1262725692952     
   64.0000000000000       3.068253685904941E-011   59.3261891806394     
   64.2000000000000       2.901057008425541E-011   59.5261063522170     
   64.4000000000000       2.264603234873398E-011   59.7260240784022     
   64.6000000000000       1.263406945846002E-011   59.9259423536443     
   64.8000000000000       6.071614647085038E-013   60.1258611724666     
   65.0000000000000      -1.148100452812491E-011   60.3257805294648     
   65.2000000000000      -2.167284236534255E-011   60.5257004193061     
   65.4000000000000      -2.832382900589326E-011   60.7256208367277     
   65.6000000000000      -3.036780868193933E-011   60.9255417765361     
   65.8000000000000      -2.748784676305310E-011   61.1254632336056     
   66.0000000000000      -2.016526180118224E-011   61.3253852028775     
   66.2000000000000      -9.599268729393143E-012   61.5253076793585     
   66.4000000000000       2.489364623841370E-012   61.7252306581203     
   66.6000000000000       1.413850944295385E-011   61.9251541342982     
   66.8000000000000       2.346310102996555E-011   62.1250781030899     
   67.0000000000000       2.896012971386427E-011   62.3250025597548     
   67.2000000000000       2.975086015520174E-011   62.5249274996131     
   67.4000000000000       2.572125147537547E-011   62.7248529180444     
   67.6000000000000       1.753814758741530E-011   62.9247788104871     
   67.8000000000000       6.538985788735388E-012   63.1247051724375     
   68.0000000000000      -5.486744998955904E-012   63.3246319994485     
   68.2000000000000      -1.658859368420405E-011   63.5245592871293     
   68.4000000000000      -2.497144160348957E-011   63.7244870311440     
   68.6000000000000      -2.928571828686076E-011   63.9244152272109     
   68.8000000000000      -2.884462689527929E-011   64.1243438711017     
   69.0000000000000      -2.373342204696669E-011   64.3242729586408     
   69.2000000000000      -1.479336137869842E-011   64.5242024857042     
   69.4000000000000      -3.483293158197089E-012   64.7241324482189     
   69.6000000000000       8.358355344591785E-012   64.9240628421620     
   69.8000000000000       1.881236438312482E-011   65.1239936635603     
   70.0000000000000       2.618973098192010E-011   65.3239249084886     
