   70.0000000000000       1.408565466806213E-012   70.0040738265156     
   70.0000000000000       4.909641830892079E-012   69.8295816139486     
   70.0000000000000       9.646907856098787E-012   69.6550793245736     
   70.0000000000000       1.501433516974638E-011   69.4807802872705     
   70.0000000000000       2.059285120078163E-011   69.3068991921666     
   70.0000000000000       2.609934990431005E-011   69.1336518377814     
   70.0000000000000       3.134748869074529E-011   68.9612548688046     
   70.0000000000000       3.621822320445988E-011   68.7899255045977     
   70.0000000000000       4.063858185896387E-011   68.6198812585503     
   70.0000000000000       4.456663263632480E-011   68.4513396484834     
   70.0000000000000       4.798113131198184E-011   68.2845178983411     
   70.0000000000000       5.087460037234127E-011   68.1196326314737     
   70.0000000000000       5.324884653013281E-011   67.9568995558777     
   70.0000000000000       5.511222029364508E-011   67.7965331418199     
   70.0000000000000       5.647803415796000E-011   67.6387462923434     
   70.0000000000000       5.736376871712950E-011   67.4837500072184     
   70.0000000000000       5.779078237187641E-011   67.3317530409723     
   70.0000000000000       5.778423435921701E-011   67.1829615557045     
   70.0000000000000       5.737318484572117E-011   67.0375787694636     
   70.0000000000000       5.659065276091847E-011   66.8958046010318     
   70.0000000000000       5.547361134024582E-011   66.7578353120351     
   70.0000000000000       5.406279906296568E-011   66.6238631473641     
   70.0000000000000       5.240237001940920E-011   66.4940759749539     
   70.0000000000000       5.053930760359916E-011   66.3686569260357     
   70.0000000000000       4.852256625619749E-011   66.2477840370281     
   70.0000000000000       4.640200729193283E-011   66.1316298942896     
   70.0000000000000       4.422703371345590E-011   66.0203612829977     
   70.0000000000000       4.204504836232378E-011   65.9141388414616     
   70.0000000000000       3.989977677491529E-011   65.8131167222044     
   70.0000000000000       3.782954238861247E-011   65.7174422611752     
   70.0000000000000       3.586572571111538E-011   65.6272556564630     
   70.0000000000000       3.403157863683226E-011   65.5426896578908     
   70.0000000000000       3.234169260833182E-011   65.4638692688584     
   70.0000000000000       3.080226866585521E-011   65.3909114617869     
   70.0000000000000       2.941233817851741E-011   65.3239249084886     
   70.0000000000000       2.816578910929990E-011   65.2630097267464     
   70.0000000000000       2.705393562551020E-011   65.2082572443335     
   70.0000000000000       2.606820256561277E-011   65.1597497816467     
   70.0000000000000       2.520243553346640E-011   65.1175604540460     
   70.0000000000000       2.445444133159862E-011   65.0817529949175     
   70.0000000000000       2.382648144398075E-011   65.0523816003757     
   70.0000000000000       2.332464547430842E-011   65.0294907964241     
   70.0000000000000       2.295725801509950E-011   65.0131153292789     
   70.0000000000000       2.273268187665209E-011   65.0032800794439     
   70.0000000000000       2.265707003134421E-011   65.0000000000000     
   70.0000000000000       2.273268187665208E-011   65.0032800794439     
   70.0000000000000       2.295725801509950E-011   65.0131153292789     
   70.0000000000000       2.332464547430842E-011   65.0294907964241     
   70.0000000000000       2.382648144398074E-011   65.0523816003757     
   70.0000000000000       2.445444133159862E-011   65.0817529949175     
   70.0000000000000       2.520243553346640E-011   65.1175604540460     
   70.0000000000000       2.606820256561277E-011   65.1597497816467     
   70.0000000000000       2.705393562551020E-011   65.2082572443335     
   70.0000000000000       2.816578910929990E-011   65.2630097267464     
   70.0000000000000       2.941233817851742E-011   65.3239249084886     
   70.0000000000000       3.080226866585521E-011   65.3909114617869     
   70.0000000000000       3.234169260833182E-011   65.4638692688584     
   70.0000000000000       3.403157863683225E-011   65.5426896578908     
   70.0000000000000       3.586572571111538E-011   65.6272556564630     
   70.0000000000000       3.782954238861248E-011   65.7174422611752     
   70.0000000000000       3.989977677491530E-011   65.8131167222044     
   70.0000000000000       4.204504836232379E-011   65.9141388414616     
   70.0000000000000       4.422703371345590E-011   66.0203612829977     
   70.0000000000000       4.640200729193282E-011   66.1316298942896     
   70.0000000000000       4.852256625619749E-011   66.2477840370281     
   70.0000000000000       5.053930760359916E-011   66.3686569260357     
   70.0000000000000       5.240237001940920E-011   66.4940759749539     
   70.0000000000000       5.406279906296566E-011   66.6238631473641     
   70.0000000000000       5.547361134024581E-011   66.7578353120351     
   70.0000000000000       5.659065276091851E-011   66.8958046010318     
   70.0000000000000       5.737318484572116E-011   67.0375787694636     
   70.0000000000000       5.778423435921703E-011   67.1829615557045     
   70.0000000000000       5.779078237187640E-011   67.3317530409723     
   70.0000000000000       5.736376871712951E-011   67.4837500072184     
   70.0000000000000       5.647803415795998E-011   67.6387462923434     
   70.0000000000000       5.511222029364508E-011   67.7965331418199     
   70.0000000000000       5.324884653013279E-011   67.9568995558777     
   70.0000000000000       5.087460037234127E-011   68.1196326314737     
   70.0000000000000       4.798113131198179E-011   68.2845178983411     
   70.0000000000000       4.456663263632480E-011   68.4513396484834     
   70.0000000000000       4.063858185896388E-011   68.6198812585503     
   70.0000000000000       3.621822320445989E-011   68.7899255045977     
   70.0000000000000       3.134748869074530E-011   68.9612548688046     
   70.0000000000000       2.609934990431006E-011   69.1336518377814     
   70.0000000000000       2.059285120078163E-011   69.3068991921666     
   70.0000000000000       1.501433516974637E-011   69.4807802872705     
   70.0000000000000       9.646907856098774E-012   69.6550793245736     
   70.0000000000000       4.909641830892095E-012   69.8295816139486     
   70.0000000000000       1.408565466806220E-012   70.0040738265156     
