   10.0000000000000      -6.146417199670346E-011   70.0000000000000     
   10.2000000000000      -4.872342311116671E-011   70.0000000000000     
   10.4000000000000      -2.817393800675061E-011   70.0000000000000     
   10.6000000000000      -3.286488369855733E-012   70.0000000000000     
   10.8000000000000       2.181261788347963E-011   70.0000000000000     
   11.0000000000000       4.302291914736112E-011   70.0000000000000     
   11.2000000000000       5.693621555828723E-011   70.0000000000000     
   11.4000000000000       6.138039428011843E-011   70.0000000000000     
   11.6000000000000       5.575456583147468E-011   70.0000000000000     
   11.8000000000000       4.110446204568788E-011   70.0000000000000     
   12.0000000000000       1.992977228346868E-011   70.0000000000000     
   12.2000000000000      -4.241491999089154E-012   70.0000000000000     
   12.4000000000000      -2.743940621636183E-011   70.0000000000000     
   12.6000000000000      -4.590219056134758E-011   70.0000000000000     
   12.8000000000000      -5.668388090912622E-011   70.0000000000000     
   13.0000000000000      -5.812188630367622E-011   70.0000000000000     
   13.2000000000000      -5.009065865648208E-011   70.0000000000000     
   13.4000000000000      -3.400322416119522E-011   70.0000000000000     
   13.6000000000000      -1.256354598669115E-011   70.0000000000000     
   13.8000000000000       1.068710911701981E-011   70.0000000000000     
   14.0000000000000       3.195390320863774E-011   70.0000000000000     
   14.2000000000000       4.780629107162119E-011   70.0000000000000     
   14.4000000000000       5.572970607704915E-011   70.0000000000000     
   14.6000000000000       5.452264980526021E-011   70.0000000000000     
   14.8000000000000       4.447677885990479E-011   70.0000000000000     
   15.0000000000000       2.731335385634170E-011   70.0000000000000     
   15.2000000000000       5.889067581509183E-012   70.0000000000000     
   15.4000000000000      -1.627863350548236E-011   70.0000000000000     
   15.6000000000000      -3.558802768218526E-011   70.0000000000000     
   15.8000000000000      -4.893711426667681E-011   70.0000000000000     
   16.0000000000000      -5.422065378064747E-011   70.0000000000000     
   16.2000000000000      -5.066083148622693E-011   70.0000000000000     
   16.4000000000000      -3.891983126103839E-011   70.0000000000000     
   16.6000000000000      -2.097836607599096E-011   70.0000000000000     
   16.8000000000000       1.978277813234455E-013   70.0000000000000     
   17.0000000000000       2.114750678125031E-011   70.0000000000000     
   17.2000000000000       3.847878875853085E-011   70.0000000000000     
   17.4000000000000       4.941734826055315E-011   70.0000000000000     
   17.6000000000000       5.224950893101212E-011   70.0000000000000     
   17.8000000000000       4.658963529577230E-011   70.0000000000000     
   18.0000000000000       3.343027914302881E-011   70.0000000000000     
   18.2000000000000       1.496901493483649E-011   70.0000000000000     
   18.4000000000000      -5.757979625689690E-012   70.0000000000000     
   18.6000000000000      -2.537461006302017E-011   70.0000000000000     
   18.8000000000000      -4.071403001414244E-011   70.0000000000000     
   19.0000000000000      -4.932908759952720E-011   70.0000000000000     
   19.2000000000000      -4.988191296319586E-011   70.0000000000000     
   19.4000000000000      -4.235075868197306E-011   70.0000000000000     
   19.6000000000000      -2.802226650986016E-011   70.0000000000000     
   19.8000000000000      -9.272268248803724E-012   70.0000000000000     
   20.0000000000000       1.082764382382692E-011   70.0000000000000     
   20.2000000000000       2.901272001817355E-011   70.0000000000000     
   20.4000000000000       4.235469218727453E-011   70.0000000000000     
   20.6000000000000       4.873263562639129E-011   70.0000000000000     
   20.8000000000000       4.716945059087589E-011   70.0000000000000     
   21.0000000000000       3.798069079513249E-011   70.0000000000000     
   21.2000000000000       2.271321369131441E-011   70.0000000000000     
   21.4000000000000       3.885260143834527E-012   70.0000000000000     
   21.6000000000000      -1.542844693302529E-011   70.0000000000000     
   21.8000000000000      -3.209830862775957E-011   70.0000000000000     
   22.0000000000000      -4.344641880094345E-011   70.0000000000000     
   22.2000000000000      -4.767619341458737E-011   70.0000000000000     
   22.4000000000000      -4.415622461035085E-011   70.0000000000000     
   22.6000000000000      -3.351360422836012E-011   70.0000000000000     
   22.8000000000000      -1.752308376860629E-011   70.0000000000000     
   23.0000000000000       1.188476075494838E-012   70.0000000000000     
   23.2000000000000       1.957321928816974E-011   70.0000000000000     
   23.4000000000000       3.465829113465638E-011   70.0000000000000     
   23.6000000000000       4.402607866429077E-011   70.0000000000000     
   23.8000000000000       4.620119525218200E-011   70.0000000000000     
   24.0000000000000       4.088234203798358E-011   70.0000000000000     
   24.2000000000000       2.898269018467433E-011   70.0000000000000     
   24.4000000000000       1.247362655917090E-011   70.0000000000000     
   24.6000000000000      -5.941486717466843E-012   70.0000000000000     
   24.8000000000000      -2.326961171270849E-011   70.0000000000000     
   25.0000000000000      -3.671409273598971E-011   70.0000000000000     
   25.2000000000000      -4.412560695898500E-011   70.0000000000000     
   25.4000000000000      -4.434536113521417E-011   70.0000000000000     
   25.6000000000000      -3.738579961811008E-011   70.0000000000000     
   25.8000000000000      -2.442071946475785E-011   70.0000000000000     
   26.0000000000000      -7.587677531348602E-012   70.0000000000000     
   26.2000000000000       1.036411224046077E-011   70.0000000000000     
   26.4000000000000       2.652244684468561E-011   70.0000000000000     
   26.6000000000000       3.828420316462077E-011   70.0000000000000     
   26.8000000000000       4.377434485553322E-011   70.0000000000000     
   27.0000000000000       4.214448077612890E-011   70.0000000000000     
   27.2000000000000       3.370349317549881E-011   70.0000000000000     
   27.4000000000000       1.986020071391601E-011   70.0000000000000     
   27.6000000000000       2.888528240190498E-012   70.0000000000000     
   27.8000000000000      -1.444572548979184E-011   70.0000000000000     
   28.0000000000000      -2.933531030786756E-011   70.0000000000000     
   28.2000000000000      -3.938583558476625E-011   70.0000000000000     
   28.4000000000000      -4.300049852556113E-011   70.0000000000000     
   28.6000000000000      -3.963346256329317E-011   70.0000000000000     
   28.8000000000000      -2.987173097511984E-011   70.0000000000000     
   29.0000000000000      -1.533332879638659E-011   70.0000000000000     
   29.2000000000000       1.600627950226802E-012   70.0000000000000     
   29.4000000000000       1.817565286072986E-011   70.0000000000000     
   29.6000000000000       3.171165762172223E-011   70.0000000000000     
   29.8000000000000       4.003602536194309E-011   70.0000000000000     
   30.0000000000000       4.183205485593426E-011   70.0000000000000     
   30.2000000000000       3.684693623233677E-011   70.0000000000000     
   30.4000000000000       2.592645493114229E-011   70.0000000000000     
   30.6000000000000       1.087182319454898E-011   70.0000000000000     
   30.8000000000000      -5.857180115087195E-012   70.0000000000000     
   31.0000000000000      -2.154387436448498E-011   70.0000000000000     
   31.2000000000000      -3.365559761437699E-011   70.0000000000000     
   31.4000000000000      -4.025236210208688E-011   70.0000000000000     
   31.6000000000000      -4.029734700415602E-011   70.0000000000000     
   31.8000000000000      -3.381957341699852E-011   70.0000000000000     
   32.0000000000000      -2.190328398939251E-011   70.0000000000000     
   32.2000000000000      -6.506709963359783E-012   70.0000000000000     
   32.4000000000000       9.859521901608020E-012   70.0000000000000     
   32.6000000000000       2.454156346792450E-011   70.0000000000000     
   32.8000000000000       3.517245088900805E-011   70.0000000000000     
   33.0000000000000       4.005347217269684E-011   70.0000000000000     
   33.2000000000000       3.842538614090558E-011   70.0000000000000     
   33.4000000000000       3.058622443569662E-011   70.0000000000000     
   33.6000000000000       1.783744755958963E-011   70.0000000000000     
   33.8000000000000       2.268078071033393E-012   70.0000000000000     
   34.0000000000000      -1.358741811933653E-011   70.0000000000000     
   34.2000000000000      -2.716150548953500E-011   70.0000000000000     
   34.4000000000000      -3.626914497421923E-011   70.0000000000000     
   34.6000000000000      -3.945932449303724E-011   70.0000000000000     
   34.8000000000000      -3.624603127213217E-011   70.0000000000000     
   35.0000000000000      -2.718193170625280E-011   70.0000000000000     
   35.2000000000000      -1.376365012720123E-011   70.0000000000000     
   35.4000000000000       1.815172094580756E-012   70.0000000000000     
   35.6000000000000       1.702232156408208E-011   70.0000000000000     
   35.8000000000000       2.939842058482261E-011   70.0000000000000     
   36.0000000000000       3.695448649533002E-011   70.0000000000000     
   36.2000000000000       3.849140677195332E-011   70.0000000000000     
   36.4000000000000       3.379004343702557E-011   70.0000000000000     
   36.6000000000000       2.364185837442084E-011   70.0000000000000     
   36.8000000000000       9.715892896603416E-012   70.0000000000000     
   37.0000000000000      -5.715577598542035E-012   70.0000000000000     
   37.2000000000000      -2.014764516020325E-011   70.0000000000000     
   37.4000000000000      -3.124920979497401E-011   70.0000000000000     
   37.6000000000000      -3.723933831881313E-011   70.0000000000000     
   37.8000000000000      -3.717280469243030E-011   70.0000000000000     
   38.0000000000000      -3.108905619188405E-011   70.0000000000000     
   38.2000000000000      -2.000115890529534E-011   70.0000000000000     
   38.4000000000000      -5.727270660734525E-012   70.0000000000000     
   38.6000000000000       9.407351396192790E-012   70.0000000000000     
   38.8000000000000       2.294899212552537E-011   70.0000000000000     
   39.0000000000000       3.271313596096114E-011   70.0000000000000     
   39.2000000000000       3.713671993791671E-011   70.0000000000000     
   39.4000000000000       3.552820542425971E-011   70.0000000000000     
   39.6000000000000       2.817548335414675E-011   70.0000000000000     
   39.8000000000000       1.629480904569023E-011   70.0000000000000     
   40.0000000000000       1.829755373134683E-012   70.0000000000000     
   40.2000000000000      -1.286660608427427E-011   70.0000000000000     
   40.4000000000000      -2.541434725011990E-011   70.0000000000000     
   40.6000000000000      -3.379194895585484E-011   70.0000000000000     
   40.8000000000000      -3.666184506441974E-011   70.0000000000000     
   41.0000000000000      -3.358384156132079E-011   70.0000000000000     
   41.2000000000000      -2.508237971044222E-011   70.0000000000000     
   41.4000000000000      -1.255740817943892E-011   70.0000000000000     
   41.6000000000000       1.946024976018224E-012   70.0000000000000     
   41.8000000000000       1.607155975949988E-011   70.0000000000000     
   42.0000000000000       2.753423160306564E-011   70.0000000000000     
   42.2000000000000       3.448996238767584E-011   70.0000000000000     
   42.4000000000000       3.583210708382734E-011   70.0000000000000     
   42.6000000000000       3.136738790069122E-011   70.0000000000000     
   42.8000000000000       2.184326699114733E-011   70.0000000000000     
   43.0000000000000       8.822964540796102E-012   70.0000000000000     
   43.2000000000000      -5.571004881959297E-012   70.0000000000000     
   43.4000000000000      -1.900272062347631E-011   70.0000000000000     
   43.6000000000000      -2.930182137631007E-011   70.0000000000000     
   43.8000000000000      -3.481408607095272E-011   70.0000000000000     
   44.0000000000000      -3.466701927485712E-011   70.0000000000000     
   44.2000000000000      -2.890781925180183E-011   70.0000000000000     
   44.4000000000000      -1.849193315619149E-011   70.0000000000000     
   44.6000000000000      -5.124669858724267E-012   70.0000000000000     
   44.8000000000000       9.017893180199881E-012   70.0000000000000     
   45.0000000000000       2.164304938169796E-011   70.0000000000000     
   45.2000000000000       3.071303313485985E-011   70.0000000000000     
   45.4000000000000       3.477381937836464E-011   70.0000000000000     
   45.6000000000000       3.318811695949008E-011   70.0000000000000     
   45.8000000000000       2.623523743722014E-011   70.0000000000000     
   46.0000000000000       1.506221298580369E-011   70.0000000000000     
   46.2000000000000       1.494670166723411E-012   70.0000000000000     
   46.4000000000000      -1.226137362094020E-011   70.0000000000000     
   46.6000000000000      -2.397809746227256E-011   70.0000000000000     
   46.8000000000000      -3.176657625050869E-011   70.0000000000000     
   47.0000000000000      -3.438120871106162E-011   70.0000000000000     
   47.2000000000000      -3.141882665193194E-011   70.0000000000000     
   47.4000000000000      -2.338067351895259E-011   70.0000000000000     
   47.6000000000000      -1.158775601756972E-011   70.0000000000000     
   47.8000000000000       2.036162078041333E-012   70.0000000000000     
   48.0000000000000       1.527829063588407E-011   70.0000000000000     
   48.2000000000000       2.599611957662747E-011   70.0000000000000     
   48.4000000000000       3.246397318357653E-011   70.0000000000000     
   48.6000000000000       3.365077164630604E-011   70.0000000000000     
   48.8000000000000       2.938430612034226E-011   70.0000000000000     
   49.0000000000000       2.037586978147222E-011   70.0000000000000     
   49.2000000000000       8.101786160246866E-012   70.0000000000000     
   49.4000000000000      -5.438451208008892E-012   70.0000000000000     
   49.6000000000000      -1.804781852005203E-011   70.0000000000000     
   49.8000000000000      -2.768816078381508E-011   70.0000000000000     
   50.0000000000000      -3.280954977322668E-011   70.0000000000000     
   50.2000000000000      -3.259939168232238E-011   70.0000000000000     
   50.4000000000000      -2.711126054534672E-011   70.0000000000000     
   50.6000000000000      -1.725304725012226E-011   70.0000000000000     
   50.8000000000000      -4.636858619255449E-012   70.0000000000000     
   51.0000000000000       8.684532093970273E-012   70.0000000000000     
   51.2000000000000       2.055161061651160E-011   70.0000000000000     
   51.4000000000000       2.904811635245849E-011   70.0000000000000     
   51.6000000000000       3.281039559039309E-011   70.0000000000000     
   51.8000000000000       3.124618518089482E-011   70.0000000000000     
   52.0000000000000       2.462773748244009E-011   70.0000000000000     
   52.2000000000000       1.404466196677721E-011   70.0000000000000     
   52.4000000000000       1.224617223045536E-012   70.0000000000000     
   52.6000000000000      -1.174865207335879E-011   70.0000000000000     
   52.8000000000000      -2.277392734206017E-011   70.0000000000000     
   53.0000000000000      -3.007276470370400E-011   70.0000000000000     
   53.2000000000000      -3.247629608841888E-011   70.0000000000000     
   53.4000000000000      -2.961234345910533E-011   70.0000000000000     
   53.6000000000000      -2.196290435919955E-011   70.0000000000000     
   53.8000000000000      -1.078315396629070E-011   70.0000000000000     
   54.0000000000000       2.104444300451287E-012   70.0000000000000     
   54.2000000000000       1.460715845522625E-011   70.0000000000000     
   54.4000000000000       2.470174180958252E-011   70.0000000000000     
   54.6000000000000       3.076177376002679E-011   70.0000000000000     
   54.8000000000000       3.181963842473542E-011   70.0000000000000     
   55.0000000000000       2.772095320689909E-011   70.0000000000000     
   55.2000000000000       1.914681255935018E-011   70.0000000000000     
   55.4000000000000       7.500693339514792E-012   70.0000000000000     
   55.6000000000000      -5.321212947118766E-012   70.0000000000000     
   55.8000000000000      -1.723866819569764E-011   70.0000000000000     
   56.0000000000000      -2.632482075439562E-011   70.0000000000000     
   56.2000000000000      -3.111767969687333E-011   70.0000000000000     
   56.4000000000000      -3.085529119942384E-011   70.0000000000000     
   56.6000000000000      -2.559679647857817E-011   70.0000000000000     
   56.8000000000000      -1.621014993506538E-011   70.0000000000000     
   57.0000000000000      -4.228925314759923E-012   70.0000000000000     
   57.2000000000000       8.398177451432306E-012   70.0000000000000     
   57.4000000000000       1.962421910124583E-011   70.0000000000000     
   57.6000000000000       2.763578128650888E-011   70.0000000000000     
   57.8000000000000       3.114583989190111E-011   70.0000000000000     
   58.0000000000000       2.960046107897006E-011   70.0000000000000     
   58.2000000000000       2.326613410938968E-011   70.0000000000000     
   58.4000000000000       1.318398604571862E-011   70.0000000000000     
   58.6000000000000       9.987185909033779E-013   70.0000000000000     
   58.8000000000000      -1.130963603249820E-011   70.0000000000000     
   59.0000000000000      -2.174739989762470E-011   70.0000000000000     
   59.2000000000000      -2.863012208170454E-011   70.0000000000000     
   59.4000000000000      -3.085436004778637E-011   70.0000000000000     
   59.6000000000000      -2.807452753241730E-011   70.0000000000000     
   59.8000000000000      -2.075647474494887E-011   70.0000000000000     
   60.0000000000000      -1.009951285083563E-011   70.0000000000000     
   60.2000000000000       2.160080291406645E-012   70.0000000000000     
   60.4000000000000       1.403188849050383E-011   70.0000000000000     
   60.6000000000000       2.359445756210023E-011   70.0000000000000     
   60.8000000000000       2.930622841033137E-011   70.0000000000000     
   61.0000000000000       3.025399592717102E-011   70.0000000000000     
   61.2000000000000       2.629885700809010E-011   70.0000000000000     
   61.4000000000000       1.809633138879943E-011   70.0000000000000     
   61.6000000000000       6.987782916913796E-012   70.0000000000000     
   61.8000000000000      -5.218884789998742E-012   70.0000000000000     
   62.0000000000000      -1.654341164094257E-011   70.0000000000000     
   62.2000000000000      -2.515438196818094E-011   70.0000000000000     
   62.4000000000000      -2.966535228157840E-011   70.0000000000000     
   62.6000000000000      -2.935803218833238E-011   70.0000000000000     
   62.8000000000000      -2.429660005039988E-011   70.0000000000000     
   63.0000000000000      -1.531496962799502E-011   70.0000000000000     
   63.2000000000000      -3.879449512365920E-012   70.0000000000000     
   63.4000000000000       8.150594295546711E-012   70.0000000000000     
   63.6000000000000       1.882501464918446E-011   70.0000000000000     
   63.8000000000000       2.641896539454963E-011   70.0000000000000     
   64.0000000000000       2.971156639290576E-011   70.0000000000000     
   64.2000000000000       2.818213811702825E-011   70.0000000000000     
   64.4000000000000       2.209247205329788E-011   70.0000000000000     
   64.6000000000000       1.244214879341025E-011   70.0000000000000     
   64.8000000000000       8.045099880416329E-013   70.0000000000000     
   65.0000000000000      -1.092980704961600E-011   70.0000000000000     
   65.2000000000000      -2.085997380719823E-011   70.0000000000000     
   65.4000000000000      -2.738283733455524E-011   70.0000000000000     
   65.6000000000000      -2.945169329474418E-011   70.0000000000000     
   65.8000000000000      -2.674420254093378E-011   70.0000000000000     
   66.0000000000000      -1.971252055413320E-011   70.0000000000000     
   66.2000000000000      -9.507859196655087E-012   70.0000000000000     
   66.4000000000000       2.207944615529603E-012   70.0000000000000     
   66.6000000000000       1.353301773432725E-011   70.0000000000000     
   66.8000000000000       2.263414541878370E-011   70.0000000000000     
   67.0000000000000       2.804347446581286E-011   70.0000000000000     
   67.2000000000000       2.889521086943219E-011   70.0000000000000     
   67.4000000000000       2.506415013586832E-011   70.0000000000000     
   67.6000000000000       1.718388210384802E-011   70.0000000000000     
   67.8000000000000       6.542058914195251E-012   70.0000000000000     
   68.0000000000000      -5.129970266829092E-012   70.0000000000000     
   68.2000000000000      -1.593879668350055E-011   70.0000000000000     
   68.4000000000000      -2.413605448514792E-011   70.0000000000000     
   68.6000000000000      -2.840118439864211E-011   70.0000000000000     
   68.8000000000000      -2.805413368753551E-011   70.0000000000000     
   69.0000000000000      -2.316373948108707E-011   70.0000000000000     
   69.2000000000000      -1.453452957373366E-011   70.0000000000000     
   69.4000000000000      -3.574411099328006E-012   70.0000000000000     
   69.6000000000000       7.935000256341200E-012   70.0000000000000     
   69.8000000000000       1.812795068068091E-011   70.0000000000000     
   70.0000000000000       2.535696007800136E-011   70.0000000000000     
