   70.0000000000000                          NaN   2.00000000000000     
   70.0000000000000       5.428203251350955E-012   4.00000000000000     
   70.0000000000000       9.567042493821687E-012   6.00000000000000     
   70.0000000000000       1.509320200316601E-011   8.00000000000000     
   70.0000000000000       2.085748354449972E-011   10.0000000000000     
   70.0000000000000       2.653152742768437E-011   12.0000000000000     
   70.0000000000000       3.188459854081292E-011   14.0000000000000     
   70.0000000000000       3.681546214844744E-011   16.0000000000000     
   70.0000000000000       4.126184007486435E-011   18.0000000000000     
   70.0000000000000       4.519114329510485E-011   20.0000000000000     
   70.0000000000000       4.858990208027350E-011   22.0000000000000     
   70.0000000000000       5.145396918479381E-011   24.0000000000000     
   70.0000000000000       5.378881699366010E-011   26.0000000000000     
   70.0000000000000       5.560554143491488E-011   28.0000000000000     
   70.0000000000000       5.691949294295143E-011   30.0000000000000     
   70.0000000000000       5.774914558154658E-011   32.0000000000000     
   70.0000000000000       5.811622616439154E-011   34.0000000000000     
   70.0000000000000       5.804854610146467E-011   36.0000000000000     
   70.0000000000000       5.757573138195334E-011   38.0000000000000     
   70.0000000000000       5.672808704670415E-011   40.0000000000000     
   70.0000000000000       5.553244947611627E-011   42.0000000000000     
   70.0000000000000       5.404537983723282E-011   44.0000000000000     
   70.0000000000000       5.232748858809316E-011   46.0000000000000     
   70.0000000000000       5.039310360125730E-011   48.0000000000000     
   70.0000000000000       4.825821791768332E-011   50.0000000000000     
   70.0000000000000       4.601872234141980E-011   52.0000000000000     
   70.0000000000000       4.382405085196814E-011   54.0000000000000     
   70.0000000000000       4.163457571488701E-011   56.0000000000000     
   70.0000000000000       3.924971249419887E-011   58.0000000000000     
   70.0000000000000       3.727642517301072E-011   60.0000000000000     
   70.0000000000000       3.517301134863320E-011   62.0000000000000     
   70.0000000000000       3.327910242921637E-011   64.0000000000000     
   70.0000000000000       3.159526884466973E-011   66.0000000000000     
   70.0000000000000       3.008684354863081E-011   68.0000000000000     
   70.0000000000000       2.853113494547513E-011   70.0000000000000     
   70.0000000000000       2.719230063127643E-011   72.0000000000000     
   70.0000000000000       2.623397143760416E-011   74.0000000000000     
   70.0000000000000       2.541557632047482E-011   76.0000000000000     
   70.0000000000000       2.446098843307616E-011   78.0000000000000     
   70.0000000000000       2.383382384818134E-011   80.0000000000000     
   70.0000000000000       2.336798083725550E-011   82.0000000000000     
   70.0000000000000       2.297930221641575E-011   84.0000000000000     
   70.0000000000000       2.262527329373992E-011   86.0000000000000     
   70.0000000000000       2.255041270747134E-011   88.0000000000000     
   70.0000000000000       2.274361842399184E-011   90.0000000000000     
   70.0000000000000       2.293347438830862E-011   92.0000000000000     
   70.0000000000000       2.339075257353671E-011   94.0000000000000     
   70.0000000000000       2.390302318780908E-011   96.0000000000000     
   70.0000000000000       2.433017957754185E-011   98.0000000000000     
   70.0000000000000       2.506306208159440E-011   100.000000000000     
   70.0000000000000       2.595432565769649E-011   102.000000000000     
   70.0000000000000       2.698661631469489E-011   104.000000000000     
   70.0000000000000       2.786882988321660E-011   106.000000000000     
   70.0000000000000       2.894878682045373E-011   108.000000000000     
   70.0000000000000       3.027511465764239E-011   110.000000000000     
   70.0000000000000       3.160674315764840E-011   112.000000000000     
   70.0000000000000       3.318298406281013E-011   114.000000000000     
   70.0000000000000       3.485440657871987E-011   116.000000000000     
   70.0000000000000       3.646007773068683E-011   118.000000000000     
   70.0000000000000       3.843272649354396E-011   120.000000000000     
   70.0000000000000       4.039473202614388E-011   122.000000000000     
   70.0000000000000       4.251007183968884E-011   124.000000000000     
   70.0000000000000       4.456675753024252E-011   126.000000000000     
   70.0000000000000       4.661272801951571E-011   128.000000000000     
   70.0000000000000       4.877361304439459E-011   130.000000000000     
   70.0000000000000       5.067819401817245E-011   132.000000000000     
   70.0000000000000       5.245577813873233E-011   134.000000000000     
   70.0000000000000       5.406105707017905E-011   136.000000000000     
   70.0000000000000       5.539246039017244E-011   138.000000000000     
   70.0000000000000       5.644546052672223E-011   140.000000000000     
   70.0000000000000       5.716617662898281E-011   142.000000000000     
   70.0000000000000       5.751662050564183E-011   144.000000000000     
   70.0000000000000       5.746688752602074E-011   146.000000000000     
   70.0000000000000       5.698667195389359E-011   148.000000000000     
   70.0000000000000       5.604914669398680E-011   150.000000000000     
   70.0000000000000       5.463351091430086E-011   152.000000000000     
   70.0000000000000       5.272196242339265E-011   154.000000000000     
   70.0000000000000       5.030041950117404E-011   156.000000000000     
   70.0000000000000       4.735939114044695E-011   158.000000000000     
   70.0000000000000       4.389594230331996E-011   160.000000000000     
   70.0000000000000       3.991494270764911E-011   162.000000000000     
   70.0000000000000       3.543591628678110E-011   164.000000000000     
   70.0000000000000       3.049136487351325E-011   166.000000000000     
   70.0000000000000       2.515148002551992E-011   168.000000000000     
   70.0000000000000       1.954350841088772E-011   170.000000000000     
   70.0000000000000       1.384716442171821E-011   172.000000000000     
   70.0000000000000       8.561513146586702E-012   174.000000000000     
   70.0000000000000       4.967966480701017E-012   176.000000000000     
   70.0000000000000                          NaN   178.000000000000     
