   10.0000000000000       1.846153321505712E-011   70.0000000000000     
   10.2000000000000       4.111424571374311E-011   70.0000000000000     
   10.4000000000000       5.672553616443647E-011   70.0000000000000     
   10.6000000000000       6.284429842830983E-011   70.0000000000000     
   10.8000000000000       5.860411584405936E-011   70.0000000000000     
   11.0000000000000       4.483971299369419E-011   70.0000000000000     
   11.2000000000000       2.392553324677484E-011   70.0000000000000     
   11.4000000000000      -6.329803620552158E-013   70.0000000000000     
   11.6000000000000      -2.478538603940255E-011   70.0000000000000     
   11.8000000000000      -4.460198420315051E-011   70.0000000000000     
   12.0000000000000      -5.691037683069308E-011   70.0000000000000     
   12.2000000000000      -5.980027008868334E-011   70.0000000000000     
   12.4000000000000      -5.291672870071545E-011   70.0000000000000     
   12.6000000000000      -3.749740166925672E-011   70.0000000000000     
   12.8000000000000      -1.615121367962032E-011   70.0000000000000     
   13.0000000000000       7.582195513969150E-012   70.0000000000000     
   13.2000000000000       2.981812393234428E-011   70.0000000000000     
   13.4000000000000       4.696094572488490E-011   70.0000000000000     
   13.6000000000000       5.628355873225959E-011   70.0000000000000     
   13.8000000000000       5.635912063406654E-011   70.0000000000000     
   14.0000000000000       4.727708102597785E-011   70.0000000000000     
   14.2000000000000       3.061119576986868E-011   70.0000000000000     
   14.4000000000000       9.147658734093029E-012   70.0000000000000     
   14.6000000000000      -1.357987082086689E-011   70.0000000000000     
   14.8000000000000      -3.387093366691418E-011   70.0000000000000     
   15.0000000000000      -4.845943405766517E-011   70.0000000000000     
   15.2000000000000      -5.503788751825920E-011   70.0000000000000     
   15.4000000000000      -5.262086167794542E-011   70.0000000000000     
   15.6000000000000      -4.169062308119762E-011   70.0000000000000     
   15.8000000000000      -2.410380167722618E-011   70.0000000000000     
   16.0000000000000      -2.776708648015862E-012   70.0000000000000     
   16.2000000000000       1.879749927329630E-011   70.0000000000000     
   16.4000000000000       3.712002177963125E-011   70.0000000000000     
   16.6000000000000       4.925275728744478E-011   70.0000000000000     
   16.8000000000000       5.328830428876304E-011   70.0000000000000     
   17.0000000000000       4.864862947181157E-011   70.0000000000000     
   17.2000000000000       3.616583337643069E-011   70.0000000000000     
   17.4000000000000       1.793409708037931E-011   70.0000000000000     
   17.6000000000000      -3.041046071267120E-012   70.0000000000000     
   17.8000000000000      -2.333749206678464E-011   70.0000000000000     
   18.0000000000000      -3.967407786717912E-011   70.0000000000000     
   18.2000000000000      -4.944014092004423E-011   70.0000000000000     
   18.4000000000000      -5.111181016602482E-011   70.0000000000000     
   18.6000000000000      -4.448879779761877E-011   70.0000000000000     
   18.8000000000000      -3.071505953575545E-011   70.0000000000000     
   19.0000000000000      -1.208193065565935E-011   70.0000000000000     
   19.2000000000000       8.352511011669440E-012   70.0000000000000     
   19.4000000000000       2.726472407118057E-011   70.0000000000000     
   19.6000000000000       4.160556605158871E-011   70.0000000000000     
   19.8000000000000       4.909116663413535E-011   70.0000000000000     
   20.0000000000000       4.856590956556122E-011   70.0000000000000     
   20.2000000000000       4.017995434744967E-011   70.0000000000000     
   20.4000000000000       2.535417301375849E-011   70.0000000000000     
   20.6000000000000       6.539942299102549E-012   70.0000000000000     
   20.8000000000000      -1.318569521755721E-011   70.0000000000000     
   21.0000000000000      -3.062273043143246E-011   70.0000000000000     
   21.2000000000000      -4.296671694161085E-011   70.0000000000000     
   21.4000000000000      -4.825920885861307E-011   70.0000000000000     
   21.6000000000000      -4.569786041278744E-011   70.0000000000000     
   21.8000000000000      -3.575718664221228E-011   70.0000000000000     
   22.0000000000000      -2.010195739504465E-011   70.0000000000000     
   22.2000000000000      -1.308836196582825E-012   70.0000000000000     
   22.4000000000000       1.755726950094903E-011   70.0000000000000     
   22.6000000000000       3.344256825856696E-011   70.0000000000000     
   22.8000000000000       4.379817827633097E-011   70.0000000000000     
   23.0000000000000       4.698859467911609E-011   70.0000000000000     
   23.2000000000000       4.254945602982846E-011   70.0000000000000     
   23.4000000000000       3.125407079515415E-011   70.0000000000000     
   23.6000000000000       1.497936152204004E-011   70.0000000000000     
   23.8000000000000      -3.605640501669245E-012   70.0000000000000     
   24.0000000000000      -2.147711683809315E-011   70.0000000000000     
   24.2000000000000      -3.574801295580463E-011   70.0000000000000     
   24.4000000000000      -4.413398502736417E-011   70.0000000000000     
   24.6000000000000      -4.531861560778570E-011   70.0000000000000     
   24.8000000000000      -3.915957934586613E-011   70.0000000000000     
   25.0000000000000      -2.670354909809594E-011   70.0000000000000     
   25.2000000000000      -1.000876164712276E-011   70.0000000000000     
   25.4000000000000       8.194751187209827E-012   70.0000000000000     
   25.6000000000000       2.495123569385341E-011   70.0000000000000     
   25.8000000000000       3.755876862878990E-011   70.0000000000000     
   26.0000000000000       4.400454801703418E-011   70.0000000000000     
   26.2000000000000       4.328585804726752E-011   70.0000000000000     
   26.4000000000000       3.556558752994776E-011   70.0000000000000     
   26.6000000000000       2.213825753397338E-011   70.0000000000000     
   26.8000000000000       5.213295029954006E-012   70.0000000000000     
   27.0000000000000      -1.244822052128996E-011   70.0000000000000     
   27.2000000000000      -2.798366648952729E-011   70.0000000000000     
   27.4000000000000      -3.889252027461409E-011   70.0000000000000     
   27.6000000000000      -4.343849839468831E-011   70.0000000000000     
   27.8000000000000      -4.092557285640440E-011   70.0000000000000     
   28.0000000000000      -3.180404026506298E-011   70.0000000000000     
   28.2000000000000      -1.759056291967233E-011   70.0000000000000     
   28.4000000000000      -6.162689406875569E-013   70.0000000000000     
   28.6000000000000       1.635529847565696E-011   70.0000000000000     
   28.8000000000000       3.057781445831241E-011   70.0000000000000     
   29.0000000000000       3.976628110551285E-011   70.0000000000000     
   29.2000000000000       4.246384347282497E-011   70.0000000000000     
   29.4000000000000       3.827247424337947E-011   70.0000000000000     
   29.6000000000000       2.791104806865712E-011   70.0000000000000     
   29.8000000000000       1.309244704523304E-011   70.0000000000000     
   30.0000000000000      -3.759358025802514E-012   70.0000000000000     
   30.2000000000000      -1.990556189393720E-011   70.0000000000000     
   30.4000000000000      -3.273737970469493E-011   70.0000000000000     
   30.6000000000000      -4.019728981913134E-011   70.0000000000000     
   30.8000000000000      -4.110868928844002E-011   70.0000000000000     
   31.0000000000000      -3.536118607190998E-011   70.0000000000000     
   31.2000000000000      -2.392239402459378E-011   70.0000000000000     
   31.4000000000000      -8.675312064828306E-012   70.0000000000000     
   31.6000000000000       7.891428088268912E-012   70.0000000000000     
   31.8000000000000       2.308952836490629E-011   70.0000000000000     
   32.0000000000000       3.446701849844228E-011   70.0000000000000     
   32.2000000000000       4.020360648964533E-011   70.0000000000000     
   32.4000000000000       3.940167799551389E-011   70.0000000000000     
   32.6000000000000       3.222646105396522E-011   70.0000000000000     
   32.8000000000000       1.987351569904214E-011   70.0000000000000     
   33.0000000000000       4.369746770273082E-012   70.0000000000000     
   33.2000000000000      -1.175897786553023E-011   70.0000000000000     
   33.4000000000000      -2.589913142476778E-011   70.0000000000000     
   33.6000000000000      -3.577281394321852E-011   70.0000000000000     
   33.8000000000000      -3.980449950560401E-011   70.0000000000000     
   34.0000000000000      -3.737223153525704E-011   70.0000000000000     
   34.2000000000000      -2.890324988834866E-011   70.0000000000000     
   34.4000000000000      -1.579940011676309E-011   70.0000000000000     
   34.6000000000000      -2.052772899346243E-013   70.0000000000000     
   34.8000000000000       1.534257946609460E-011   70.0000000000000     
   35.0000000000000       2.832808861536004E-011   70.0000000000000     
   35.2000000000000       3.666260558252137E-011   70.0000000000000     
   35.4000000000000       3.902068185156783E-011   70.0000000000000     
   35.6000000000000       3.505065900973290E-011   70.0000000000000     
   35.8000000000000       2.542666842788179E-011   70.0000000000000     
   36.0000000000000       1.173442432279275E-011   70.0000000000000     
   36.2000000000000      -3.789884101323906E-012   70.0000000000000     
   36.4000000000000      -1.862463440282778E-011   70.0000000000000     
   36.6000000000000      -3.037218407331332E-011   70.0000000000000     
   36.8000000000000      -3.714621116581036E-011   70.0000000000000     
   37.0000000000000      -3.787443546479723E-011   70.0000000000000     
   37.2000000000000      -3.246816572947561E-011   70.0000000000000     
   37.4000000000000      -2.183189452560276E-011   70.0000000000000     
   37.6000000000000      -7.712162753898232E-012   70.0000000000000     
   37.8000000000000       7.589083453574626E-012   70.0000000000000     
   38.0000000000000       2.158962447843471E-011   70.0000000000000     
   38.2000000000000       3.202948080371116E-011   70.0000000000000     
   38.4000000000000       3.723556353759665E-011   70.0000000000000     
   38.6000000000000       3.638965038734200E-011   70.0000000000000     
   38.8000000000000       2.965679017721783E-011   70.0000000000000     
   39.0000000000000       1.815401653871736E-011   70.0000000000000     
   39.2000000000000       3.765176313279141E-012   70.0000000000000     
   39.4000000000000      -1.116745661745751E-011   70.0000000000000     
   39.6000000000000      -2.422432210918505E-011   70.0000000000000     
   39.8000000000000      -3.330047267702522E-011   70.0000000000000     
   40.0000000000000      -3.694477806583251E-011   70.0000000000000     
   40.2000000000000      -3.459179669857429E-011   70.0000000000000     
   40.4000000000000      -2.664928647817608E-011   70.0000000000000     
   40.6000000000000      -1.442784801383981E-011   70.0000000000000     
   40.8000000000000       7.520740873464155E-014   70.0000000000000     
   41.0000000000000       1.450214447476831E-011   70.0000000000000     
   41.2000000000000       2.651796314931317E-011   70.0000000000000     
   41.4000000000000       3.418818470473734E-011   70.0000000000000     
   41.6000000000000       3.629016309130877E-011   70.0000000000000     
   41.8000000000000       3.250784360427170E-011   70.0000000000000     
   42.0000000000000       2.347896647960843E-011   70.0000000000000     
   42.2000000000000       1.068772040408334E-011   70.0000000000000     
   42.4000000000000      -3.779114685122868E-012   70.0000000000000     
   42.6000000000000      -1.757248847303252E-011   70.0000000000000     
   42.8000000000000      -2.846238352917863E-011   70.0000000000000     
   43.0000000000000      -3.469822710174111E-011   70.0000000000000     
   43.2000000000000      -3.529018196100587E-011   70.0000000000000     
   43.4000000000000      -3.016613579311253E-011   70.0000000000000     
   43.6000000000000      -2.017951146886808E-011   70.0000000000000     
   43.8000000000000      -6.967262259867094E-012   70.0000000000000     
   44.0000000000000       7.318341288002119E-012   70.0000000000000     
   44.2000000000000       2.036020421522816E-011   70.0000000000000     
   44.4000000000000       3.005212101710229E-011   70.0000000000000     
   44.6000000000000       3.483880758139120E-011   70.0000000000000     
   44.8000000000000       3.396537335288707E-011   70.0000000000000     
   45.0000000000000       2.759623485750941E-011   70.0000000000000     
   45.2000000000000       1.678476113504175E-011   70.0000000000000     
   45.4000000000000       3.299171110955961E-012   70.0000000000000     
   45.6000000000000      -1.066655931797729E-011   70.0000000000000     
   45.8000000000000      -2.284953209324239E-011   70.0000000000000     
   46.0000000000000      -3.128448408195663E-011   70.0000000000000     
   46.2000000000000      -3.462070651528571E-011   70.0000000000000     
   46.4000000000000      -3.233823647368517E-011   70.0000000000000     
   46.6000000000000      -2.482873335301696E-011   70.0000000000000     
   46.8000000000000      -1.332848728530370E-011   70.0000000000000     
   47.0000000000000       2.850155070358856E-013   70.0000000000000     
   47.2000000000000       1.379951062164714E-011   70.0000000000000     
   47.4000000000000       2.502736268504428E-011   70.0000000000000     
   47.6000000000000       3.215958801003159E-011   70.0000000000000     
   47.8000000000000       3.405721728383544E-011   70.0000000000000     
   48.0000000000000       3.043308505293591E-011   70.0000000000000     
   48.2000000000000       2.189504622659148E-011   70.0000000000000     
   48.4000000000000       9.844156975929717E-012   70.0000000000000     
   48.6000000000000      -3.755146120710979E-012   70.0000000000000     
   48.8000000000000      -1.669518459130693E-011   70.0000000000000     
   49.0000000000000      -2.688333665438050E-011   70.0000000000000     
   49.2000000000000      -3.268036003267991E-011   70.0000000000000     
   49.4000000000000      -3.316405534649335E-011   70.0000000000000     
   49.6000000000000      -2.827587491748527E-011   70.0000000000000     
   49.8000000000000      -1.882718495055635E-011   70.0000000000000     
   50.0000000000000      -6.364690170441094E-012   70.0000000000000     
   50.2000000000000       7.082674325276795E-012   70.0000000000000     
   50.4000000000000       1.933397772426747E-011   70.0000000000000     
   50.6000000000000       2.840991840433620E-011   70.0000000000000     
   50.8000000000000       3.285251464822097E-011   70.0000000000000     
   51.0000000000000       3.195923892265112E-011   70.0000000000000     
   51.2000000000000       2.589400927959169E-011   70.0000000000000     
   51.4000000000000       1.565751910882776E-011   70.0000000000000     
   51.6000000000000       2.922216593249274E-012   70.0000000000000     
   51.8000000000000      -1.024086678621664E-011   70.0000000000000     
   52.0000000000000      -2.169883222895262E-011   70.0000000000000     
   52.2000000000000      -2.960244229090911E-011   70.0000000000000     
   52.4000000000000      -3.268449949728669E-011   70.0000000000000     
   52.6000000000000      -3.046294297610230E-011   70.0000000000000     
   52.8000000000000      -2.331612433303970E-011   70.0000000000000     
   53.0000000000000      -1.241852835877320E-011   70.0000000000000     
   53.2000000000000       4.521655888899695E-013   70.0000000000000     
   53.4000000000000       1.320499846414263E-011   70.0000000000000     
   53.6000000000000       2.377535319527067E-011   70.0000000000000     
   53.8000000000000       3.045913242792710E-011   70.0000000000000     
   54.0000000000000       3.218741432326512E-011   70.0000000000000     
   54.2000000000000       2.869733028870271E-011   70.0000000000000     
   54.4000000000000       2.057185975861666E-011   70.0000000000000     
   54.6000000000000       9.142549625778624E-012   70.0000000000000     
   54.8000000000000      -3.728624738751372E-012   70.0000000000000     
   55.0000000000000      -1.595253141818500E-011   70.0000000000000     
   55.2000000000000      -2.555190195575787E-011   70.0000000000000     
   55.4000000000000      -3.098109518039770E-011   70.0000000000000     
   55.6000000000000      -3.137490356093661E-011   70.0000000000000     
   55.8000000000000      -2.668636137250077E-011   70.0000000000000     
   56.0000000000000      -1.769161668171582E-011   70.0000000000000     
   56.2000000000000      -5.861522349913008E-012   70.0000000000000     
   56.4000000000000       6.878821814767115E-012   70.0000000000000     
   56.6000000000000       1.846327536033666E-011   70.0000000000000     
   56.8000000000000       2.701966487244945E-011   70.0000000000000     
   57.0000000000000       3.117228478368931E-011   70.0000000000000     
   57.2000000000000       3.026302412172333E-011   70.0000000000000     
   57.4000000000000       2.445558565067601E-011   70.0000000000000     
   57.6000000000000       1.470630595232857E-011   70.0000000000000     
   57.8000000000000       2.606734588704511E-012   70.0000000000000     
   58.0000000000000      -9.876125302680354E-012   70.0000000000000     
   58.2000000000000      -2.071952873808189E-011   70.0000000000000     
   58.4000000000000      -2.817269761746243E-011   70.0000000000000     
   58.6000000000000      -3.103944354122200E-011   70.0000000000000     
   58.8000000000000      -2.887009110265129E-011   70.0000000000000     
   59.0000000000000      -2.203191761277709E-011   70.0000000000000     
   59.2000000000000      -1.164709099723781E-011   70.0000000000000     
   59.4000000000000       5.914257330276190E-013   70.0000000000000     
   59.6000000000000       1.269581117376538E-011   70.0000000000000     
   59.8000000000000       2.270619736480745E-011   70.0000000000000     
   60.0000000000000       2.900794308297432E-011   70.0000000000000     
   60.2000000000000       3.059201592393055E-011   70.0000000000000     
   60.4000000000000       2.721650180733027E-011   70.0000000000000     
   60.6000000000000       1.944339910458028E-011   70.0000000000000     
   60.8000000000000       8.545126763694402E-012   70.0000000000000     
   61.0000000000000      -3.703713011884539E-012   70.0000000000000     
   61.2000000000000      -1.531524699810371E-011   70.0000000000000     
   61.4000000000000      -2.441089060956781E-011   70.0000000000000     
   61.6000000000000      -2.952522400200568E-011   70.0000000000000     
   61.8000000000000      -2.984203872545300E-011   70.0000000000000     
   62.0000000000000      -2.532454112325123E-011   70.0000000000000     
   62.2000000000000      -1.671895134899845E-011   70.0000000000000     
   62.4000000000000      -5.431298462655142E-012   70.0000000000000     
   62.6000000000000       6.702256246310482E-012   70.0000000000000     
   62.8000000000000       1.771405765781363E-011   70.0000000000000     
   63.0000000000000       2.582399370331220E-011   70.0000000000000     
   63.2000000000000       2.972721011014608E-011   70.0000000000000     
   63.4000000000000       2.880400835334092E-011   70.0000000000000     
   63.6000000000000       2.321817038476208E-011   70.0000000000000     
   63.8000000000000       1.388811953096967E-011   70.0000000000000     
   64.0000000000000       2.335963214739402E-012   70.0000000000000     
   64.2000000000000      -9.560778486397214E-012   70.0000000000000     
   64.4000000000000      -1.987427031518551E-011   70.0000000000000     
   64.6000000000000      -2.693871467277651E-011   70.0000000000000     
   64.8000000000000      -2.961935933361659E-011   70.0000000000000     
   65.0000000000000      -2.749472565573268E-011   70.0000000000000     
   65.2000000000000      -2.092280080881495E-011   70.0000000000000     
   65.4000000000000      -1.098081136707957E-011   70.0000000000000     
   65.6000000000000       7.113040690186741E-013   70.0000000000000     
   65.8000000000000       1.225480263022727E-011   70.0000000000000     
   66.0000000000000       2.178043867131036E-011   70.0000000000000     
   66.2000000000000       2.775110701587642E-011   70.0000000000000     
   66.4000000000000       2.920983524926603E-011   70.0000000000000     
   66.6000000000000       2.593312153790538E-011   70.0000000000000     
   66.8000000000000       1.846505548554848E-011   70.0000000000000     
   67.0000000000000       8.027033973892980E-012   70.0000000000000     
   67.2000000000000      -3.681956374190742E-012   70.0000000000000     
   67.4000000000000      -1.476183991701098E-011   70.0000000000000     
   67.6000000000000      -2.341974375985332E-011   70.0000000000000     
   67.8000000000000      -2.826006646675839E-011   70.0000000000000     
   68.0000000000000      -2.850940030879254E-011   70.0000000000000     
   68.2000000000000      -2.414006387354439E-011   70.0000000000000     
   68.4000000000000      -1.587252116128092E-011   70.0000000000000     
   68.6000000000000      -5.056630624879762E-012   70.0000000000000     
   68.8000000000000       6.548710313071472E-012   70.0000000000000     
   69.0000000000000       1.706156004301265E-011   70.0000000000000     
   69.2000000000000       2.478207094255714E-011   70.0000000000000     
   69.4000000000000       2.846730240440521E-011   70.0000000000000     
   69.6000000000000       2.753128624764667E-011   70.0000000000000     
   69.8000000000000       2.213814781269217E-011   70.0000000000000     
   70.0000000000000       1.317349227782238E-011   70.0000000000000     
