   70.0000000000000       9.992463713333876E-013   70.0040738265156     
   70.0000000000000       1.049950605818664E-012   69.8295816139486     
   70.0000000000000       1.107287359740571E-012   69.6550793245736     
   70.0000000000000       1.172230801679843E-012   69.4807802872705     
   70.0000000000000       1.245909332509275E-012   69.3068991921666     
   70.0000000000000       1.329736292300193E-012   69.1336518377814     
   70.0000000000000       1.425402569072999E-012   68.9612548688046     
   70.0000000000000       1.534923293853091E-012   68.7899255045977     
   70.0000000000000       1.660870240904361E-012   68.6198812585503     
   70.0000000000000       1.806305073840208E-012   68.4513396484834     
   70.0000000000000       1.975114701815602E-012   68.2845178983411     
   70.0000000000000       2.172129606047280E-012   68.1196326314737     
   70.0000000000000       2.403466654889729E-012   67.9568995558777     
   70.0000000000000       2.676893275948889E-012   67.7965331418199     
   70.0000000000000       3.002407829256885E-012   67.6387462923434     
   70.0000000000000       3.392984622792812E-012   67.4837500072184     
   70.0000000000000       3.865525062032334E-012   67.3317530409723     
   70.0000000000000       4.442308106685907E-012   67.1829615557045     
   70.0000000000000       5.152893070590050E-012   67.0375787694636     
   70.0000000000000       6.036511594299390E-012   66.8958046010318     
   70.0000000000000       7.145085943941289E-012   66.7578353120351     
   70.0000000000000       8.546468034538985E-012   66.6238631473641     
   70.0000000000000       1.032609523575048E-011   66.4940759749539     
   70.0000000000000       1.258335471795905E-011   66.3686569260357     
   70.0000000000000       1.541432054086245E-011   66.2477840370281     
   70.0000000000000       1.886864398185484E-011   66.1316298942896     
   70.0000000000000       2.287787593118107E-011   66.0203612829977     
   70.0000000000000       2.719408541805522E-011   65.9141388414616     
   70.0000000000000       3.142586356557323E-011   65.8131167222044     
   70.0000000000000       3.519563384374243E-011   65.7174422611752     
   70.0000000000000       3.828156238609303E-011   65.6272556564630     
   70.0000000000000       4.062120196009402E-011   65.5426896578908     
   70.0000000000000       4.222991383998126E-011   65.4638692688584     
   70.0000000000000       4.313461824496545E-011   65.3909114617869     
   70.0000000000000       4.335145757890161E-011   65.3239249084886     
   70.0000000000000       4.289057276228349E-011   65.2630097267464     
   70.0000000000000       4.176984443391392E-011   65.2082572443335     
   70.0000000000000       4.002908554931878E-011   65.1597497816467     
   70.0000000000000       3.774280785362354E-011   65.1175604540460     
   70.0000000000000       3.503255486064532E-011   65.0817529949175     
   70.0000000000000       3.208070234416550E-011   65.0523816003757     
   70.0000000000000       2.914613011425106E-011   65.0294907964241     
   70.0000000000000       2.657463144694570E-011   65.0131153292789     
   70.0000000000000       2.477670171058923E-011   65.0032800794439     
   70.0000000000000       2.412491256431375E-011   65.0000000000000     
   70.0000000000000       2.477670171063259E-011   65.0032800794439     
   70.0000000000000       2.657463144703961E-011   65.0131153292789     
   70.0000000000000       2.914613011440814E-011   65.0294907964241     
   70.0000000000000       3.208070234440166E-011   65.0523816003757     
   70.0000000000000       3.503255486097843E-011   65.0817529949175     
   70.0000000000000       3.774280785407313E-011   65.1175604540460     
   70.0000000000000       4.002908554990674E-011   65.1597497816467     
   70.0000000000000       4.176984443466652E-011   65.2082572443335     
   70.0000000000000       4.289057276323497E-011   65.2630097267464     
   70.0000000000000       4.335145758010022E-011   65.3239249084886     
   70.0000000000000       4.313461824648358E-011   65.3909114617869     
   70.0000000000000       4.222991384193113E-011   65.4638692688584     
   70.0000000000000       4.062120196265035E-011   65.5426896578908     
   70.0000000000000       3.828156238951885E-011   65.6272556564630     
   70.0000000000000       3.519563384839979E-011   65.7174422611752     
   70.0000000000000       3.142586357187932E-011   65.8131167222044     
   70.0000000000000       2.719408542635337E-011   65.9141388414616     
   70.0000000000000       2.287787594158558E-011   66.0203612829977     
   70.0000000000000       1.886864399420270E-011   66.1316298942896     
   70.0000000000000       1.541432055480871E-011   66.2477840370281     
   70.0000000000000       1.258335473311322E-011   66.3686569260357     
   70.0000000000000       1.032609525176352E-011   66.4940759749539     
   70.0000000000000       8.546468051133526E-012   66.6238631473641     
   70.0000000000000       7.145085960909705E-012   66.7578353120351     
   70.0000000000000       6.036511611490614E-012   66.8958046010318     
   70.0000000000000       5.152893087895730E-012   67.0375787694636     
   70.0000000000000       4.442308124028951E-012   67.1829615557045     
   70.0000000000000       3.865525079358232E-012   67.3317530409723     
   70.0000000000000       3.392984640063260E-012   67.4837500072184     
   70.0000000000000       3.002407846445264E-012   67.6387462923434     
   70.0000000000000       2.676893293037336E-012   67.7965331418199     
   70.0000000000000       2.403466671866379E-012   67.9568995558777     
   70.0000000000000       2.172129622904962E-012   68.1196326314737     
   70.0000000000000       1.975114718550495E-012   68.2845178983411     
   70.0000000000000       1.806305090451086E-012   68.4513396484834     
   70.0000000000000       1.660870257391784E-012   68.6198812585503     
   70.0000000000000       1.534923310218875E-012   68.7899255045977     
   70.0000000000000       1.425400185243045E-012   68.9612548688046     
   70.0000000000000       1.329736308432785E-012   69.1336518377814     
   70.0000000000000       1.245909348531488E-012   69.3068991921666     
   70.0000000000000       1.172230817596571E-012   69.4807802872705     
   70.0000000000000       1.107287375556614E-012   69.6550793245736     
   70.0000000000000       1.049950621539513E-012   69.8295816139486     
   70.0000000000000       9.992463869645035E-013   70.0040738265156     
