   70.0000000000000       1.048507878890696E-013   70.0040738265156     
   70.0000000000000      -1.010703996462882E-012   69.8295816139486     
   70.0000000000000       4.929259024124996E-013   69.6550793245736     
   70.0000000000000       1.057353875416481E-012   69.4807802872705     
   70.0000000000000      -2.718967522212580E-013   69.3068991921666     
   70.0000000000000      -1.295611633540775E-012   69.1336518377814     
   70.0000000000000      -1.119723518392677E-012   68.9612548688046     
   70.0000000000000      -3.758853719707583E-013   68.7899255045977     
   70.0000000000000       2.686267397751817E-013   68.6198812585503     
   70.0000000000000       5.649051663033969E-013   68.4513396484834     
   70.0000000000000       4.154360986877260E-013   68.2845178983411     
   70.0000000000000      -3.529219397593534E-013   68.1196326314737     
   70.0000000000000      -1.747499148790102E-012   67.9568995558777     
   70.0000000000000      -2.635457173551198E-012   67.7965331418199     
   70.0000000000000      -5.190466876147717E-013   67.6387462923434     
   70.0000000000000       3.303347704405241E-012   67.4837500072184     
   70.0000000000000      -4.290880850801827E-014   67.3317530409723     
   70.0000000000000      -3.775991232284173E-012   67.1829615557045     
   70.0000000000000       5.081453522721511E-012   67.0375787694636     
   70.0000000000000      -5.048675567461267E-012   66.8958046010318     
   70.0000000000000       5.536090588997861E-012   66.7578353120351     
   70.0000000000000      -7.582611985882202E-012   66.6238631473641     
   70.0000000000000       1.032075425532205E-011   66.4940759749539     
   70.0000000000000      -8.346108600301900E-012   66.3686569260357     
   70.0000000000000      -5.735584361695731E-012   66.2477840370281     
   70.0000000000000       1.850723348934177E-011   66.1316298942896     
   70.0000000000000       6.099805583324162E-012   66.0203612829977     
   70.0000000000000      -2.280178631947744E-011   65.9141388414616     
   70.0000000000000      -2.777373919491813E-011   65.8131167222044     
   70.0000000000000      -6.614227467878809E-012   65.7174422611752     
   70.0000000000000       2.059119682571556E-011   65.6272556564630     
   70.0000000000000       3.804842635413394E-011   65.5426896578908     
   70.0000000000000       4.141938514035296E-011   65.4638692688584     
   70.0000000000000       3.365070690473133E-011   65.3909114617869     
   70.0000000000000       1.987464894068128E-011   65.3239249084886     
   70.0000000000000       4.611779523380080E-012   65.2630097267464     
   70.0000000000000      -9.118489871922586E-012   65.2082572443335     
   70.0000000000000      -1.973848829011433E-011   65.1597497816467     
   70.0000000000000      -2.673615772497535E-011   65.1175604540460     
   70.0000000000000      -3.026872346734038E-011   65.0817529949175     
   70.0000000000000      -3.084993467914519E-011   65.0523816003757     
   70.0000000000000      -2.913736438016323E-011   65.0294907964241     
   70.0000000000000      -2.580428218471300E-011   65.0131153292789     
   70.0000000000000      -2.147327090809223E-011   65.0032800794439     
   70.0000000000000      -1.669081039714871E-011   65.0000000000000     
   70.0000000000000      -1.192654112072519E-011   65.0032800794439     
   70.0000000000000      -7.585367063585508E-012   65.0131153292789     
   70.0000000000000      -4.023930324827230E-012   65.0294907964241     
   70.0000000000000      -1.565203028304519E-012   65.0523816003757     
   70.0000000000000      -5.061760429714668E-013   65.0817529949175     
   70.0000000000000      -1.113646222997690E-012   65.1175604540460     
   70.0000000000000      -3.602161481710973E-012   65.1597497816467     
   70.0000000000000      -8.085450190675234E-012   65.2082572443335     
   70.0000000000000      -1.448791581775537E-011   65.2630097267464     
   70.0000000000000      -2.239588006927022E-011   65.3239249084886     
   70.0000000000000      -3.082425131166554E-011   65.3909114617869     
   70.0000000000000      -3.789538245239523E-011   65.4638692688584     
   70.0000000000000      -4.054574455807773E-011   65.5426896578908     
   70.0000000000000      -3.475503449817836E-011   65.6272556564630     
   70.0000000000000      -1.755408862470322E-011   65.7174422611752     
   70.0000000000000       7.684706790338788E-012   65.8131167222044     
   70.0000000000000       2.538316590774918E-011   65.9141388414616     
   70.0000000000000       1.574893066446042E-011   66.0203612829977     
   70.0000000000000      -1.173167153531266E-011   66.1316298942896     
   70.0000000000000      -1.067915658598638E-011   66.2477840370281     
   70.0000000000000       1.186490514671330E-011   66.3686569260357     
   70.0000000000000      -3.909897169740870E-012   66.4940759749539     
   70.0000000000000      -1.244882758553347E-012   66.6238631473641     
   70.0000000000000       2.577385772534578E-012   66.7578353120351     
   70.0000000000000      -1.663920853605227E-012   66.8958046010318     
   70.0000000000000      -6.297117312394855E-013   67.0375787694636     
   70.0000000000000       3.291159067824058E-012   67.1829615557045     
   70.0000000000000      -3.712200369912339E-012   67.3317530409723     
   70.0000000000000      -1.163762451622001E-013   67.4837500072184     
   70.0000000000000       2.991539824106421E-012   67.6387462923434     
   70.0000000000000       1.115998303562107E-012   67.7965331418199     
   70.0000000000000      -1.167509365126679E-012   67.9568995558777     
   70.0000000000000      -1.993039979897735E-012   68.1196326314737     
   70.0000000000000      -1.974198115296139E-012   68.2845178983411     
   70.0000000000000      -1.800722964657824E-012   68.4513396484834     
   70.0000000000000      -1.656278879954105E-012   68.6198812585503     
   70.0000000000000      -1.360119467277253E-012   68.7899255045977     
   70.0000000000000      -6.004190224908561E-013   68.9612548688046     
   70.0000000000000       5.874544793464292E-013   69.1336518377814     
   70.0000000000000       1.245860379953773E-012   69.3068991921666     
   70.0000000000000       2.547351852163062E-013   69.4807802872705     
   70.0000000000000      -1.076758817663150E-012   69.6550793245736     
   70.0000000000000      -5.196656203839552E-014   69.8295816139486     
   70.0000000000000       9.457238952093952E-013   70.0040738265156     
