   70.0000000000000       9.937301559789678E-013   70.0040738265156     
   70.0000000000000      -2.843830272589039E-013   69.8295816139486     
   70.0000000000000      -9.915187097438296E-013   69.6550793245736     
   70.0000000000000       5.060907374658398E-013   69.4807802872705     
   70.0000000000000       1.215879196698931E-012   69.3068991921666     
   70.0000000000000       2.993143867141513E-013   69.1336518377814     
   70.0000000000000      -8.820383927461601E-013   68.9612548688046     
   70.0000000000000      -1.488186717166642E-012   68.7899255045977     
   70.0000000000000      -1.639002633249705E-012   68.6198812585503     
   70.0000000000000      -1.715698159019998E-012   68.4513396484834     
   70.0000000000000      -1.930930069483423E-012   68.2845178983411     
   70.0000000000000      -2.143266929223611E-012   68.1196326314737     
   70.0000000000000      -1.650120809560528E-012   67.9568995558777     
   70.0000000000000       4.691727796855927E-013   67.7965331418199     
   70.0000000000000       2.957201939208611E-012   67.6387462923434     
   70.0000000000000       7.747506658978117E-013   67.4837500072184     
   70.0000000000000      -3.865286902592420E-012   67.3317530409723     
   70.0000000000000       2.340083658427704E-012   67.1829615557045     
   70.0000000000000       8.550655491575510E-013   67.0375787694636     
   70.0000000000000      -3.309130889316803E-012   66.8958046010318     
   70.0000000000000       4.517073625337172E-012   66.7578353120351     
   70.0000000000000      -3.942855733722987E-012   66.6238631473641     
   70.0000000000000      -3.320759236085320E-013   66.4940759749539     
   70.0000000000000       9.417180426749238E-012   66.3686569260357     
   70.0000000000000      -1.430749278407385E-011   66.2477840370281     
   70.0000000000000      -3.675327779256368E-012   66.1316298942896     
   70.0000000000000       2.204970700413413E-011   66.0203612829977     
   70.0000000000000       1.481879962633192E-011   65.9141388414616     
   70.0000000000000      -1.470388764832933E-011   65.8131167222044     
   70.0000000000000      -3.456854982011750E-011   65.7174422611752     
   70.0000000000000      -3.227197905311935E-011   65.6272556564630     
   70.0000000000000      -1.422671081651663E-011   65.5426896578908     
   70.0000000000000       8.234085105665888E-012   65.4638692688584     
   70.0000000000000       2.698564833297088E-011   65.3909114617869     
   70.0000000000000       3.852722678444404E-011   65.3239249084886     
   70.0000000000000       4.264191273271482E-011   65.2630097267464     
   70.0000000000000       4.076239745757130E-011   65.2082572443335     
   70.0000000000000       3.482412626234435E-011   65.1597497816467     
   70.0000000000000       2.664014667340982E-011   65.1175604540460     
   70.0000000000000       1.763758145896999E-011   65.0817529949175     
   70.0000000000000       8.800738218321242E-012   65.0523816003757     
   70.0000000000000       7.147710223890920E-013   65.0294907964241     
   70.0000000000000      -6.352169509128230E-012   65.0131153292789     
   70.0000000000000      -1.236056568944945E-011   65.0032800794439     
   70.0000000000000      -1.741919213173263E-011   65.0000000000000     
   70.0000000000000      -2.171733327444497E-011   65.0032800794439     
   70.0000000000000      -2.546906443230019E-011   65.0131153292789     
   70.0000000000000      -2.886702072239089E-011   65.0294907964241     
   70.0000000000000      -3.204249681891666E-011   65.0523816003757     
   70.0000000000000      -3.502889786877380E-011   65.0817529949175     
   70.0000000000000      -3.772637455149232E-011   65.1175604540460     
   70.0000000000000      -3.986667935283086E-011   65.1597497816467     
   70.0000000000000      -4.097981697507142E-011   65.2082572443335     
   70.0000000000000      -4.036956189031518E-011   65.2630097267464     
   70.0000000000000      -3.711837052245281E-011   65.3239249084886     
   70.0000000000000      -3.017384334726287E-011   65.3909114617869     
   70.0000000000000      -1.863613725758701E-011   65.4638692688584     
   70.0000000000000      -2.474802440910858E-012   65.5426896578908     
   70.0000000000000       1.604885030190811E-011   65.6272556564630     
   70.0000000000000       3.050551777214558E-011   65.7174422611752     
   70.0000000000000       3.047179323218265E-011   65.8131167222044     
   70.0000000000000       9.757723642094236E-012   65.9141388414616     
   70.0000000000000      -1.659422762663566E-011   66.0203612829977     
   70.0000000000000      -1.477814633732851E-011   66.1316298942896     
   70.0000000000000       1.111561481783091E-011   66.2477840370281     
   70.0000000000000       4.191043091983075E-012   66.3686569260357     
   70.0000000000000      -9.557245799420741E-012   66.4940759749539     
   70.0000000000000       8.455316851928299E-012   66.6238631473641     
   70.0000000000000      -6.664033010746968E-012   66.7578353120351     
   70.0000000000000       5.802657996866493E-012   66.8958046010318     
   70.0000000000000      -5.114271239465400E-012   67.0375787694636     
   70.0000000000000       2.983684544165670E-012   67.1829615557045     
   70.0000000000000       1.077892644362212E-012   67.3317530409723     
   70.0000000000000      -3.390988253779001E-012   67.4837500072184     
   70.0000000000000      -2.552300083873557E-013   67.6387462923434     
   70.0000000000000       2.433167788861831E-012   67.7965331418199     
   70.0000000000000       2.100850762218475E-012   67.9568995558777     
   70.0000000000000       8.636774497637919E-013   68.1196326314737     
   70.0000000000000       6.016604520804181E-014   68.2845178983411     
   70.0000000000000      -1.418974430475816E-013   68.4513396484834     
   70.0000000000000       1.234110355949830E-013   68.6198812585503     
   70.0000000000000       7.113821778669391E-013   68.7899255045977     
   70.0000000000000       1.292773253715450E-012   68.9612548688046     
   70.0000000000000       1.192935825876759E-012   69.1336518377814     
   70.0000000000000      -1.104619480165863E-014   69.3068991921666     
   70.0000000000000      -1.144218106453459E-012   69.4807802872705     
   70.0000000000000      -2.582165383001431E-013   69.6550793245736     
   70.0000000000000       1.048663808902129E-012   69.8295816139486     
   70.0000000000000      -3.226447828364549E-013   70.0040738265156     
