   70.0000000000000                          NaN   2.00000000000000     
   70.0000000000000       5.719305968545962E-013   4.00000000000000     
   70.0000000000000      -1.330583436672347E-012   6.00000000000000     
   70.0000000000000      -2.661049929073533E-013   8.00000000000000     
   70.0000000000000       1.295437255678603E-012   10.0000000000000     
   70.0000000000000       1.131012763595544E-012   12.0000000000000     
   70.0000000000000      -1.398439140263328E-013   14.0000000000000     
   70.0000000000000      -1.162218717557288E-012   16.0000000000000     
   70.0000000000000      -1.641018459924246E-012   18.0000000000000     
   70.0000000000000      -1.852394998930813E-012   20.0000000000000     
   70.0000000000000      -1.977457014516230E-012   22.0000000000000     
   70.0000000000000      -1.880965383920567E-012   24.0000000000000     
   70.0000000000000      -9.182001914742456E-013   26.0000000000000     
   70.0000000000000       1.257135731547627E-012   28.0000000000000     
   70.0000000000000       2.919178642714865E-012   30.0000000000000     
   70.0000000000000      -6.841730701035960E-015   32.0000000000000     
   70.0000000000000      -3.702869799930610E-012   34.0000000000000     
   70.0000000000000       2.778354663177310E-012   36.0000000000000     
   70.0000000000000       3.477755577784819E-013   38.0000000000000     
   70.0000000000000      -3.008836982047560E-012   40.0000000000000     
   70.0000000000000       4.435449671176538E-012   42.0000000000000     
   70.0000000000000      -4.204520209065939E-012   44.0000000000000     
   70.0000000000000       4.284597399547842E-013   46.0000000000000     
   70.0000000000000       8.806122306848361E-012   48.0000000000000     
   70.0000000000000      -1.567155072316832E-011   50.0000000000000     
   70.0000000000000      -1.478924041976981E-012   52.0000000000000     
   70.0000000000000       2.427234116774293E-011   54.0000000000000     
   70.0000000000000       1.360719789051769E-011   56.0000000000000     
   70.0000000000000      -1.738175720055298E-011   58.0000000000000     
   70.0000000000000      -3.606755611385728E-011   60.0000000000000     
   70.0000000000000      -3.203926623563589E-011   62.0000000000000     
   70.0000000000000      -1.299278138800664E-011   64.0000000000000     
   70.0000000000000       9.689357303689781E-012   66.0000000000000     
   70.0000000000000       2.814825030718148E-011   68.0000000000000     
   70.0000000000000       3.915431253888249E-011   70.0000000000000     
   70.0000000000000       4.269246135836706E-011   72.0000000000000     
   70.0000000000000       4.032337388451915E-011   74.0000000000000     
   70.0000000000000       3.400686678624266E-011   76.0000000000000     
   70.0000000000000       2.561700326934141E-011   78.0000000000000     
   70.0000000000000       1.655530732697799E-011   80.0000000000000     
   70.0000000000000       7.679139942731547E-012   82.0000000000000     
   70.0000000000000      -3.252002714308722E-013   84.0000000000000     
   70.0000000000000      -7.245359772014474E-012   86.0000000000000     
   70.0000000000000      -1.310198228505433E-011   88.0000000000000     
   70.0000000000000      -1.799074772221610E-011   90.0000000000000     
   70.0000000000000      -2.210007762913041E-011   92.0000000000000     
   70.0000000000000      -2.570182663962537E-011   94.0000000000000     
   70.0000000000000      -2.903788098315457E-011   96.0000000000000     
   70.0000000000000      -3.206236986911549E-011   98.0000000000000     
   70.0000000000000      -3.508529712721968E-011   100.000000000000     
   70.0000000000000      -3.781718141829588E-011   102.000000000000     
   70.0000000000000      -4.006415644764463E-011   104.000000000000     
   70.0000000000000      -4.133963753430472E-011   106.000000000000     
   70.0000000000000      -4.091867997770186E-011   108.000000000000     
   70.0000000000000      -3.793353817537388E-011   110.000000000000     
   70.0000000000000      -3.124795002919284E-011   112.000000000000     
   70.0000000000000      -1.997914467405342E-011   114.000000000000     
   70.0000000000000      -4.126844336570045E-012   116.000000000000     
   70.0000000000000       1.418416032426149E-011   118.000000000000     
   70.0000000000000       2.888767598713131E-011   120.000000000000     
   70.0000000000000       3.027640820900091E-011   122.000000000000     
   70.0000000000000       1.196000294857444E-011   124.000000000000     
   70.0000000000000      -1.359271681809255E-011   126.000000000000     
   70.0000000000000      -1.476443439607762E-011   128.000000000000     
   70.0000000000000       8.625484526396194E-012   130.000000000000     
   70.0000000000000       4.497248455801526E-012   132.000000000000     
   70.0000000000000      -8.194128652593583E-012   134.000000000000     
   70.0000000000000       7.002534756140870E-012   136.000000000000     
   70.0000000000000      -5.562901925014808E-012   138.000000000000     
   70.0000000000000       4.852103490212133E-012   140.000000000000     
   70.0000000000000      -4.047058262109807E-012   142.000000000000     
   70.0000000000000       1.828445459275186E-012   144.000000000000     
   70.0000000000000       1.664346437672699E-012   146.000000000000     
   70.0000000000000      -2.668912647045333E-012   148.000000000000     
   70.0000000000000      -1.123409095515233E-012   150.000000000000     
   70.0000000000000       1.505999223521609E-012   152.000000000000     
   70.0000000000000       2.141561439799203E-012   154.000000000000     
   70.0000000000000       1.525707108447590E-012   156.000000000000     
   70.0000000000000       9.977565082685077E-013   158.000000000000     
   70.0000000000000       8.276552977376463E-013   160.000000000000     
   70.0000000000000       1.037148670955574E-012   162.000000000000     
   70.0000000000000       1.385362584855854E-012   164.000000000000     
   70.0000000000000       1.394832241955664E-012   166.000000000000     
   70.0000000000000       5.560216914897127E-013   168.000000000000     
   70.0000000000000      -8.757213537995078E-013   170.000000000000     
   70.0000000000000      -1.034676432644734E-012   172.000000000000     
   70.0000000000000       6.761255688170412E-013   174.000000000000     
   70.0000000000000       8.886812834311563E-013   176.000000000000     
   70.0000000000000                          NaN   178.000000000000     
