   70.0000000000000       1.448389829438939E-012   11.0000000000000     
   70.0000000000000       1.487636388363765E-012   12.0000000000000     
   70.0000000000000       1.549035652965167E-012   13.0000000000000     
   70.0000000000000       1.588050019026721E-012   14.0000000000000     
   70.0000000000000       1.629267151620587E-012   15.0000000000000     
   70.0000000000000       1.675534457678791E-012   16.0000000000000     
   70.0000000000000       1.695457608068690E-012   17.0000000000000     
   70.0000000000000       1.759460762468552E-012   18.0000000000000     
   70.0000000000000       1.821569423850857E-012   19.0000000000000     
   70.0000000000000       1.875949297146473E-012   20.0000000000000     
   70.0000000000000       1.946212070255647E-012   21.0000000000000     
   70.0000000000000       2.029026855371810E-012   22.0000000000000     
   70.0000000000000       2.155340726015363E-012   23.0000000000000     
   70.0000000000000       2.237754036939204E-012   24.0000000000000     
   70.0000000000000       2.327094359189675E-012   25.0000000000000     
   70.0000000000000       2.408382072173953E-012   26.0000000000000     
   70.0000000000000       2.526215424724136E-012   27.0000000000000     
   70.0000000000000       2.630813888255952E-012   28.0000000000000     
   70.0000000000000       2.774038464698720E-012   29.0000000000000     
   70.0000000000000       2.936563855632388E-012   30.0000000000000     
   70.0000000000000       3.147501067505252E-012   31.0000000000000     
   70.0000000000000       3.330725330950022E-012   32.0000000000000     
   70.0000000000000       3.515271740808204E-012   33.0000000000000     
   70.0000000000000       3.781901835168201E-012   34.0000000000000     
   70.0000000000000       4.017769136184135E-012   35.0000000000000     
   70.0000000000000       4.317253063855321E-012   36.0000000000000     
   70.0000000000000       4.645546671234932E-012   37.0000000000000     
   70.0000000000000       5.018266273947166E-012   38.0000000000000     
   70.0000000000000       5.434260193433991E-012   39.0000000000000     
   70.0000000000000       5.914382106201489E-012   40.0000000000000     
   70.0000000000000       6.445419574229301E-012   41.0000000000000     
   70.0000000000000       7.066422585911456E-012   42.0000000000000     
   70.0000000000000       7.755175647169982E-012   43.0000000000000     
   70.0000000000000       8.540565246355216E-012   44.0000000000000     
   70.0000000000000       9.453237981288512E-012   45.0000000000000     
   70.0000000000000       1.048285121125101E-011   46.0000000000000     
   70.0000000000000       1.166998541215237E-011   47.0000000000000     
   70.0000000000000       1.300527757244451E-011   48.0000000000000     
   70.0000000000000       1.451608636792337E-011   49.0000000000000     
   70.0000000000000       1.622174278789196E-011   50.0000000000000     
   70.0000000000000       1.810804407110209E-011   51.0000000000000     
   70.0000000000000       2.015792537908841E-011   52.0000000000000     
   70.0000000000000       2.233403305875122E-011   53.0000000000000     
   70.0000000000000       2.458691551771339E-011   54.0000000000000     
   70.0000000000000       2.682716801684298E-011   55.0000000000000     
   70.0000000000000       2.901500983752206E-011   56.0000000000000     
   70.0000000000000       3.110250407073404E-011   57.0000000000000     
   70.0000000000000       3.304298480149507E-011   58.0000000000000     
   70.0000000000000       3.480513542787628E-011   59.0000000000000     
   70.0000000000000       3.641204795551834E-011   60.0000000000000     
   70.0000000000000       3.783267397791889E-011   61.0000000000000     
   70.0000000000000       3.907182160513874E-011   62.0000000000000     
   70.0000000000000       4.017528914467050E-011   63.0000000000000     
   70.0000000000000       4.108754183128043E-011   64.0000000000000     
   70.0000000000000       4.183151777311499E-011   65.0000000000000     
   70.0000000000000       4.245143253511701E-011   66.0000000000000     
   70.0000000000000       4.288243429623633E-011   67.0000000000000     
   70.0000000000000       4.319392855739670E-011   68.0000000000000     
   70.0000000000000       4.336055201386794E-011   69.0000000000000     
   70.0000000000000       4.334462803814110E-011   70.0000000000000     
   70.0000000000000       4.309080310780942E-011   71.0000000000000     
   70.0000000000000       4.280906379228970E-011   72.0000000000000     
   70.0000000000000       4.230706326569213E-011   73.0000000000000     
   70.0000000000000       4.166538586470329E-011   74.0000000000000     
   70.0000000000000       4.086575235107418E-011   75.0000000000000     
   70.0000000000000       3.992377495098177E-011   76.0000000000000     
   70.0000000000000       3.886684022541812E-011   77.0000000000000     
   70.0000000000000       3.768823919906589E-011   78.0000000000000     
   70.0000000000000       3.641115335082960E-011   79.0000000000000     
   70.0000000000000       3.499230567472117E-011   80.0000000000000     
   70.0000000000000       3.349863321564493E-011   81.0000000000000     
   70.0000000000000       3.207143797186583E-011   82.0000000000000     
   70.0000000000000       3.059301925316822E-011   83.0000000000000     
   70.0000000000000       2.915124890208717E-011   84.0000000000000     
   70.0000000000000       2.780920394680009E-011   85.0000000000000     
   70.0000000000000       2.663692978857096E-011   86.0000000000000     
   70.0000000000000       2.560143045727360E-011   87.0000000000000     
   70.0000000000000       2.480869061009890E-011   88.0000000000000     
   70.0000000000000       2.429238797229312E-011   89.0000000000000     
   70.0000000000000       2.413934234589642E-011   90.0000000000000     
   70.0000000000000       2.431800055968757E-011   91.0000000000000     
   70.0000000000000       2.476437714364704E-011   92.0000000000000     
   70.0000000000000       2.553910436886082E-011   93.0000000000000     
   70.0000000000000       2.656051820461385E-011   94.0000000000000     
   70.0000000000000       2.779239213288783E-011   95.0000000000000     
   70.0000000000000       2.919458476833599E-011   96.0000000000000     
   70.0000000000000       3.056265088357176E-011   97.0000000000000     
   70.0000000000000       3.206511002889629E-011   98.0000000000000     
   70.0000000000000       3.358405645016295E-011   99.0000000000000     
   70.0000000000000       3.509310338568830E-011   100.000000000000     
   70.0000000000000       3.646955353674652E-011   101.000000000000     
   70.0000000000000       3.781784768763448E-011   102.000000000000     
   70.0000000000000       3.905144849715263E-011   103.000000000000     
   70.0000000000000       4.012368660077757E-011   104.000000000000     
   70.0000000000000       4.103745147495337E-011   105.000000000000     
   70.0000000000000       4.187529635834982E-011   106.000000000000     
   70.0000000000000       4.249006982616707E-011   107.000000000000     
   70.0000000000000       4.296085484988931E-011   108.000000000000     
   70.0000000000000       4.331010944414728E-011   109.000000000000     
   70.0000000000000       4.340875615340328E-011   110.000000000000     
   70.0000000000000       4.336820117485367E-011   111.000000000000     
   70.0000000000000       4.314355375754860E-011   112.000000000000     
   70.0000000000000       4.272992088663352E-011   113.000000000000     
   70.0000000000000       4.215762387812990E-011   114.000000000000     
   70.0000000000000       4.137681960421809E-011   115.000000000000     
   70.0000000000000       4.039808174012011E-011   116.000000000000     
   70.0000000000000       3.925182773337487E-011   117.000000000000     
   70.0000000000000       3.793440141921927E-011   118.000000000000     
   70.0000000000000       3.638820388739055E-011   119.000000000000     
   70.0000000000000       3.465949877764305E-011   120.000000000000     
   70.0000000000000       3.275880121843079E-011   121.000000000000     
   70.0000000000000       3.068411429976275E-011   122.000000000000     
   70.0000000000000       2.846912655178013E-011   123.000000000000     
   70.0000000000000       2.617944579724020E-011   124.000000000000     
   70.0000000000000       2.383589912039481E-011   125.000000000000     
   70.0000000000000       2.151107606867036E-011   126.000000000000     
   70.0000000000000       1.928312180794310E-011   127.000000000000     
   70.0000000000000       1.719330389007011E-011   128.000000000000     
   70.0000000000000       1.529815170783651E-011   129.000000000000     
   70.0000000000000       1.361189791355680E-011   130.000000000000     
   70.0000000000000       1.211257060297912E-011   131.000000000000     
   70.0000000000000       1.081072969502375E-011   132.000000000000     
   70.0000000000000       9.673775457220236E-012   133.000000000000     
   70.0000000000000       8.686421692959776E-012   134.000000000000     
   70.0000000000000       7.829743366965377E-012   135.000000000000     
   70.0000000000000       7.081445145495268E-012   136.000000000000     
   70.0000000000000       6.435850614524117E-012   137.000000000000     
   70.0000000000000       5.861630249733627E-012   138.000000000000     
   70.0000000000000       5.365572022674637E-012   139.000000000000     
   70.0000000000000       4.929741979024285E-012   140.000000000000     
   70.0000000000000       4.546132170063895E-012   141.000000000000     
   70.0000000000000       4.208846141635206E-012   142.000000000000     
   70.0000000000000       3.913343170096765E-012   143.000000000000     
   70.0000000000000       3.642716308621742E-012   144.000000000000     
   70.0000000000000       3.405340208355030E-012   145.000000000000     
   70.0000000000000       3.190190986051049E-012   146.000000000000     
   70.0000000000000       2.995645751649091E-012   147.000000000000     
   70.0000000000000       2.846100602809362E-012   148.000000000000     
   70.0000000000000       2.663339849198775E-012   149.000000000000     
   70.0000000000000       2.561964488895720E-012   150.000000000000     
   70.0000000000000       2.441183774807756E-012   151.000000000000     
   70.0000000000000       2.308063515087502E-012   152.000000000000     
   70.0000000000000       2.202525729444417E-012   153.000000000000     
   70.0000000000000       2.143387700217614E-012   154.000000000000     
   70.0000000000000       2.063812204576614E-012   155.000000000000     
   70.0000000000000       1.942468033220942E-012   156.000000000000     
   70.0000000000000       1.871226505618600E-012   157.000000000000     
   70.0000000000000       1.803189103300390E-012   158.000000000000     
   70.0000000000000       1.735196648882316E-012   159.000000000000     
   70.0000000000000       1.675811617501241E-012   160.000000000000     
   70.0000000000000       1.615371580410280E-012   161.000000000000     
   70.0000000000000       1.612439748333702E-012   162.000000000000     
   70.0000000000000       1.569937216070379E-012   163.000000000000     
   70.0000000000000       1.530726645591288E-012   164.000000000000     
   70.0000000000000       1.481885936205714E-012   165.000000000000     
   70.0000000000000       1.433849914066698E-012   166.000000000000     
   70.0000000000000       1.394643941623445E-012   167.000000000000     
   70.0000000000000       1.353106185595379E-012   168.000000000000     
   70.0000000000000       1.307594584976626E-012   169.000000000000     
   70.0000000000000       1.277158629175359E-012   170.000000000000     
