   70.0000000000000       2.851677135634537E-013   11.0000000000000     
   70.0000000000000      -9.663706082906065E-013   12.0000000000000     
   70.0000000000000       1.459207041879868E-012   13.0000000000000     
   70.0000000000000      -1.581880697979643E-012   14.0000000000000     
   70.0000000000000       1.461008300374651E-012   15.0000000000000     
   70.0000000000000      -1.206923100876130E-012   16.0000000000000     
   70.0000000000000       8.974847857297935E-013   17.0000000000000     
   70.0000000000000      -6.346342165801315E-013   18.0000000000000     
   70.0000000000000       4.357798799923106E-013   19.0000000000000     
   70.0000000000000      -2.963419197488890E-013   20.0000000000000     
   70.0000000000000       3.129686587564923E-013   21.0000000000000     
   70.0000000000000      -4.545478363831190E-013   22.0000000000000     
   70.0000000000000       8.460324168848457E-013   23.0000000000000     
   70.0000000000000      -1.212234446932713E-012   24.0000000000000     
   70.0000000000000       1.735329962956201E-012   25.0000000000000     
   70.0000000000000      -2.226479870545782E-012   26.0000000000000     
   70.0000000000000       2.524830290681553E-012   27.0000000000000     
   70.0000000000000      -2.311015245970181E-012   28.0000000000000     
   70.0000000000000       1.381973925857448E-012   29.0000000000000     
   70.0000000000000       3.190663412582993E-013   30.0000000000000     
   70.0000000000000      -2.259634389987913E-012   31.0000000000000     
   70.0000000000000       3.330718304052918E-012   32.0000000000000     
   70.0000000000000      -2.310974126844330E-012   33.0000000000000     
   70.0000000000000      -7.691142539379015E-013   34.0000000000000     
   70.0000000000000       3.740859086381356E-012   35.0000000000000     
   70.0000000000000      -3.304454475850598E-012   36.0000000000000     
   70.0000000000000      -1.267591349887803E-012   37.0000000000000     
   70.0000000000000       5.006201010511608E-012   38.0000000000000     
   70.0000000000000      -1.806399319949726E-012   39.0000000000000     
   70.0000000000000      -5.091838146840420E-012   40.0000000000000     
   70.0000000000000       3.865679935375717E-012   41.0000000000000     
   70.0000000000000       5.501010305129367E-012   42.0000000000000     
   70.0000000000000      -4.605808639883847E-012   43.0000000000000     
   70.0000000000000      -7.433926589549204E-012   44.0000000000000     
   70.0000000000000       2.949121657086374E-012   45.0000000000000     
   70.0000000000000       1.047409145312684E-011   46.0000000000000     
   70.0000000000000       3.596993929151625E-012   47.0000000000000     
   70.0000000000000      -9.570237962201138E-012   48.0000000000000     
   70.0000000000000      -1.377822645401394E-011   49.0000000000000     
   70.0000000000000      -4.188966102475314E-012   50.0000000000000     
   70.0000000000000       1.101633825729474E-011   51.0000000000000     
   70.0000000000000       2.010360015686143E-011   52.0000000000000     
   70.0000000000000       1.706510164552597E-011   53.0000000000000     
   70.0000000000000       3.920442438280057E-012   54.0000000000000     
   70.0000000000000      -1.259526968910964E-011   55.0000000000000     
   70.0000000000000      -2.562645042606940E-011   56.0000000000000     
   70.0000000000000      -3.105476507908024E-011   57.0000000000000     
   70.0000000000000      -2.810183910730504E-011   58.0000000000000     
   70.0000000000000      -1.845144673323578E-011   59.0000000000000     
   70.0000000000000      -4.996862244321266E-012   60.0000000000000     
   70.0000000000000       9.382052164832926E-012   61.0000000000000     
   70.0000000000000       2.236275167831159E-011   62.0000000000000     
   70.0000000000000       3.248088205113351E-011   63.0000000000000     
   70.0000000000000       3.897914475127292E-011   64.0000000000000     
   70.0000000000000       4.180474117380597E-011   65.0000000000000     
   70.0000000000000       4.133086593969481E-011   66.0000000000000     
   70.0000000000000       3.807189336961597E-011   67.0000000000000     
   70.0000000000000       3.276265356874727E-011   68.0000000000000     
   70.0000000000000       2.607522946859011E-011   69.0000000000000     
   70.0000000000000       1.859291772079671E-011   70.0000000000000     
   70.0000000000000       1.077230417055956E-011   71.0000000000000     
   70.0000000000000       3.157480947949516E-012   72.0000000000000     
   70.0000000000000      -4.006771309393458E-012   73.0000000000000     
   70.0000000000000      -1.048951370769379E-011   74.0000000000000     
   70.0000000000000      -1.614892608484206E-011   75.0000000000000     
   70.0000000000000      -2.091508588840564E-011   76.0000000000000     
   70.0000000000000      -2.469787638905161E-011   77.0000000000000     
   70.0000000000000      -2.764367047670330E-011   78.0000000000000     
   70.0000000000000      -2.967725061238970E-011   79.0000000000000     
   70.0000000000000      -3.082828661704104E-011   80.0000000000000     
   70.0000000000000      -3.127062603976456E-011   81.0000000000000     
   70.0000000000000      -3.113852827805422E-011   82.0000000000000     
   70.0000000000000      -3.038574949078344E-011   83.0000000000000     
   70.0000000000000      -2.914943494023340E-011   84.0000000000000     
   70.0000000000000      -2.752686838109016E-011   85.0000000000000     
   70.0000000000000      -2.563261185161070E-011   86.0000000000000     
   70.0000000000000      -2.339928087358437E-011   87.0000000000000     
   70.0000000000000      -2.106677929797841E-011   88.0000000000000     
   70.0000000000000      -1.859237125625576E-011   89.0000000000000     
   70.0000000000000      -1.609474589075467E-011   90.0000000000000     
   70.0000000000000      -1.367510963402226E-011   91.0000000000000     
   70.0000000000000      -1.117411938808592E-011   92.0000000000000     
   70.0000000000000      -8.860590336427358E-012   93.0000000000000     
   70.0000000000000      -6.699047296763003E-012   94.0000000000000     
   70.0000000000000      -4.739605481418180E-012   95.0000000000000     
   70.0000000000000      -3.020802509881504E-012   96.0000000000000     
   70.0000000000000      -1.491029851005003E-012   97.0000000000000     
   70.0000000000000      -4.191891473556212E-013   98.0000000000000     
   70.0000000000000       3.445816788905778E-013   99.0000000000000     
   70.0000000000000       7.401558844717663E-013   100.000000000000     
   70.0000000000000       7.160598291282625E-013   101.000000000000     
   70.0000000000000       2.244845224454501E-013   102.000000000000     
   70.0000000000000      -7.179526455392013E-013   103.000000000000     
   70.0000000000000      -2.184855733469106E-012   104.000000000000     
   70.0000000000000      -4.170205598518495E-012   105.000000000000     
   70.0000000000000      -6.676437195984779E-012   106.000000000000     
   70.0000000000000      -9.609323839437547E-012   107.000000000000     
   70.0000000000000      -1.308803569355151E-011   108.000000000000     
   70.0000000000000      -1.695227193514347E-011   109.000000000000     
   70.0000000000000      -2.110371512987891E-011   110.000000000000     
   70.0000000000000      -2.544194986947750E-011   111.000000000000     
   70.0000000000000      -2.974780411733869E-011   112.000000000000     
   70.0000000000000      -3.373397615893226E-011   113.000000000000     
   70.0000000000000      -3.712275621695014E-011   114.000000000000     
   70.0000000000000      -3.942444957338719E-011   115.000000000000     
   70.0000000000000      -4.018674114808448E-011   116.000000000000     
   70.0000000000000      -3.893323162446895E-011   117.000000000000     
   70.0000000000000      -3.518278566188458E-011   118.000000000000     
   70.0000000000000      -2.857693170686341E-011   119.000000000000     
   70.0000000000000      -1.915158039379406E-011   120.000000000000     
   70.0000000000000      -7.509738385100720E-012   121.000000000000     
   70.0000000000000       4.985376246869124E-012   122.000000000000     
   70.0000000000000       1.617337393448029E-011   123.000000000000     
   70.0000000000000       2.328780177948808E-011   124.000000000000     
   70.0000000000000       2.377160027918676E-011   125.000000000000     
   70.0000000000000       1.667226568692050E-011   126.000000000000     
   70.0000000000000       4.020925001727246E-012   127.000000000000     
   70.0000000000000      -8.810288055462216E-012   128.000000000000     
   70.0000000000000      -1.495812614324239E-011   129.000000000000     
   70.0000000000000      -1.053018430484443E-011   130.000000000000     
   70.0000000000000       1.086498952164492E-012   131.000000000000     
   70.0000000000000       9.830901935512276E-012   132.000000000000     
   70.0000000000000       7.396466657300794E-012   133.000000000000     
   70.0000000000000      -2.882737839739687E-012   134.000000000000     
   70.0000000000000      -7.818038860582524E-012   135.000000000000     
   70.0000000000000      -1.054216456757159E-012   136.000000000000     
   70.0000000000000       6.195775693579454E-012   137.000000000000     
   70.0000000000000       1.847385005151563E-012   138.000000000000     
   70.0000000000000      -5.143537544858861E-012   139.000000000000     
   70.0000000000000      -8.714629653780543E-013   140.000000000000     
   70.0000000000000       4.545836186531209E-012   141.000000000000     
   70.0000000000000      -1.155727159430939E-012   142.000000000000     
   70.0000000000000      -3.176849411179228E-012   143.000000000000     
   70.0000000000000       3.150582375935403E-012   144.000000000000     
   70.0000000000000       9.090593394137914E-014   145.000000000000     
   70.0000000000000      -2.721629927614619E-012   146.000000000000     
   70.0000000000000       2.786016474524786E-012   147.000000000000     
   70.0000000000000      -9.885311951341156E-013   148.000000000000     
   70.0000000000000      -1.073826969291226E-012   149.000000000000     
   70.0000000000000       2.302523408453507E-012   150.000000000000     
   70.0000000000000      -2.404024693274199E-012   151.000000000000     
   70.0000000000000       1.749035027788291E-012   152.000000000000     
   70.0000000000000      -7.712486655016639E-013   153.000000000000     
   70.0000000000000      -8.846147754426412E-014   154.000000000000     
   70.0000000000000       7.786912533941957E-013   155.000000000000     
   70.0000000000000      -1.202247844380571E-012   156.000000000000     
   70.0000000000000       1.434800752209009E-012   157.000000000000     
   70.0000000000000      -1.501989644594496E-012   158.000000000000     
   70.0000000000000       1.507114583435746E-012   159.000000000000     
   70.0000000000000      -1.457165496942243E-012   160.000000000000     
   70.0000000000000       1.354387548711498E-012   161.000000000000     
   70.0000000000000      -1.234619202969701E-012   162.000000000000     
   70.0000000000000       9.940854763077054E-013   163.000000000000     
   70.0000000000000      -6.510718639325972E-013   164.000000000000     
   70.0000000000000       1.984561065372878E-013   165.000000000000     
   70.0000000000000       3.322176889781933E-013   166.000000000000     
   70.0000000000000      -8.558817003272422E-013   167.000000000000     
   70.0000000000000       1.233586733103674E-012   168.000000000000     
   70.0000000000000      -1.294286187191691E-012   169.000000000000     
   70.0000000000000       9.296484682806935E-013   170.000000000000     
