   70.0000000000000       8.148463837306646E-312   69.6550793245736     
   70.0000000000000       8.148463837306646E-312   69.4807802872705     
   70.0000000000000      -3.975637209785026E-012   69.3068991921666     
   70.0000000000000      -6.013362109300627E-012   69.1336518377814     
   70.0000000000000      -7.149651987024664E-012   68.9612548688046     
   70.0000000000000      -6.840153291883307E-012   68.7899255045977     
   70.0000000000000      -4.918042199291813E-012   68.6198812585503     
   70.0000000000000      -1.571946138467772E-012   68.4513396484834     
   70.0000000000000       2.757787041189009E-012   68.2845178983411     
   70.0000000000000       7.510903270964141E-012   68.1196326314737     
   70.0000000000000       1.212815381068855E-011   67.9568995558777     
   70.0000000000000       1.613995452702071E-011   67.7965331418199     
   70.0000000000000       1.921638053365710E-011   67.6387462923434     
   70.0000000000000       2.118208921547916E-011   67.4837500072184     
   70.0000000000000       2.200493916172687E-011   67.3317530409723     
   70.0000000000000       2.176830445491071E-011   67.1829615557045     
   70.0000000000000       2.063623477335990E-011   67.0375787694636     
   70.0000000000000       1.881838430516699E-011   66.8958046010318     
   70.0000000000000       1.653920518094070E-011   66.7578353120351     
   70.0000000000000       1.401386091863742E-011   66.6238631473641     
   70.0000000000000       1.143151127167616E-011   66.4940759749539     
   70.0000000000000       8.945587876321714E-012   66.3686569260357     
   70.0000000000000       6.669943572146086E-012   66.2477840370281     
   70.0000000000000       4.679515854688316E-012   66.1316298942896     
   70.0000000000000       3.014104385269829E-012   66.0203612829977     
   70.0000000000000       1.683997857944577E-012   65.9141388414616     
   70.0000000000000       6.764192097580255E-013   65.8131167222044     
   70.0000000000000      -3.798998017689967E-014   65.7174422611752     
   70.0000000000000      -4.991870928136236E-013   65.6272556564630     
   70.0000000000000      -7.525666973360596E-013   65.5426896578908     
   70.0000000000000      -8.447685006302553E-013   65.4638692688584     
   70.0000000000000      -8.204833042534165E-013   65.3909114617869     
   70.0000000000000      -7.201813729118610E-013   65.3239249084886     
   70.0000000000000      -5.786488720093634E-013   65.2630097267464     
   70.0000000000000      -4.241822097942476E-013   65.2082572443335     
   70.0000000000000      -2.782919276798528E-013   65.1597497816467     
   70.0000000000000      -1.557744850695136E-013   65.1175604540460     
   70.0000000000000      -6.503119417025295E-014   65.0817529949175     
   70.0000000000000      -8.541250142865105E-015   65.0523816003757     
   70.0000000000000       1.657852679972973E-014   65.0294907964241     
   70.0000000000000       1.796708087252714E-014   65.0131153292789     
   70.0000000000000       7.378564645130930E-015   65.0032800794439     
   70.0000000000000       1.766503845846980E-028   65.0000000000000     
   70.0000000000000       1.370068823408748E-014   65.0032800794439     
   70.0000000000000       6.817434665368288E-014   65.0131153292789     
   70.0000000000000       1.839276966373104E-013   65.0294907964241     
   70.0000000000000       3.810698490296480E-013   65.0523816003757     
   70.0000000000000       6.778635128371863E-013   65.0817529949175     
   70.0000000000000       1.089016855993764E-012   65.1175604540460     
   70.0000000000000       1.623722643673152E-012   65.1597497816467     
   70.0000000000000       2.283485410156733E-012   65.2082572443335     
   70.0000000000000       3.059831338755656E-012   65.2630097267464     
   70.0000000000000       3.932054392553427E-012   65.3239249084886     
   70.0000000000000       4.865215163049550E-012   65.3909114617869     
   70.0000000000000       5.808685890468274E-012   65.4638692688584     
   70.0000000000000       6.695603277153089E-012   65.5426896578908     
   70.0000000000000       7.443633925555065E-012   65.6272556564630     
   70.0000000000000       7.957494075530636E-012   65.7174422611752     
   70.0000000000000       8.133610552537358E-012   65.8131167222044     
   70.0000000000000       7.867250263715118E-012   65.9141388414616     
   70.0000000000000       7.062212907586740E-012   66.0203612829977     
   70.0000000000000       5.642896317690794E-012   66.1316298942896     
   70.0000000000000       3.568147477173631E-012   66.2477840370281     
   70.0000000000000       8.457290033661862E-013   66.3686569260357     
   70.0000000000000      -2.454296682435457E-012   66.4940759749539     
   70.0000000000000      -6.189587346538661E-012   66.6238631473641     
   70.0000000000000      -1.014169553040861E-011   66.7578353120351     
   70.0000000000000      -1.402131205135760E-011   66.8958046010318     
   70.0000000000000      -1.748511535542207E-011   67.0375787694636     
   70.0000000000000      -2.016581775487461E-011   67.1829615557045     
   70.0000000000000      -2.171505564832183E-011   67.3317530409723     
   70.0000000000000      -2.185624982277101E-011   67.4837500072184     
   70.0000000000000      -2.044112949988608E-011   67.6387462923434     
   70.0000000000000      -1.750036766170092E-011   67.7965331418199     
   70.0000000000000      -1.327605523923823E-011   67.9568995558777     
   70.0000000000000      -8.222833304883027E-012   68.1196326314737     
   70.0000000000000      -2.966809545646801E-012   68.2845178983411     
   70.0000000000000       1.782484132885879E-012   68.4513396484834     
   70.0000000000000       5.361203449354343E-012   68.6198812585503     
   70.0000000000000       7.301441308114748E-012   68.7899255045977     
   70.0000000000000       7.467782828169687E-012   68.9612548688046     
   70.0000000000000       6.134030677179151E-012   69.1336518377814     
   70.0000000000000       3.952378368178656E-012   69.3068991921666     
   70.0000000000000       3.952378368178656E-012   69.4807802872705     
   70.0000000000000       3.952378368178656E-012   69.6550793245736     
