   70.0000000000000      -6.662366999223901E-013   69.2201827737866     
   70.0000000000000      -1.802225500116886E-012   69.1336518377814     
   70.0000000000000      -3.242174570305892E-012   69.0473334891312     
   70.0000000000000      -4.923136808963925E-012   68.9612548688046     
   70.0000000000000      -6.764413544693440E-012   68.8754431450589     
   70.0000000000000      -8.675363039702811E-012   68.7899255045977     
   70.0000000000000      -1.056266743020701E-011   68.7047291435901     
   70.0000000000000      -1.233666110729123E-011   68.6198812585503     
   70.0000000000000      -1.391640060926306E-011   68.5354090370809     
   70.0000000000000      -1.523345568155200E-011   68.4513396484834     
   70.0000000000000      -1.623432287628034E-011   68.3677002342355     
   70.0000000000000      -1.688166671418881E-011   68.2845178983411     
   70.0000000000000      -1.715445625407706E-011   68.2018196975529     
   70.0000000000000      -1.704723644891376E-011   68.1196326314737     
   70.0000000000000      -1.656873612633100E-011   68.0379836325380     
   70.0000000000000      -1.573998882513610E-011   67.9568995558777     
   70.0000000000000      -1.459216107705382E-011   67.8764071690769     
   70.0000000000000      -1.316425670510276E-011   67.7965331418199     
   70.0000000000000      -1.150082220276235E-011   67.7173040354352     
   70.0000000000000      -9.649754786053135E-012   67.6387462923434     
   70.0000000000000      -7.660305893274353E-012   67.5608862254112     
   70.0000000000000      -5.581320078743417E-012   67.4837500072184     
   70.0000000000000      -3.459747290042894E-012   67.4073636592434     
   70.0000000000000      -1.339440326150059E-012   67.3317530409723     
   70.0000000000000       7.397686821505800E-013   67.2569438389395     
   70.0000000000000       2.742718167113896E-012   67.1829615557045     
   70.0000000000000       4.639325596682689E-012   67.1098314987720     
   70.0000000000000       6.404774125292920E-012   67.0375787694636     
   70.0000000000000       8.019521300508920E-012   66.9662282517473     
   70.0000000000000       9.469125686043314E-012   66.8958046010318     
   70.0000000000000       1.074398768301614E-011   66.8263322329353     
   70.0000000000000       1.183896207682773E-011   66.7578353120351     
   70.0000000000000       1.275291822860531E-011   66.6903377406072     
   70.0000000000000       1.348825631754279E-011   66.6238631473641     
   70.0000000000000       1.405040086901246E-011   66.5584348762005     
   70.0000000000000       1.444729149386385E-011   66.4940759749539     
   70.0000000000000       1.468889061368599E-011   66.4308091841924     
   70.0000000000000       1.478669814994718E-011   66.3686569260357     
   70.0000000000000       1.475332499086436E-011   66.3076412930219     
   70.0000000000000       1.460207649707013E-011   66.2477840370281     
   70.0000000000000       1.434660382368573E-011   66.1891065582556     
   70.0000000000000       1.400057871763983E-011   66.1316298942896     
   70.0000000000000       1.357744586727096E-011   66.0753747092432     
   70.0000000000000       1.309017143235520E-011   66.0203612829977     
   70.0000000000000       1.255108444653892E-011   65.9666095005474     
   70.0000000000000       1.197173592992096E-011   65.9141388414616     
   70.0000000000000       1.136279108309065E-011   65.8629683694730     
   70.0000000000000       1.073395555197659E-011   65.8131167222044     
   70.0000000000000       1.009395805070329E-011   65.7646021010431     
   70.0000000000000       9.450522432085297E-012   65.7174422611752     
   70.0000000000000       8.810382933033527E-012   65.6716545017896     
   70.0000000000000       8.179319838961495E-012   65.6272556564630     
   70.0000000000000       7.562196102392874E-012   65.5842620837358     
   70.0000000000000       6.963020995318263E-012   65.5426896578908     
   70.0000000000000       6.385009827509769E-012   65.5025537599439     
   70.0000000000000       5.830663411666363E-012   65.4638692688584     
   70.0000000000000       5.301834746976383E-012   65.4266505529917     
   70.0000000000000       4.799811749492089E-012   65.3909114617869     
   70.0000000000000       4.325390861158689E-012   65.3566653177161     
   70.0000000000000       3.878951205992378E-012   65.3239249084886     
   70.0000000000000       3.460528147998115E-012   65.2927024795304     
   70.0000000000000       3.069875555066620E-012   65.2630097267464     
   70.0000000000000       2.706532440694184E-012   65.2348577895735     
   70.0000000000000       2.369875401269020E-012   65.2082572443335     
   70.0000000000000       2.059169171445161E-012   65.1832180978943     
   70.0000000000000       1.773610996307628E-012   65.1597497816467     
   70.0000000000000       1.512365899605314E-012   65.1378611458062     
   70.0000000000000       1.274597313591476E-012   65.1175604540460     
   70.0000000000000       1.059490738887498E-012   65.0988553784676     
   70.0000000000000       8.662702147313922E-013   65.0817529949175     
   70.0000000000000       6.942095993033828E-013   65.0662597786549     
   70.0000000000000       5.426376846623386E-013   65.0523816003757     
   70.0000000000000       4.109368040365691E-013   65.0401237225997     
   70.0000000000000       2.985373276665540E-013   65.0294907964241     
   70.0000000000000       2.049068540711076E-013   65.0204868586492     
   70.0000000000000       1.295345817341601E-013   65.0131153292789     
   70.0000000000000       7.191232308124986E-014   65.0073790094001     
   70.0000000000000       3.151149791900758E-014   65.0032800794439     
   70.0000000000000       7.757263547590242E-015   65.0008200978305     
   70.0000000000000       5.150783460421368E-028   65.0000000000000     
   70.0000000000000       7.485039020014509E-015   65.0008200978305     
   70.0000000000000       2.932079226819480E-014   65.0032800794439     
   70.0000000000000       6.444634114721712E-014   65.0073790094001     
   70.0000000000000       1.115987559002207E-013   65.0131153292789     
   70.0000000000000       1.692812815893561E-013   65.0204868586492     
   70.0000000000000       2.357328699416100E-013   65.0294907964241     
   70.0000000000000       3.089001376615139E-013   65.0401237225997     
   70.0000000000000       3.864121891588982E-013   65.0523816003757     
   70.0000000000000       4.655600462521979E-013   65.0662597786549     
   70.0000000000000       5.432809578027968E-013   65.0817529949175     
   70.0000000000000       6.161487636134459E-013   65.0988553784676     
   70.0000000000000       6.803721697554151E-013   65.1175604540460     
   70.0000000000000       7.318009841791762E-013   65.1378611458062     
   70.0000000000000       7.659419949741728E-013   65.1597497816467     
   70.0000000000000       7.779859664257599E-013   65.1832180978943     
   70.0000000000000       7.628462140310849E-013   65.2082572443335     
   70.0000000000000       7.152101879107465E-013   65.2348577895735     
   70.0000000000000       6.296051294817203E-013   65.2630097267464     
   70.0000000000000       5.004780891255668E-013   65.2927024795304     
   70.0000000000000       3.222916728838642E-013   65.3239249084886     
   70.0000000000000       8.963470444667274E-014   65.3566653177161     
   70.0000000000000      -2.026501923010078E-013   65.3909114617869     
   70.0000000000000      -5.593252258373611E-013   65.4266505529917     
   70.0000000000000      -9.846003584286787E-013   65.4638692688584     
   70.0000000000000      -1.481963256653895E-012   65.5025537599439     
   70.0000000000000      -2.053999700677150E-012   65.5426896578908     
   70.0000000000000      -2.702200878954680E-012   65.5842620837358     
   70.0000000000000      -3.426773229194799E-012   65.6272556564630     
   70.0000000000000      -4.226438416444335E-012   65.6716545017896     
   70.0000000000000      -5.098245337009398E-012   65.7174422611752     
   70.0000000000000      -6.037383702933598E-012   65.7646021010431     
   70.0000000000000      -7.037025232263509E-012   65.8131167222044     
   70.0000000000000      -8.088179008479942E-012   65.8629683694730     
   70.0000000000000      -9.179579688112549E-012   65.9141388414616     
   70.0000000000000      -1.029763594042116E-011   65.9666095005474     
   70.0000000000000      -1.142639760480320E-011   66.0203612829977     
   70.0000000000000      -1.254760566903183E-011   66.0753747092432     
   70.0000000000000      -1.364081354658729E-011   66.1316298942896     
   70.0000000000000      -1.468358318681087E-011   66.1891065582556     
   70.0000000000000      -1.565174459494803E-011   66.2477840370281     
   70.0000000000000      -1.651979806564577E-011   66.3076412930219     
   70.0000000000000      -1.726136515709772E-011   66.3686569260357     
   70.0000000000000      -1.784977050666330E-011   66.4308091841924     
   70.0000000000000      -1.825869955012468E-011   66.4940759749539     
   70.0000000000000      -1.846297229330492E-011   66.5584348762005     
   70.0000000000000      -1.843936996806611E-011   66.6238631473641     
   70.0000000000000      -1.816755288838398E-011   66.6903377406072     
   70.0000000000000      -1.763100515706536E-011   66.7578353120351     
   70.0000000000000      -1.681800114551914E-011   66.8263322329353     
   70.0000000000000      -1.572255505574563E-011   66.8958046010318     
   70.0000000000000      -1.434531103271392E-011   66.9662282517473     
   70.0000000000000      -1.269433173639876E-011   67.0375787694636     
   70.0000000000000      -1.078574194288003E-011   67.1098314987720     
   70.0000000000000      -8.644152709987132E-012   67.1829615557045     
   70.0000000000000      -6.302848857489280E-012   67.2569438389395     
   70.0000000000000      -3.803656937881099E-012   67.3317530409723     
   70.0000000000000      -1.196466340691315E-012   67.4073636592434     
   70.0000000000000       1.461636429649759E-012   67.4837500072184     
   70.0000000000000       4.107653488782649E-012   67.5608862254112     
   70.0000000000000       6.674374354941853E-012   67.6387462923434     
   70.0000000000000       9.092484183130565E-012   67.7173040354352     
   70.0000000000000       1.129304735024747E-011   67.7965331418199     
   70.0000000000000       1.321030254736747E-011   67.8764071690769     
   70.0000000000000       1.478464474970379E-011   67.9568995558777     
   70.0000000000000       1.596572620817803E-011   68.0379836325380     
   70.0000000000000       1.671547040772601E-011   68.1196326314737     
   70.0000000000000       1.701084416839816E-011   68.2018196975529     
   70.0000000000000       1.684618952626598E-011   68.2845178983411     
   70.0000000000000       1.623490664676558E-011   68.3677002342355     
   70.0000000000000       1.521025762444724E-011   68.4513396484834     
   70.0000000000000       1.382513491576828E-011   68.5354090370809     
   70.0000000000000       1.215063142172320E-011   68.6198812585503     
   70.0000000000000       1.027325761787301E-011   68.7047291435901     
   70.0000000000000       8.290873040393495E-012   68.7899255045977     
   70.0000000000000       6.307271527512866E-012   68.8754431450589     
   70.0000000000000       4.425722452341463E-012   68.9612548688046     
   70.0000000000000       2.741655415729978E-012   69.0473334891312     
   70.0000000000000       1.334993736894409E-012   69.1336518377814     
   70.0000000000000       2.626396390523497E-013   69.2201827737866     
   70.0000000000000      -4.481702538949634E-013   69.3068991921666     
