   70.0000000000000       5.104101575779889E-012   69.2201827737866     
   70.0000000000000       6.277622209948927E-012   69.1336518377814     
   70.0000000000000       7.476101016303621E-012   69.0473334891312     
   70.0000000000000       8.680714231867170E-012   68.9612548688046     
   70.0000000000000       9.875624835052168E-012   68.8754431450589     
   70.0000000000000       1.104760702265896E-011   68.7899255045977     
   70.0000000000000       1.218568083841723E-011   68.7047291435901     
   70.0000000000000       1.328082626759974E-011   68.6198812585503     
   70.0000000000000       1.432568218488755E-011   68.5354090370809     
   70.0000000000000       1.531434577982529E-011   68.4513396484834     
   70.0000000000000       1.624213550512413E-011   68.3677002342355     
   70.0000000000000       1.710543949781766E-011   68.2845178983411     
   70.0000000000000       1.790154901673863E-011   68.2018196975529     
   70.0000000000000       1.862852486084053E-011   68.1196326314737     
   70.0000000000000       1.928509682602607E-011   68.0379836325380     
   70.0000000000000       1.987056524286937E-011   67.9568995558777     
   70.0000000000000       2.038471775316939E-011   67.8764071690769     
   70.0000000000000       2.082776480403357E-011   67.7965331418199     
   70.0000000000000       2.120029006283668E-011   67.7173040354352     
   70.0000000000000       2.150318693229613E-011   67.6387462923434     
   70.0000000000000       2.173763636386870E-011   67.5608862254112     
   70.0000000000000       2.190506875939682E-011   67.4837500072184     
   70.0000000000000       2.200713265856898E-011   67.4073636592434     
   70.0000000000000       2.204566732713297E-011   67.3317530409723     
   70.0000000000000       2.202269995700997E-011   67.2569438389395     
   70.0000000000000       2.194040979074689E-011   67.1829615557045     
   70.0000000000000       2.180112368883893E-011   67.1098314987720     
   70.0000000000000       2.160729777684497E-011   67.0375787694636     
   70.0000000000000       2.136151878049974E-011   66.9662282517473     
   70.0000000000000       2.106646456136009E-011   66.8958046010318     
   70.0000000000000       2.072492493578064E-011   66.8263322329353     
   70.0000000000000       2.033977214901438E-011   66.7578353120351     
   70.0000000000000       1.991395398690185E-011   66.6903377406072     
   70.0000000000000       1.945048473263960E-011   66.6238631473641     
   70.0000000000000       1.895243327928539E-011   66.5584348762005     
   70.0000000000000       1.842291186167729E-011   66.4940759749539     
   70.0000000000000       1.786507008509502E-011   66.4308091841924     
   70.0000000000000       1.728207119041712E-011   66.3686569260357     
   70.0000000000000       1.667709484217274E-011   66.3076412930219     
   70.0000000000000       1.605331072651061E-011   66.2477840370281     
   70.0000000000000       1.541387627533857E-011   66.1891065582556     
   70.0000000000000       1.476191292018445E-011   66.1316298942896     
   70.0000000000000       1.410051308884123E-011   66.0753747092432     
   70.0000000000000       1.343269940755584E-011   66.0203612829977     
   70.0000000000000       1.276143228300531E-011   65.9666095005474     
   70.0000000000000       1.208959511155449E-011   65.9141388414616     
   70.0000000000000       1.141997560294212E-011   65.8629683694730     
   70.0000000000000       1.075524731185381E-011   65.8131167222044     
   70.0000000000000       1.009797737943962E-011   65.7646021010431     
   70.0000000000000       9.450598789385846E-012   65.7174422611752     
   70.0000000000000       8.815403534610050E-012   65.6716545017896     
   70.0000000000000       8.194538472767141E-012   65.6272556564630     
   70.0000000000000       7.589987799387443E-012   65.5842620837358     
   70.0000000000000       7.003571804099836E-012   65.5426896578908     
   70.0000000000000       6.436933780977037E-012   65.5025537599439     
   70.0000000000000       5.891542212341512E-012   65.4638692688584     
   70.0000000000000       5.368677268145838E-012   65.4266505529917     
   70.0000000000000       4.869433815457492E-012   65.3909114617869     
   70.0000000000000       4.394716773431348E-012   65.3566653177161     
   70.0000000000000       3.945240635038494E-012   65.3239249084886     
   70.0000000000000       3.521533445122239E-012   65.2927024795304     
   70.0000000000000       3.123935089062079E-012   65.2630097267464     
   70.0000000000000       2.752607558372017E-012   65.2348577895735     
   70.0000000000000       2.407538154348945E-012   65.2082572443335     
   70.0000000000000       2.088549366147373E-012   65.1832180978943     
   70.0000000000000       1.795311216261712E-012   65.1597497816467     
   70.0000000000000       1.527353249024741E-012   65.1378611458062     
   70.0000000000000       1.284080995114125E-012   65.1175604540460     
   70.0000000000000       1.064794387538102E-012   65.0988553784676     
   70.0000000000000       8.687077420778415E-013   65.0817529949175     
   70.0000000000000       6.949730293056329E-013   65.0662597786549     
   70.0000000000000       5.427049011845265E-013   65.0523816003757     
   70.0000000000000       4.110064600421235E-013   65.0401237225997     
   70.0000000000000       2.989972969127593E-013   65.0294907964241     
   70.0000000000000       2.058414811088297E-013   65.0204868586492     
   70.0000000000000       1.307747064998569E-013   65.0131153292789     
   70.0000000000000       7.313058207534290E-014   65.0073790094001     
   70.0000000000000       3.236383347692290E-014   65.0032800794439     
   70.0000000000000       8.069957989604500E-015   65.0008200978305     
   70.0000000000000       5.445282921349679E-028   65.0000000000000     
   70.0000000000000       8.069957989605084E-015   65.0008200978305     
   70.0000000000000       3.236383347692753E-014   65.0032800794439     
   70.0000000000000       7.313058207535867E-014   65.0073790094001     
   70.0000000000000       1.307747064998946E-013   65.0131153292789     
   70.0000000000000       2.058414811089040E-013   65.0204868586492     
   70.0000000000000       2.989972969128893E-013   65.0294907964241     
   70.0000000000000       4.110064600423327E-013   65.0401237225997     
   70.0000000000000       5.427049011848436E-013   65.0523816003757     
   70.0000000000000       6.949730293060916E-013   65.0662597786549     
   70.0000000000000       8.687077420784820E-013   65.0817529949175     
   70.0000000000000       1.064794387538970E-012   65.0988553784676     
   70.0000000000000       1.284080995115275E-012   65.1175604540460     
   70.0000000000000       1.527353249026233E-012   65.1378611458062     
   70.0000000000000       1.795311216263616E-012   65.1597497816467     
   70.0000000000000       2.088549366149766E-012   65.1832180978943     
   70.0000000000000       2.407538154351915E-012   65.2082572443335     
   70.0000000000000       2.752607558375659E-012   65.2348577895735     
   70.0000000000000       3.123935089066500E-012   65.2630097267464     
   70.0000000000000       3.521533445127555E-012   65.2927024795304     
   70.0000000000000       3.945240635044836E-012   65.3239249084886     
   70.0000000000000       4.394716773438859E-012   65.3566653177161     
   70.0000000000000       4.869433815466321E-012   65.3909114617869     
   70.0000000000000       5.368677268156153E-012   65.4266505529917     
   70.0000000000000       5.891542212353493E-012   65.4638692688584     
   70.0000000000000       6.436933780990874E-012   65.5025537599439     
   70.0000000000000       7.003571804115740E-012   65.5426896578908     
   70.0000000000000       7.589987799405638E-012   65.5842620837358     
   70.0000000000000       8.194538472787864E-012   65.6272556564630     
   70.0000000000000       8.815403534633562E-012   65.6716545017896     
   70.0000000000000       9.450598789412407E-012   65.7174422611752     
   70.0000000000000       1.009797737946952E-011   65.7646021010431     
   70.0000000000000       1.075524731188736E-011   65.8131167222044     
   70.0000000000000       1.141997560297965E-011   65.8629683694730     
   70.0000000000000       1.208959511159634E-011   65.9141388414616     
   70.0000000000000       1.276143228305183E-011   65.9666095005474     
   70.0000000000000       1.343269940760744E-011   66.0203612829977     
   70.0000000000000       1.410051308889830E-011   66.0753747092432     
   70.0000000000000       1.476191292024742E-011   66.1316298942896     
   70.0000000000000       1.541387627540789E-011   66.1891065582556     
   70.0000000000000       1.605331072658675E-011   66.2477840370281     
   70.0000000000000       1.667709484225622E-011   66.3076412930219     
   70.0000000000000       1.728207119050844E-011   66.3686569260357     
   70.0000000000000       1.786507008519478E-011   66.4308091841924     
   70.0000000000000       1.842291186178604E-011   66.4940759749539     
   70.0000000000000       1.895243327940376E-011   66.5584348762005     
   70.0000000000000       1.945048473276822E-011   66.6238631473641     
   70.0000000000000       1.991395398704144E-011   66.6903377406072     
   70.0000000000000       2.033977214916567E-011   66.7578353120351     
   70.0000000000000       2.072492493594437E-011   66.8263322329353     
   70.0000000000000       2.106646456153709E-011   66.8958046010318     
   70.0000000000000       2.136151878069084E-011   66.9662282517473     
   70.0000000000000       2.160729777705110E-011   67.0375787694636     
   70.0000000000000       2.180112368906104E-011   67.1098314987720     
   70.0000000000000       2.194040979098599E-011   67.1829615557045     
   70.0000000000000       2.202269995726714E-011   67.2569438389395     
   70.0000000000000       2.204566732740937E-011   67.3317530409723     
   70.0000000000000       2.200713265886579E-011   67.4073636592434     
   70.0000000000000       2.190506875971535E-011   67.4837500072184     
   70.0000000000000       2.173763636421032E-011   67.5608862254112     
   70.0000000000000       2.150318693266229E-011   67.6387462923434     
   70.0000000000000       2.120029006322901E-011   67.7173040354352     
   70.0000000000000       2.082776480445367E-011   67.7965331418199     
   70.0000000000000       2.038471775361903E-011   67.8764071690769     
   70.0000000000000       1.987056524335049E-011   67.9568995558777     
   70.0000000000000       1.928509682654067E-011   68.0379836325380     
   70.0000000000000       1.862852486139087E-011   68.1196326314737     
   70.0000000000000       1.790154901732693E-011   68.2018196975529     
   70.0000000000000       1.710543949844653E-011   68.2845178983411     
   70.0000000000000       1.624213550579618E-011   68.3677002342355     
   70.0000000000000       1.531434578054333E-011   68.4513396484834     
   70.0000000000000       1.432568218565475E-011   68.5354090370809     
   70.0000000000000       1.328082626841930E-011   68.6198812585503     
   70.0000000000000       1.218568083929279E-011   68.7047291435901     
   70.0000000000000       1.104760702359421E-011   68.7899255045977     
   70.0000000000000       9.875624836051047E-012   68.8754431450589     
   70.0000000000000       8.680714232934141E-012   68.9612548688046     
   70.0000000000000       7.476101017443237E-012   69.0473334891312     
   70.0000000000000       6.277622211165802E-012   69.1336518377814     
   70.0000000000000       5.104101577079407E-012   69.2201827737866     
   70.0000000000000       3.977706794338020E-012   69.3068991921666     
