   70.0000000000000      -1.752782908306558E-012   6.00000000000000     
   70.0000000000000      -2.020253992437267E-012   8.00000000000000     
   70.0000000000000      -3.713677528535167E-012   10.0000000000000     
   70.0000000000000      -5.823727560108728E-012   12.0000000000000     
   70.0000000000000      -7.212221464637415E-012   14.0000000000000     
   70.0000000000000      -7.193855273135795E-012   16.0000000000000     
   70.0000000000000      -5.505575730128761E-012   18.0000000000000     
   70.0000000000000      -2.290154093128843E-012   20.0000000000000     
   70.0000000000000       2.034951737381813E-012   22.0000000000000     
   70.0000000000000       6.868285319556937E-012   24.0000000000000     
   70.0000000000000       1.159678015693013E-011   26.0000000000000     
   70.0000000000000       1.574875411128434E-011   28.0000000000000     
   70.0000000000000       1.898891476904547E-011   30.0000000000000     
   70.0000000000000       2.108383149987597E-011   32.0000000000000     
   70.0000000000000       2.201105811113742E-011   34.0000000000000     
   70.0000000000000       2.186108817250542E-011   36.0000000000000     
   70.0000000000000       2.079822735213048E-011   38.0000000000000     
   70.0000000000000       1.900230869577431E-011   40.0000000000000     
   70.0000000000000       1.674143454382604E-011   42.0000000000000     
   70.0000000000000       1.419017783642000E-011   44.0000000000000     
   70.0000000000000       1.163870515516609E-011   46.0000000000000     
   70.0000000000000       9.106872921659850E-012   48.0000000000000     
   70.0000000000000       6.752925707712400E-012   50.0000000000000     
   70.0000000000000       4.856376735124798E-012   52.0000000000000     
   70.0000000000000       3.007455305010523E-012   54.0000000000000     
   70.0000000000000       1.581210475537938E-012   56.0000000000000     
   70.0000000000000       6.240509867448156E-013   58.0000000000000     
   70.0000000000000      -1.259283742491903E-013   60.0000000000000     
   70.0000000000000      -5.458923401182095E-013   62.0000000000000     
   70.0000000000000      -1.011508843895514E-012   64.0000000000000     
   70.0000000000000      -9.821067068283397E-013   66.0000000000000     
   70.0000000000000      -1.074709784141659E-012   68.0000000000000     
   70.0000000000000      -1.038074516721113E-012   70.0000000000000     
   70.0000000000000      -7.281065111128925E-013   72.0000000000000     
   70.0000000000000      -7.276460923975724E-013   74.0000000000000     
   70.0000000000000      -4.519422922628662E-013   76.0000000000000     
   70.0000000000000      -4.424260351923193E-013   78.0000000000000     
   70.0000000000000      -4.697106456651688E-013   80.0000000000000     
   70.0000000000000      -2.329090629719351E-013   82.0000000000000     
   70.0000000000000      -2.967639490923830E-013   84.0000000000000     
   70.0000000000000      -2.263911198815722E-013   86.0000000000000     
   70.0000000000000      -3.666280747054889E-013   88.0000000000000     
   70.0000000000000      -1.161726280300729E-013   90.0000000000000     
   70.0000000000000       5.368125184002236E-014   92.0000000000000     
   70.0000000000000      -9.125303725549347E-014   94.0000000000000     
   70.0000000000000       1.158097814727691E-013   96.0000000000000     
   70.0000000000000       3.481321641974921E-013   98.0000000000000     
   70.0000000000000       7.397024850285363E-013   100.000000000000     
   70.0000000000000       1.116998169092169E-012   102.000000000000     
   70.0000000000000       1.619510098066386E-012   104.000000000000     
   70.0000000000000       2.463624587900936E-012   106.000000000000     
   70.0000000000000       3.296557014903281E-012   108.000000000000     
   70.0000000000000       4.121202728235194E-012   110.000000000000     
   70.0000000000000       5.183870741466967E-012   112.000000000000     
   70.0000000000000       6.040785600892921E-012   114.000000000000     
   70.0000000000000       6.979635702466285E-012   116.000000000000     
   70.0000000000000       7.707488380158515E-012   118.000000000000     
   70.0000000000000       8.135019544950324E-012   120.000000000000     
   70.0000000000000       8.319726918400251E-012   122.000000000000     
   70.0000000000000       8.042151134231731E-012   124.000000000000     
   70.0000000000000       7.086246796843460E-012   126.000000000000     
   70.0000000000000       5.541948033662309E-012   128.000000000000     
   70.0000000000000       3.419513303030508E-012   130.000000000000     
   70.0000000000000       5.859188480014111E-013   132.000000000000     
   70.0000000000000      -2.842734470908006E-012   134.000000000000     
   70.0000000000000      -6.572998225530426E-012   136.000000000000     
   70.0000000000000      -1.057881162081032E-011   138.000000000000     
   70.0000000000000      -1.443412229358282E-011   140.000000000000     
   70.0000000000000      -1.783096568475005E-011   142.000000000000     
   70.0000000000000      -2.036420286468236E-011   144.000000000000     
   70.0000000000000      -2.177466619997276E-011   146.000000000000     
   70.0000000000000      -2.169984322641447E-011   148.000000000000     
   70.0000000000000      -2.006532471418045E-011   150.000000000000     
   70.0000000000000      -1.694333455989190E-011   152.000000000000     
   70.0000000000000      -1.256842711521983E-011   154.000000000000     
   70.0000000000000      -7.431935534027706E-012   156.000000000000     
   70.0000000000000      -2.208906285335143E-012   158.000000000000     
   70.0000000000000       2.399850844071452E-012   160.000000000000     
   70.0000000000000       5.748811718526028E-012   162.000000000000     
   70.0000000000000       7.398770411971738E-012   164.000000000000     
   70.0000000000000       7.281904320120734E-012   166.000000000000     
   70.0000000000000       5.787257490118453E-012   168.000000000000     
   70.0000000000000       3.695632746702024E-012   170.000000000000     
   70.0000000000000       2.001795971068610E-012   172.000000000000     
   70.0000000000000       1.762071326689480E-012   174.000000000000     
