   70.0000000000000       4.931769989919861E-012   11.0000000000000     
   70.0000000000000       6.152315262075590E-012   12.0000000000000     
   70.0000000000000       7.379797050766508E-012   13.0000000000000     
   70.0000000000000       8.649847649527192E-012   14.0000000000000     
   70.0000000000000       9.890414247025448E-012   15.0000000000000     
   70.0000000000000       1.110205709167760E-011   16.0000000000000     
   70.0000000000000       1.228835397458132E-011   17.0000000000000     
   70.0000000000000       1.339690088692172E-011   18.0000000000000     
   70.0000000000000       1.447825582525038E-011   19.0000000000000     
   70.0000000000000       1.547975120696740E-011   20.0000000000000     
   70.0000000000000       1.641408536129415E-011   21.0000000000000     
   70.0000000000000       1.729924292337982E-011   22.0000000000000     
   70.0000000000000       1.808204435815524E-011   23.0000000000000     
   70.0000000000000       1.881916979856606E-011   24.0000000000000     
   70.0000000000000       1.947333671861831E-011   25.0000000000000     
   70.0000000000000       2.004070573119023E-011   26.0000000000000     
   70.0000000000000       2.056212088473429E-011   27.0000000000000     
   70.0000000000000       2.098403615797728E-011   28.0000000000000     
   70.0000000000000       2.134080098894004E-011   29.0000000000000     
   70.0000000000000       2.164248044586989E-011   30.0000000000000     
   70.0000000000000       2.184451788587841E-011   31.0000000000000     
   70.0000000000000       2.200275790248625E-011   32.0000000000000     
   70.0000000000000       2.209246776465685E-011   33.0000000000000     
   70.0000000000000       2.210287856896252E-011   34.0000000000000     
   70.0000000000000       2.207052465620755E-011   35.0000000000000     
   70.0000000000000       2.196498042291821E-011   36.0000000000000     
   70.0000000000000       2.182058852060084E-011   37.0000000000000     
   70.0000000000000       2.160498850197263E-011   38.0000000000000     
   70.0000000000000       2.133439779053376E-011   39.0000000000000     
   70.0000000000000       2.102421997719301E-011   40.0000000000000     
   70.0000000000000       2.069374702274471E-011   41.0000000000000     
   70.0000000000000       2.025785442150396E-011   42.0000000000000     
   70.0000000000000       1.986799021115188E-011   43.0000000000000     
   70.0000000000000       1.935404116865662E-011   44.0000000000000     
   70.0000000000000       1.881040658468576E-011   45.0000000000000     
   70.0000000000000       1.831627071565597E-011   46.0000000000000     
   70.0000000000000       1.773861906979730E-011   47.0000000000000     
   70.0000000000000       1.719274208907723E-011   48.0000000000000     
   70.0000000000000       1.652047463118263E-011   49.0000000000000     
   70.0000000000000       1.585513478076262E-011   50.0000000000000     
   70.0000000000000       1.526232625489820E-011   51.0000000000000     
   70.0000000000000       1.466336426793532E-011   52.0000000000000     
   70.0000000000000       1.384358156056504E-011   53.0000000000000     
   70.0000000000000       1.327243646634265E-011   54.0000000000000     
   70.0000000000000       1.259145269381439E-011   55.0000000000000     
   70.0000000000000       1.186428824283057E-011   56.0000000000000     
   70.0000000000000       1.116739056271753E-011   57.0000000000000     
   70.0000000000000       1.053086783072208E-011   58.0000000000000     
   70.0000000000000       9.804113195586595E-012   59.0000000000000     
   70.0000000000000       9.123386861474579E-012   60.0000000000000     
   70.0000000000000       8.654738824341960E-012   61.0000000000000     
   70.0000000000000       8.005066377670878E-012   62.0000000000000     
   70.0000000000000       7.502556834506538E-012   63.0000000000000     
   70.0000000000000       6.858470027141506E-012   64.0000000000000     
   70.0000000000000       6.168997934930923E-012   65.0000000000000     
   70.0000000000000       5.682648864804258E-012   66.0000000000000     
   70.0000000000000       5.140808686791659E-012   67.0000000000000     
   70.0000000000000       4.607681905764561E-012   68.0000000000000     
   70.0000000000000       4.167883125159904E-012   69.0000000000000     
   70.0000000000000       3.747237045958935E-012   70.0000000000000     
   70.0000000000000       3.357812202196562E-012   71.0000000000000     
   70.0000000000000       2.899196449237037E-012   72.0000000000000     
   70.0000000000000       2.698720133866839E-012   73.0000000000000     
   70.0000000000000       2.213617399158125E-012   74.0000000000000     
   70.0000000000000       1.934829907024541E-012   75.0000000000000     
   70.0000000000000       1.720953396334577E-012   76.0000000000000     
   70.0000000000000       1.204369263001537E-012   77.0000000000000     
   70.0000000000000       1.148308254940848E-012   78.0000000000000     
   70.0000000000000       9.267112170241653E-013   79.0000000000000     
   70.0000000000000       9.343353436689280E-013   80.0000000000000     
   70.0000000000000       5.934711804644840E-013   81.0000000000000     
   70.0000000000000       5.304779565420505E-013   82.0000000000000     
   70.0000000000000       3.200416532926759E-013   83.0000000000000     
   70.0000000000000       3.371234637885572E-013   84.0000000000000     
   70.0000000000000       3.752451533418579E-013   85.0000000000000     
   70.0000000000000       2.302699868442624E-013   86.0000000000000     
   70.0000000000000       1.957256186771158E-013   87.0000000000000     
   70.0000000000000       3.792568736977051E-013   88.0000000000000     
   70.0000000000000       1.321487034611006E-013   89.0000000000000     
   70.0000000000000       1.176731002062531E-013   90.0000000000000     
   70.0000000000000       2.612481305196059E-013   91.0000000000000     
   70.0000000000000       1.048639567246809E-013   92.0000000000000     
   70.0000000000000       3.757432224291580E-013   93.0000000000000     
   70.0000000000000       3.623256410129516E-013   94.0000000000000     
   70.0000000000000       2.138044119474391E-013   95.0000000000000     
   70.0000000000000       4.887184153468176E-013   96.0000000000000     
   70.0000000000000       5.611716477145141E-013   97.0000000000000     
   70.0000000000000       6.676286178596329E-013   98.0000000000000     
   70.0000000000000       8.228437199771916E-013   99.0000000000000     
   70.0000000000000       1.051499323633306E-012   100.000000000000     
   70.0000000000000       1.268274603659315E-012   101.000000000000     
   70.0000000000000       1.438228346208201E-012   102.000000000000     
   70.0000000000000       1.743044182297020E-012   103.000000000000     
   70.0000000000000       1.892045209638663E-012   104.000000000000     
   70.0000000000000       2.309004988361292E-012   105.000000000000     
   70.0000000000000       2.713320282667369E-012   106.000000000000     
   70.0000000000000       2.871096201256859E-012   107.000000000000     
   70.0000000000000       3.401106357963308E-012   108.000000000000     
   70.0000000000000       3.785795476793278E-012   109.000000000000     
   70.0000000000000       4.171845317012502E-012   110.000000000000     
   70.0000000000000       4.698804994632135E-012   111.000000000000     
   70.0000000000000       5.184166495847741E-012   112.000000000000     
   70.0000000000000       5.629452504628360E-012   113.000000000000     
   70.0000000000000       6.100334555342074E-012   114.000000000000     
   70.0000000000000       6.752168936788583E-012   115.000000000000     
   70.0000000000000       7.253397073793891E-012   116.000000000000     
   70.0000000000000       7.887373671672451E-012   117.000000000000     
   70.0000000000000       8.460164019045179E-012   118.000000000000     
   70.0000000000000       9.079761744800738E-012   119.000000000000     
   70.0000000000000       9.573752929772661E-012   120.000000000000     
   70.0000000000000       1.022617282029479E-011   121.000000000000     
   70.0000000000000       1.094005002106338E-011   122.000000000000     
   70.0000000000000       1.170567691226965E-011   123.000000000000     
   70.0000000000000       1.228872136804453E-011   124.000000000000     
   70.0000000000000       1.293954029512696E-011   125.000000000000     
   70.0000000000000       1.364702089642259E-011   126.000000000000     
   70.0000000000000       1.423992547876342E-011   127.000000000000     
   70.0000000000000       1.491867747200177E-011   128.000000000000     
   70.0000000000000       1.560211931768928E-011   129.000000000000     
   70.0000000000000       1.616783774714528E-011   130.000000000000     
   70.0000000000000       1.679661154751722E-011   131.000000000000     
   70.0000000000000       1.742748559920636E-011   132.000000000000     
   70.0000000000000       1.795202134271803E-011   133.000000000000     
   70.0000000000000       1.854699711437118E-011   134.000000000000     
   70.0000000000000       1.901062467306323E-011   135.000000000000     
   70.0000000000000       1.952763236635120E-011   136.000000000000     
   70.0000000000000       2.005318674249042E-011   137.000000000000     
   70.0000000000000       2.040085004713409E-011   138.000000000000     
   70.0000000000000       2.077984037227788E-011   139.000000000000     
   70.0000000000000       2.110157610213194E-011   140.000000000000     
   70.0000000000000       2.137693631317140E-011   141.000000000000     
   70.0000000000000       2.161349747586660E-011   142.000000000000     
   70.0000000000000       2.179540136478142E-011   143.000000000000     
   70.0000000000000       2.190350918634541E-011   144.000000000000     
   70.0000000000000       2.197383848783867E-011   145.000000000000     
   70.0000000000000       2.199909447910580E-011   146.000000000000     
   70.0000000000000       2.191932216130079E-011   147.000000000000     
   70.0000000000000       2.180913753211305E-011   148.000000000000     
   70.0000000000000       2.163166178171591E-011   149.000000000000     
   70.0000000000000       2.136498301641420E-011   150.000000000000     
   70.0000000000000       2.105932368788437E-011   151.000000000000     
   70.0000000000000       2.067142030890519E-011   152.000000000000     
   70.0000000000000       2.020185350588479E-011   153.000000000000     
   70.0000000000000       1.969088986370680E-011   154.000000000000     
   70.0000000000000       1.907822910700868E-011   155.000000000000     
   70.0000000000000       1.841156863802315E-011   156.000000000000     
   70.0000000000000       1.768319792685726E-011   157.000000000000     
   70.0000000000000       1.686457472030230E-011   158.000000000000     
   70.0000000000000       1.600358269575862E-011   159.000000000000     
   70.0000000000000       1.506348255785432E-011   160.000000000000     
   70.0000000000000       1.406600721073425E-011   161.000000000000     
   70.0000000000000       1.301980265702356E-011   162.000000000000     
   70.0000000000000       1.191456861621086E-011   163.000000000000     
   70.0000000000000       1.077362445711864E-011   164.000000000000     
   70.0000000000000       9.592703653605245E-012   165.000000000000     
   70.0000000000000       8.391980366459607E-012   166.000000000000     
   70.0000000000000       7.187178758698465E-012   167.000000000000     
   70.0000000000000       5.984444857115283E-012   168.000000000000     
   70.0000000000000       4.827848654538697E-012   169.000000000000     
   70.0000000000000       3.710418975503347E-012   170.000000000000     
