   70.0000000000000      -1.113227176538618E-012   11.0000000000000     
   70.0000000000000      -1.983728910309641E-012   12.0000000000000     
   70.0000000000000      -3.213874996161802E-012   13.0000000000000     
   70.0000000000000      -4.775324691060749E-012   14.0000000000000     
   70.0000000000000      -6.544612368082634E-012   15.0000000000000     
   70.0000000000000      -8.456010760166118E-012   16.0000000000000     
   70.0000000000000      -1.038392721156747E-011   17.0000000000000     
   70.0000000000000      -1.221333653240674E-011   18.0000000000000     
   70.0000000000000      -1.389773154049905E-011   19.0000000000000     
   70.0000000000000      -1.530940533330194E-011   20.0000000000000     
   70.0000000000000      -1.641265512561280E-011   21.0000000000000     
   70.0000000000000      -1.717913784648792E-011   22.0000000000000     
   70.0000000000000      -1.753475295066652E-011   23.0000000000000     
   70.0000000000000      -1.752106756668725E-011   24.0000000000000     
   70.0000000000000      -1.712682612775511E-011   25.0000000000000     
   70.0000000000000      -1.634455799940740E-011   26.0000000000000     
   70.0000000000000      -1.525700213958463E-011   27.0000000000000     
   70.0000000000000      -1.386746254444562E-011   28.0000000000000     
   70.0000000000000      -1.220961771155856E-011   29.0000000000000     
   70.0000000000000      -1.038354832144521E-011   30.0000000000000     
   70.0000000000000      -8.392197017839133E-012   31.0000000000000     
   70.0000000000000      -6.292329028289831E-012   32.0000000000000     
   70.0000000000000      -4.168826707537676E-012   33.0000000000000     
   70.0000000000000      -2.012600770752649E-012   34.0000000000000     
   70.0000000000000       9.051040871777189E-014   35.0000000000000     
   70.0000000000000       2.133820257923295E-012   36.0000000000000     
   70.0000000000000       4.049417751362369E-012   37.0000000000000     
   70.0000000000000       5.848868880344391E-012   38.0000000000000     
   70.0000000000000       7.498535648256487E-012   39.0000000000000     
   70.0000000000000       8.996115266041314E-012   40.0000000000000     
   70.0000000000000       1.031125431438483E-011   41.0000000000000     
   70.0000000000000       1.140635941822086E-011   42.0000000000000     
   70.0000000000000       1.242961354009084E-011   43.0000000000000     
   70.0000000000000       1.316122192385000E-011   44.0000000000000     
   70.0000000000000       1.372066551045383E-011   45.0000000000000     
   70.0000000000000       1.414306597737232E-011   46.0000000000000     
   70.0000000000000       1.439323737672244E-011   47.0000000000000     
   70.0000000000000       1.458270366325347E-011   48.0000000000000     
   70.0000000000000       1.449686106141764E-011   49.0000000000000     
   70.0000000000000       1.434514877239917E-011   50.0000000000000     
   70.0000000000000       1.415774702345894E-011   51.0000000000000     
   70.0000000000000       1.383581788911306E-011   52.0000000000000     
   70.0000000000000       1.330623242008034E-011   53.0000000000000     
   70.0000000000000       1.292721092662553E-011   54.0000000000000     
   70.0000000000000       1.237397277422974E-011   55.0000000000000     
   70.0000000000000       1.175844840703980E-011   56.0000000000000     
   70.0000000000000       1.111912724595288E-011   57.0000000000000     
   70.0000000000000       1.051236118263067E-011   58.0000000000000     
   70.0000000000000       9.802612898924700E-012   59.0000000000000     
   70.0000000000000       9.122517737373050E-012   60.0000000000000     
   70.0000000000000       8.646762103785711E-012   61.0000000000000     
   70.0000000000000       7.986431572605943E-012   62.0000000000000     
   70.0000000000000       7.462470325131169E-012   63.0000000000000     
   70.0000000000000       6.783469685339470E-012   64.0000000000000     
   70.0000000000000       6.076717647660890E-012   65.0000000000000     
   70.0000000000000       5.597138959956588E-012   66.0000000000000     
   70.0000000000000       5.014143337824152E-012   67.0000000000000     
   70.0000000000000       4.480594985554969E-012   68.0000000000000     
   70.0000000000000       4.014449955672565E-012   69.0000000000000     
   70.0000000000000       3.600581449757979E-012   70.0000000000000     
   70.0000000000000       3.246109663837246E-012   71.0000000000000     
   70.0000000000000       2.806278845685805E-012   72.0000000000000     
   70.0000000000000       2.591491221457431E-012   73.0000000000000     
   70.0000000000000       2.090605929885909E-012   74.0000000000000     
   70.0000000000000       1.850359141375955E-012   75.0000000000000     
   70.0000000000000       1.660550739007906E-012   76.0000000000000     
   70.0000000000000       1.122938256928033E-012   77.0000000000000     
   70.0000000000000       1.059656100699325E-012   78.0000000000000     
   70.0000000000000       8.843748050238139E-013   79.0000000000000     
   70.0000000000000       8.076846190053047E-013   80.0000000000000     
   70.0000000000000       4.737857086181212E-013   81.0000000000000     
   70.0000000000000       4.766132926834551E-013   82.0000000000000     
   70.0000000000000       2.300906316427525E-013   83.0000000000000     
   70.0000000000000       1.599480801881915E-013   84.0000000000000     
   70.0000000000000       1.627832508147438E-013   85.0000000000000     
   70.0000000000000       4.208714388057691E-014   86.0000000000000     
   70.0000000000000       2.817719245597364E-014   87.0000000000000     
   70.0000000000000       9.705478393517465E-014   88.0000000000000     
   70.0000000000000      -2.568909084932887E-014   89.0000000000000     
   70.0000000000000      -1.873176469895987E-014   90.0000000000000     
   70.0000000000000       1.684348874756829E-013   91.0000000000000     
   70.0000000000000       9.008203273041655E-014   92.0000000000000     
   70.0000000000000       3.729320607532792E-013   93.0000000000000     
   70.0000000000000       3.506461939435445E-013   94.0000000000000     
   70.0000000000000       2.088451148006478E-013   95.0000000000000     
   70.0000000000000       4.747986773510789E-013   96.0000000000000     
   70.0000000000000       5.391583916927293E-013   97.0000000000000     
   70.0000000000000       5.696770731180379E-013   98.0000000000000     
   70.0000000000000       6.046746119210306E-013   99.0000000000000     
   70.0000000000000       7.473225951648377E-013   100.000000000000     
   70.0000000000000       9.389184510799632E-013   101.000000000000     
   70.0000000000000       9.059888884978220E-013   102.000000000000     
   70.0000000000000       1.042491066693530E-012   103.000000000000     
   70.0000000000000       9.782750725525084E-013   104.000000000000     
   70.0000000000000       1.094811797672890E-012   105.000000000000     
   70.0000000000000       1.136952437977981E-012   106.000000000000     
   70.0000000000000       8.895529103645415E-013   107.000000000000     
   70.0000000000000       8.368012342667780E-013   108.000000000000     
   70.0000000000000       7.309455998560595E-013   109.000000000000     
   70.0000000000000       6.480597363406705E-013   110.000000000000     
   70.0000000000000       4.042259146929169E-013   111.000000000000     
   70.0000000000000       5.537501632468330E-014   112.000000000000     
   70.0000000000000      -2.766669399552986E-013   113.000000000000     
   70.0000000000000      -8.502887810299151E-013   114.000000000000     
   70.0000000000000      -1.319036056631356E-012   115.000000000000     
   70.0000000000000      -1.973943912825225E-012   116.000000000000     
   70.0000000000000      -2.763475176494085E-012   117.000000000000     
   70.0000000000000      -3.488409107153021E-012   118.000000000000     
   70.0000000000000      -4.260031940052536E-012   119.000000000000     
   70.0000000000000      -5.047593700329576E-012   120.000000000000     
   70.0000000000000      -6.049161631464375E-012   121.000000000000     
   70.0000000000000      -7.104001581264961E-012   122.000000000000     
   70.0000000000000      -8.243247636871491E-012   123.000000000000     
   70.0000000000000      -9.291742462832769E-012   124.000000000000     
   70.0000000000000      -1.048525919474561E-011   125.000000000000     
   70.0000000000000      -1.166303072454243E-011   126.000000000000     
   70.0000000000000      -1.269247758257426E-011   127.000000000000     
   70.0000000000000      -1.385112809506141E-011   128.000000000000     
   70.0000000000000      -1.490686579339773E-011   129.000000000000     
   70.0000000000000      -1.580208550123727E-011   130.000000000000     
   70.0000000000000      -1.665939281902597E-011   131.000000000000     
   70.0000000000000      -1.741763340451572E-011   132.000000000000     
   70.0000000000000      -1.791871709894431E-011   133.000000000000     
   70.0000000000000      -1.832784664624855E-011   134.000000000000     
   70.0000000000000      -1.844134712984380E-011   135.000000000000     
   70.0000000000000      -1.838815162441676E-011   136.000000000000     
   70.0000000000000      -1.811071159045185E-011   137.000000000000     
   70.0000000000000      -1.744372171691178E-011   138.000000000000     
   70.0000000000000      -1.656690404735688E-011   139.000000000000     
   70.0000000000000      -1.539261600924162E-011   140.000000000000     
   70.0000000000000      -1.394157171531928E-011   141.000000000000     
   70.0000000000000      -1.221474256333543E-011   142.000000000000     
   70.0000000000000      -1.024407886873381E-011   143.000000000000     
   70.0000000000000      -8.066161191197483E-012   144.000000000000     
   70.0000000000000      -5.641054481274694E-012   145.000000000000     
   70.0000000000000      -3.134337215487059E-012   146.000000000000     
   70.0000000000000      -4.922970961291622E-013   147.000000000000     
   70.0000000000000       2.180661331719446E-012   148.000000000000     
   70.0000000000000       4.804575015703233E-012   149.000000000000     
   70.0000000000000       7.337931820763031E-012   150.000000000000     
   70.0000000000000       9.721148812741391E-012   151.000000000000     
   70.0000000000000       1.184191840788437E-011   152.000000000000     
   70.0000000000000       1.367390090316283E-011   153.000000000000     
   70.0000000000000       1.515802703104986E-011   154.000000000000     
   70.0000000000000       1.620963422187812E-011   155.000000000000     
   70.0000000000000       1.684494564938379E-011   156.000000000000     
   70.0000000000000       1.702019044791577E-011   157.000000000000     
   70.0000000000000       1.671928866666480E-011   158.000000000000     
   70.0000000000000       1.600203932995637E-011   159.000000000000     
   70.0000000000000       1.487108680281945E-011   160.000000000000     
   70.0000000000000       1.340154986504105E-011   161.000000000000     
   70.0000000000000       1.168188448208488E-011   162.000000000000     
   70.0000000000000       9.784455465945607E-012   163.000000000000     
   70.0000000000000       7.831294933403833E-012   164.000000000000     
   70.0000000000000       5.922442943769913E-012   165.000000000000     
   70.0000000000000       4.171235301880069E-012   166.000000000000     
   70.0000000000000       2.682629359987944E-012   167.000000000000     
   70.0000000000000       1.523558660151104E-012   168.000000000000     
   70.0000000000000       7.202553769055287E-013   169.000000000000     
   70.0000000000000       3.309192881639919E-013   170.000000000000     
