   3.09900000000000     
   3.09900000000000     
   3.09900000000000     
   3.09900000000000     
   3.09900000000000     
   3.09900000000000     
   3.09900000000000     
   3.09900000000000     
   3.09900000000000     
   3.09900000000000     
   3.09900000000000     
   3.09900000000000     
   3.09900000000000     
   3.09900000000000     
   3.09900000000000     
   3.09900000000000     
   3.09900000000000     
   3.09900000000000     
   3.09900000000000     
   3.09900000000000     
   3.09900000000000     
   3.09900000000000     
   3.09900000000000     
   3.09900000000000     
   3.09900000000000     
   3.09900000000000     
   3.09900000000000     
   3.09900000000000     
   3.09900000000000     
   3.09900000000000     
   3.09900000000000     
   3.09900000000000     
   3.09900000000000     
   3.09900000000000     
   3.09900000000000     
   3.09900000000000     
   3.09900000000000     
   3.09900000000000     
   3.09900000000000     
   3.09900000000000     
   3.09900000000000     
   3.09900000000000     
   3.09900000000000     
   3.09900000000000     
   3.09900000000000     
   3.09900000000000     
   3.09900000000000     
   3.09900000000000     
   3.09900000000000     
   3.09900000000000     
   3.09900000000000     
   3.09900000000000     
   3.09900000000000     
   3.09900000000000     
   3.09900000000000     
   3.09900000000000     
   3.09900000000000     
   3.09900000000000     
   3.09900000000000     
   3.09900000000000     
   3.09900000000000     
   3.09900000000000     
   3.09900000000000     
   3.09900000000000     
   3.09900000000000     
   3.09900000000000     
   3.09900000000000     
   3.09900000000000     
   3.09900000000000     
   3.09900000000000     
   3.09900000000000     
   3.09900000000000     
   3.09900000000000     
   3.09900000000000     
   3.09900000000000     
   3.09900000000000     
   3.09900000000000     
   3.09900000000000     
   3.09900000000000     
   3.09900000000000     
   3.09900000000000     
   3.09900000000000     
   3.09900000000000     
   3.09900000000000     
   3.09900000000000     
