   10.0000000000000       2.313384752588751E-011   5.57052402574562     
   10.2000000000000       3.274485816417889E-011   5.76119368532575     
   10.4000000000000       3.665236800977533E-011   5.95247574025006     
   10.6000000000000       3.454372064450841E-011   6.14431299631567     
   10.8000000000000       2.705512034355946E-011   6.33665502888724     
   11.0000000000000       1.562741832341456E-011   6.52945722962867     
   11.2000000000000       2.246057519097969E-012   6.72268000666239     
   11.4000000000000      -1.089048608128982E-011   6.91628811071419     
   11.6000000000000      -2.172042815527058E-011   7.11025006514079     
   11.8000000000000      -2.863253058174061E-011   7.30453768196611     
   12.0000000000000      -3.069759323405149E-011   7.49912564941347     
   12.2000000000000      -2.778532777318457E-011   7.69399117910329     
   12.4000000000000      -2.055301824174949E-011   7.88911370323355     
   12.6000000000000      -1.031249225565279E-011   8.08447461378756     
   12.8000000000000       1.199654271873072E-012   8.28005703720716     
   13.0000000000000       1.210968940874054E-011   8.47584563909890     
   13.2000000000000       2.070557738746321E-011   8.67182645445930     
   13.4000000000000       2.570033464065365E-011   8.86798673965451     
   13.6000000000000       2.642006871330571E-011   9.06431484300476     
   13.8000000000000       2.288988199042233E-011   9.26080009132821     
   14.0000000000000       1.580742429544535E-011   9.45743269021635     
   14.2000000000000       6.411715082674538E-012   9.65420363615772     
   14.4000000000000      -3.729145850016251E-012   9.85110463891381     
   14.6000000000000      -1.297566644571037E-011   10.0481280527896     
   14.8000000000000      -1.987841291927267E-011   10.2452668156415     
   15.0000000000000      -2.340200525228793E-011   10.4425143946328     
   15.2000000000000      -2.307755469637635E-011   10.6398647378875     
   15.4000000000000      -1.906143154689861E-011   10.8373122313132     
   15.6000000000000      -1.209367831496894E-011   11.0348516599635     
   15.8000000000000      -3.365143754799006E-012   11.2324781733964     
   16.0000000000000       5.683283698078679E-012   11.4301872545578     
   16.2000000000000       1.359601687507334E-011   11.6279746917803     
   16.4000000000000       1.913459820170126E-011   11.8258365535429     
   16.6000000000000       2.146948581829751E-011   12.0237691656793     
   16.8000000000000       2.030235191735409E-011   12.2217690907645     
   17.0000000000000       1.590116954373837E-011   12.4198331094422     
   17.2000000000000       9.044529349619677E-012   12.6179582034822     
   17.4000000000000       8.859965042351956E-013   12.8161415403877     
   17.6000000000000      -7.238144391871560E-012   13.0143804593872     
   17.8000000000000      -1.402606358595355E-011   13.2126724586704     
   18.0000000000000      -1.841742394159225E-011   13.4110151837412     
   18.2000000000000      -1.975761476953931E-011   13.6094064167753     
   18.4000000000000      -1.789392658586504E-011   13.8078440668843     
   18.6000000000000      -1.318976532606492E-011   14.0063261611966     
   18.8000000000000      -6.456271486328066E-012   14.2048508366772     
   19.0000000000000       1.186162017776487E-012   14.4034163326163     
   19.2000000000000       8.493051118453585E-012   14.6020209837236     
   19.4000000000000       1.429726657965760E-011   14.8006632137730     
   19.6000000000000       1.769436138996172E-011   14.9993415297460     
   19.8000000000000       1.818249069919687E-011   15.1980545164304     
   20.0000000000000       1.573547296875901E-011   15.3968008314331     
   20.2000000000000       1.079846374397564E-011   15.5955792005698     
   20.4000000000000       4.208354996238704E-012   15.7943884136004     
   20.6000000000000      -2.947115220493991E-012   15.9932273202785     
   20.8000000000000      -9.507984609515661E-012   16.1920948266903     
   21.0000000000000      -1.442922571339871E-011   16.3909898918570     
   21.2000000000000      -1.694639200911216E-011   16.5899115245799     
   21.4000000000000      -1.669362301880970E-011   16.7888587805073     
   21.6000000000000      -1.375587566169509E-011   16.9878307594067     
   21.8000000000000      -8.648128886436419E-012   17.1868266026242     
   22.0000000000000      -2.225971096108300E-012   17.3858454907174     
   22.2000000000000       4.456990161022603E-012   17.5848866412476     
   22.4000000000000       1.032129086168780E-011   17.7839493067191     
   22.6000000000000       1.443530807534886E-011   17.9830327726550     
   22.8000000000000       1.616265853525465E-011   18.1821363557975     
   23.0000000000000       1.526004951576891E-011   18.3812594024251     
   23.2000000000000       1.191066179972771E-011   18.5804012867771     
   23.4000000000000       6.688581943356796E-012   18.7795614095776     
   23.6000000000000       4.610313515733269E-013   18.9787391966518     
   23.8000000000000      -5.755103725510326E-012   19.1779340976278     
   24.0000000000000      -1.095878757097416E-011   19.3771455847187     
   24.2000000000000      -1.432552399507154E-011   19.5763731515777     
   24.4000000000000      -1.533753011111235E-011   19.7756163122224     
   24.6000000000000      -1.386289630656793E-011   19.9748746000236     
   24.8000000000000      -1.017170918933544E-011   20.1741475667522     
   25.0000000000000      -4.887372799844963E-012   20.3734347816838     
   25.2000000000000       1.118216313781644E-012   20.5727358307531     
   25.4000000000000       6.868102195717151E-012   20.7720503157579     
   25.6000000000000       1.143876374231642E-011   20.9713778536082     
   25.8000000000000       1.410805370985067E-011   21.1707180756165     
   26.0000000000000       1.446892311349153E-011   21.3700706268291     
   26.2000000000000       1.249108887956406E-011   21.5694351653930     
   26.4000000000000       8.521368164759199E-012   21.7688113619582     
   26.6000000000000       3.223347104781475E-012   21.9681988991121     
   26.8000000000000      -2.533182297207824E-012   22.1675974708442     
   27.0000000000000      -7.814675565187737E-012   22.3670067820396     
   27.2000000000000      -1.177488680057389E-011   22.5664265479990     
   27.4000000000000      -1.379013881894680E-011   22.7658564939837     
   27.6000000000000      -1.355726014983800E-011   22.9652963547847     
   27.8000000000000      -1.113879469141813E-011   23.1647458743134     
   28.0000000000000      -6.948897090553609E-012   23.3642048052132     
   28.2000000000000      -1.682731944889420E-012   23.5636729084914     
   28.4000000000000       3.798566243466172E-012   23.7631499531691     
   28.6000000000000       8.608421787437774E-012   23.9626357159481     
   28.8000000000000       1.197794528271220E-011   24.1621299808949     
   29.0000000000000       1.337858625638887E-011   24.3616325391400     
   29.2000000000000       1.260479028811501E-011   24.5611431885919     
   29.4000000000000       9.803787054069628E-012   24.7606617336642     
   29.6000000000000       5.448221900882440E-012   24.9601879850167     
   29.8000000000000       2.566781202629693E-013   25.1597217593081     
   30.0000000000000      -4.924653382855995E-012   25.3592628789606     
   30.2000000000000      -9.259651743003616E-012   25.5588111719355     
   30.4000000000000      -1.205696612465367E-011   25.7583664715192     
   30.6000000000000      -1.288006808521797E-011   25.9579286161187     
   30.8000000000000      -1.161514937547169E-011   26.1574974490669     
   31.0000000000000      -8.486366057153854E-012   26.3570728184366     
   31.2000000000000      -4.016466581821274E-012   26.5566545768626     
   31.4000000000000       1.060347107917417E-012   26.7562425813720     
   31.6000000000000       5.918812940746203E-012   26.9558366932220     
   31.8000000000000       9.776560385290245E-012   27.1554367777445     
   32.0000000000000       1.201990776395331E-011   27.3550427041982     
   32.2000000000000       1.230131216940141E-011   27.5546543456262     
   32.4000000000000       1.059301615439981E-011   27.7542715787204     
   32.6000000000000       7.188640662509521E-012   27.9538942836914     
   32.8000000000000       2.652953490557176E-012   28.1535223441441     
   33.0000000000000      -2.271652490392350E-012   28.3531556469584     
   33.2000000000000      -6.786506560148011E-012   28.5527940821748     
   33.4000000000000      -1.016601929474991E-011   28.7524375428851     
   33.6000000000000      -1.187413235798823E-011   28.9520859251270     
   33.8000000000000      -1.164919912379078E-011   29.1517391277838     
   34.0000000000000      -9.543879927344747E-012   29.3513970524878     
   34.2000000000000      -5.913983544481036E-012   29.5510596035272     
   34.4000000000000      -1.358501103414578E-012   29.7507266877575     
   34.6000000000000       3.379080123441308E-012   29.9503982145159     
   34.8000000000000       7.531985495650501E-012   30.1500740955392     
   35.0000000000000       1.043410535391419E-011   30.3497542448853     
   35.2000000000000       1.162670715838761E-011   30.5494385788571     
   35.4000000000000       1.093081327944231E-011   30.7491270159299     
   35.6000000000000       8.473851799827848E-012   30.9488194766814     
   35.8000000000000       4.666662022689812E-012   31.1485158837246     
   36.0000000000000       1.349220681760010E-013   31.3482161616426     
   36.2000000000000      -4.383545537247748E-012   31.5479202369269     
   36.4000000000000      -8.158780009198130E-012   31.7476280379169     
   36.6000000000000      -1.058647831251243E-011   31.9473394947429     
   36.8000000000000      -1.128461928062548E-011   32.1470545392698     
   37.0000000000000      -1.015345450302364E-011   32.3467731050442     
   37.2000000000000      -7.389492754738211E-012   32.5464951272428     
   37.4000000000000      -3.451537083224218E-012   32.7462205426225     
   37.6000000000000       1.015354605177754E-012   32.9459492894726     
   37.8000000000000       5.285431381728793E-012   33.1456813075690     
   38.0000000000000       8.670049402145524E-012   33.3454165381294     
   38.2000000000000       1.062862695871426E-011   33.5451549237708     
   38.4000000000000       1.085489050375412E-011   33.7448964084676     
   38.6000000000000       9.324651089241713E-012   33.9446409375123     
   38.8000000000000       6.297702411891239E-012   34.1443884574767     
   39.0000000000000       2.273840496114658E-012   34.3441389161746     
   39.2000000000000      -2.089567893352042E-012   34.5438922626262     
   39.4000000000000      -6.084878800632136E-012   34.7436484470234     
   39.6000000000000      -9.068838808094755E-012   34.9434074206964     
   39.8000000000000      -1.056606110763637E-011   35.1431691360812     
   40.0000000000000      -1.034467079563883E-011   35.3429335466885     
   40.2000000000000      -8.452113674112376E-012   35.5427006070735     
   40.4000000000000      -5.205587998848895E-012   35.7424702728070     
   40.6000000000000      -1.138980378579976E-012   35.9422425004468     
   40.8000000000000       3.084842777002470E-012   36.1420172475105     
   41.0000000000000       6.782004088401180E-012   36.3417944724497     
   41.2000000000000       9.358256333183633E-012   36.5415741346238     
   41.4000000000000       1.040441572558272E-011   36.7413561942756     
   41.6000000000000       9.761277382822263E-012   36.9411406125077     
   41.8000000000000       7.543717335484807E-012   37.1409273512589     
   42.0000000000000       4.120364525709762E-012   37.3407163732824     
   42.2000000000000       5.239812834284257E-014   37.5405076421237     
   42.4000000000000      -3.998364487709488E-012   37.7403011220999     
   42.6000000000000      -7.377068996210039E-012   37.9400967782793     
   42.8000000000000      -9.541611716254559E-012   38.1398945764619     
   43.0000000000000      -1.014954961316509E-011   38.3396944831601     
   43.2000000000000      -9.112212611598861E-012   38.5394964655804     
   43.4000000000000      -6.607450794701220E-012   38.7393004916056     
   43.6000000000000      -3.049263844560972E-012   38.9391065297773     
   43.8000000000000       9.805603921945364E-013   39.1389145492791     
   44.0000000000000       4.827514974791957E-012   39.3387245199206     
   44.2000000000000       7.870598436173271E-012   39.5385364121211     
   44.4000000000000       9.622500646319346E-012   39.7383501968949     
   44.6000000000000       9.807580416787783E-012   39.9381658458358     
   44.8000000000000       8.405158720701762E-012   40.1379833311031     
   45.0000000000000       5.651364071929285E-012   40.3378026254076     
   45.2000000000000       1.999448741565475E-012   40.5376237019978     
   45.4000000000000      -1.954754201588576E-012   40.7374465346467     
   45.6000000000000      -5.569982605568186E-012   40.9372710976395     
   45.8000000000000      -8.263480887008182E-012   41.1370973657604     
   46.0000000000000      -9.604880219210530E-012   41.3369253142814     
   46.2000000000000      -9.384908835729841E-012   41.5367549189499     
   46.4000000000000      -7.647968096013405E-012   41.7365861559776     
   46.6000000000000      -4.683525060949497E-012   41.9364190020293     
   46.8000000000000      -9.779244645776783E-013   42.1362534342126     
   47.0000000000000       2.865336344317452E-012   42.3360894300669     
   47.2000000000000       6.223848895815494E-012   42.5359269675536     
   47.4000000000000       8.557032081398524E-012   42.7357660250460     
   47.6000000000000       9.493096329772267E-012   42.9356065813202     
   47.8000000000000       8.888231626191087E-012   43.1354486155452     
   48.0000000000000       6.848629481464314E-012   43.3352921072740     
   48.2000000000000       3.711948509014601E-012   43.5351370364352     
   48.4000000000000      -8.525350334004577E-015   43.7349833833239     
   48.6000000000000      -3.707833980026453E-012   43.9348311285937     
   48.8000000000000      -6.787659542129285E-012   44.1346802532484     
   49.0000000000000      -8.753047328435768E-012   44.3345307386342     
   49.2000000000000      -9.291907021733482E-012   44.5343825664321     
   49.4000000000000      -8.324519900267658E-012   44.7342357186502     
   49.6000000000000      -6.015221819221631E-012   44.9340901776167     
   49.8000000000000      -2.744549156446130E-012   45.1339459259726     
   50.0000000000000       9.534147869779977E-013   45.3338029466649     
   50.2000000000000       4.478214824758140E-012   45.5336612229400     
   50.4000000000000       7.260474962792485E-012   45.7335207383370     
   50.6000000000000       8.853828858351321E-012   45.9333814766813     
   50.8000000000000       9.006494359636267E-012   46.1332434220786     
   51.0000000000000       7.701009507839455E-012   46.3331065589087     
   51.2000000000000       5.155885044395309E-012   46.5329708718196     
   51.4000000000000       1.789074003095116E-012   46.7328363457221     
   51.6000000000000      -1.850615487898591E-012   46.9327029657836     
   51.8000000000000      -5.172943228989176E-012   47.1325707174232     
   52.0000000000000      -7.641912866061894E-012   47.3324395863062     
   52.2000000000000      -8.862209451675354E-012   47.5323095583389     
   52.4000000000000      -8.642449126223926E-012   47.7321806196635     
   52.6000000000000      -7.025161122298273E-012   47.9320527566535     
   52.8000000000000      -4.278758489703351E-012   48.1319259559083     
   53.0000000000000      -8.530471548120238E-013   48.3318002042493     
   53.2000000000000       2.694415662058258E-012   48.5316754887146     
   53.4000000000000       5.789028169887019E-012   48.7315517965550     
   53.6000000000000       7.932179506483046E-012   48.9314291152297     
   53.8000000000000       8.781548659738152E-012   49.1313074324018     
   54.0000000000000       8.205755946669064E-012   49.3311867359342     
   54.2000000000000       6.304618400065804E-012   49.5310670138857     
   54.4000000000000       3.391933667231144E-012   49.7309482545071     
   54.6000000000000      -5.628676536648124E-014   49.9308304462373     
   54.8000000000000      -3.479573267210278E-012   50.1307135776993     
   55.0000000000000      -6.324063121770211E-012   50.3305976376970     
   55.2000000000000      -8.132080956737927E-012   50.5304826152114     
   55.4000000000000      -8.615741353951856E-012   50.7303684993970     
   55.6000000000000      -7.702761332979421E-012   50.9302552795785     
   55.8000000000000      -5.547173103948406E-012   51.1301429452477     
   56.0000000000000      -2.503394652574049E-012   51.3300314860598     
   56.2000000000000       9.320225208730091E-013   51.5299208918306     
   56.4000000000000       4.201362044863137E-012   51.7298111525332     
   56.6000000000000       6.776254451350185E-012   51.9297022582951     
   56.8000000000000       8.243038261783724E-012   52.1295941993951     
   57.0000000000000       8.369187205275800E-012   52.3294869662605     
   57.2000000000000       7.140141883358660E-012   52.5293805494645     
   57.4000000000000       4.760706671024221E-012   52.7292749397229     
   57.6000000000000       1.620966118708001E-012   52.9291701278918     
   57.8000000000000      -1.767643902795181E-012   53.1290661049650     
   58.0000000000000      -4.855613881662200E-012   53.3289628620712     
   58.2000000000000      -7.144442774447328E-012   53.5288603904716     
   58.4000000000000      -8.267082664788482E-012   53.7287586815574     
   58.6000000000000      -8.046780201477525E-012   53.9286577268474     
   58.8000000000000      -6.524862361889295E-012   54.1285575179857     
   59.0000000000000      -3.953138138723354E-012   54.3284580467393     
   59.2000000000000      -7.522533664213976E-013   54.5283593049960     
   59.4000000000000       2.557075460546445E-012   54.7282612847619     
   59.6000000000000       5.438752708442658E-012   54.9281639781597     
   59.8000000000000       7.428118751078438E-012   55.1280673774261     
   60.0000000000000       8.206849370653712E-012   55.3279714749100     
   60.2000000000000       7.653867807649223E-012   55.5278762630706     
   60.4000000000000       5.864128791487873E-012   55.7277817344752     
   60.6000000000000       3.132367864049797E-012   55.9276878817973     
   60.8000000000000      -9.541145757689643E-014   56.1275946978148     
   61.0000000000000      -3.294728265615905E-012   56.3275021754080     
   61.2000000000000      -5.947825198435179E-012   56.5274103075581     
   61.4000000000000      -7.627434894208995E-012   56.7273190873450     
   61.6000000000000      -8.065561951584097E-012   56.9272285079458     
   61.8000000000000      -7.196226157645534E-012   57.1271385626333     
   62.0000000000000      -5.165334829949575E-012   57.3270492447739     
   62.2000000000000      -2.306223399141682E-012   57.5269605478263     
   62.4000000000000       9.150253854461349E-013   57.7268724653397     
   62.6000000000000       3.975542749605755E-012   57.9267849909523     
   62.8000000000000       6.380522616957074E-012   58.1266981183901     
   63.0000000000000       7.743194500961385E-012   58.3266118414646     
   63.2000000000000       7.847004567647428E-012   58.5265261540723     
   63.4000000000000       6.680007934512693E-012   58.7264410501925     
   63.6000000000000       4.436007230138002E-012   58.9263565238863     
   63.8000000000000       1.482397216328772E-012   59.1262725692952     
   64.0000000000000      -1.699963996706421E-012   59.3261891806394     
   64.2000000000000      -4.595024125797917E-012   59.5261063522170     
   64.4000000000000      -6.735195064623582E-012   59.7260240784022     
   64.6000000000000      -7.776855571103672E-012   59.9259423536443     
   64.8000000000000      -7.555500348022704E-012   60.1258611724666     
   65.0000000000000      -6.111698409064081E-012   60.3257805294648     
   65.2000000000000      -3.683751512744127E-012   60.5257004193061     
   65.4000000000000      -6.683921143961777E-013   60.7256208367277     
   65.6000000000000       2.444033164323456E-012   60.9255417765361     
   65.8000000000000       5.149277541552825E-012   61.1254632336056     
   66.0000000000000       7.010868247111319E-012   61.3253852028775     
   66.2000000000000       7.730510849225225E-012   61.5253076793585     
   66.4000000000000       7.195867983724714E-012   61.7252306581203     
   66.6000000000000       5.498064085981434E-012   61.9251541342982     
   66.8000000000000       2.916193139342469E-012   62.1250781030899     
   67.0000000000000      -1.285383750076077E-013   62.3250025597548     
   67.2000000000000      -3.141512857604795E-012   62.5249274996131     
   67.4000000000000      -5.635031921529437E-012   62.7248529180444     
   67.6000000000000      -7.207240205887906E-012   62.9247788104871     
   67.8000000000000      -7.606871183365388E-012   63.1247051724375     
   68.0000000000000      -6.773386637114811E-012   63.3246319994485     
   68.2000000000000      -4.846100238810293E-012   63.5245592871293     
   68.4000000000000      -2.140912413254554E-012   63.7244870311440     
   68.6000000000000       9.014443244136277E-013   63.9244152272109     
   68.8000000000000       3.787199740513397E-012   64.1243438711017     
   69.0000000000000       6.049662665890574E-012   64.3242729586408     
   69.2000000000000       7.324680969302760E-012   64.5242024857042     
   69.4000000000000       7.409236147559373E-012   64.7241324482189     
   69.6000000000000       6.293750106251353E-012   64.9240628421620     
   69.8000000000000       4.162970407250557E-012   65.1239936635603     
   70.0000000000000       1.365391242016873E-012   65.3239249084886     
