   10.0000000000000       3.900684517138212E-011   5.57052402574562     
   10.2000000000000       3.793458451844704E-011   5.76119368532575     
   10.4000000000000       3.692949928447475E-011   5.95247574025006     
   10.6000000000000       3.598545513007886E-011   6.14431299631567     
   10.8000000000000       3.509704525843862E-011   6.33665502888724     
   11.0000000000000       3.425947398471271E-011   6.52945722962867     
   11.2000000000000       3.346847529073488E-011   6.72268000666239     
   11.4000000000000       3.272025103660349E-011   6.91628811071419     
   11.6000000000000       3.201139711633538E-011   7.11025006514079     
   11.8000000000000       3.133886197170425E-011   7.30453768196611     
   12.0000000000000       3.069990005957604E-011   7.49912564941347     
   12.2000000000000       3.009203622897328E-011   7.69399117910329     
   12.4000000000000       2.951302774389223E-011   7.88911370323355     
   12.6000000000000       2.896083599559458E-011   8.08447461378756     
   12.8000000000000       2.843362753101397E-011   8.28005703720716     
   13.0000000000000       2.792971294702866E-011   8.47584563909890     
   13.2000000000000       2.744755765629088E-011   8.67182645445930     
   13.4000000000000       2.698576564654032E-011   8.86798673965451     
   13.6000000000000       2.654304736270982E-011   9.06431484300476     
   13.8000000000000       2.611822462877560E-011   9.26080009132821     
   14.0000000000000       2.571020995054031E-011   9.45743269021635     
   14.2000000000000       2.531801267953085E-011   9.65420363615772     
   14.4000000000000       2.494070314379027E-011   9.85110463891381     
   14.6000000000000       2.457743307954344E-011   10.0481280527896     
   14.8000000000000       2.422742201143860E-011   10.2452668156415     
   15.0000000000000       2.388992949349030E-011   10.4425143946328     
   15.2000000000000       2.356428671999569E-011   10.6398647378875     
   15.4000000000000       2.324985795608521E-011   10.8373122313132     
   15.6000000000000       2.294606499217829E-011   11.0348516599635     
   15.8000000000000       2.265235721627774E-011   11.2324781733964     
   16.0000000000000       2.236823193599478E-011   11.4301872545578     
   16.2000000000000       2.209320979481029E-011   11.6279746917803     
   16.4000000000000       2.182684430152414E-011   11.8258365535429     
   16.6000000000000       2.156872679926446E-011   12.0237691656793     
   16.8000000000000       2.131846683893415E-011   12.2217690907645     
   17.0000000000000       2.107569448619914E-011   12.4198331094422     
   17.2000000000000       2.084007307527460E-011   12.6179582034822     
   17.4000000000000       2.061127666023670E-011   12.8161415403877     
   17.6000000000000       2.038900688834276E-011   13.0143804593872     
   17.8000000000000       2.017297413724218E-011   13.2126724586704     
   18.0000000000000       1.996291067068994E-011   13.4110151837412     
   18.2000000000000       1.975856611818294E-011   13.6094064167753     
   18.4000000000000       1.955970005910956E-011   13.8078440668843     
   18.6000000000000       1.936608468934203E-011   14.0063261611966     
   18.8000000000000       1.917750748269624E-011   14.2048508366772     
   19.0000000000000       1.899376748450461E-011   14.4034163326163     
   19.2000000000000       1.881467417900294E-011   14.6020209837236     
   19.4000000000000       1.864004103311454E-011   14.8006632137730     
   19.6000000000000       1.846970410359640E-011   14.9993415297460     
   19.8000000000000       1.830349309972318E-011   15.1980545164304     
   20.0000000000000       1.814125898556058E-011   15.3968008314331     
   20.2000000000000       1.798285204103050E-011   15.5955792005698     
   20.4000000000000       1.782813096520731E-011   15.7943884136004     
   20.6000000000000       1.767696508352467E-011   15.9932273202785     
   20.8000000000000       1.752922548703338E-011   16.1920948266903     
   21.0000000000000       1.738479336525582E-011   16.3909898918570     
   21.2000000000000       1.724355119437061E-011   16.5899115245799     
   21.4000000000000       1.710539389831176E-011   16.7888587805073     
   21.6000000000000       1.697021120170655E-011   16.9878307594067     
   21.8000000000000       1.683790808409522E-011   17.1868266026242     
   22.0000000000000       1.670838659985069E-011   17.3858454907174     
   22.2000000000000       1.658155796218198E-011   17.5848866412476     
   22.4000000000000       1.645733015778527E-011   17.7839493067191     
   22.6000000000000       1.633562259891056E-011   17.9830327726550     
   22.8000000000000       1.621635736915854E-011   18.1821363557975     
   23.0000000000000       1.609945310238593E-011   18.3812594024251     
   23.2000000000000       1.598484221905504E-011   18.5804012867771     
   23.4000000000000       1.587245059224256E-011   18.7795614095776     
   23.6000000000000       1.576220932430396E-011   18.9787391966518     
   23.8000000000000       1.565405951861641E-011   19.1779340976278     
   24.0000000000000       1.554793601419280E-011   19.3771455847187     
   24.2000000000000       1.544377796626762E-011   19.5763731515777     
   24.4000000000000       1.534152931981433E-011   19.7756163122224     
   24.6000000000000       1.524113521758278E-011   19.9748746000236     
   24.8000000000000       1.514254264635824E-011   20.1741475667522     
   25.0000000000000       1.504569984533076E-011   20.3734347816838     
   25.2000000000000       1.495056188328535E-011   20.5727358307531     
   25.4000000000000       1.485707701678433E-011   20.7720503157579     
   25.6000000000000       1.476520039425405E-011   20.9713778536082     
   25.8000000000000       1.467489062248153E-011   21.1707180756165     
   26.0000000000000       1.458610516055452E-011   21.3700706268291     
   26.2000000000000       1.449880228301565E-011   21.5694351653930     
   26.4000000000000       1.441294406170916E-011   21.7688113619582     
   26.6000000000000       1.432849091534195E-011   21.9681988991121     
   26.8000000000000       1.424540952718396E-011   22.1675974708442     
   27.0000000000000       1.416366218517378E-011   22.3670067820396     
   27.2000000000000       1.408321731971172E-011   22.5664265479990     
   27.4000000000000       1.400403641829869E-011   22.7658564939837     
   27.6000000000000       1.392609706215729E-011   22.9652963547847     
   27.8000000000000       1.384935987267187E-011   23.1647458743134     
   28.0000000000000       1.377380140800277E-011   23.3642048052132     
   28.2000000000000       1.369939138297829E-011   23.5636729084914     
   28.4000000000000       1.362610017391358E-011   23.7631499531691     
   28.6000000000000       1.355390118263569E-011   23.9626357159481     
   28.8000000000000       1.348277114475803E-011   24.1621299808949     
   29.0000000000000       1.341268470122133E-011   24.3616325391400     
   29.2000000000000       1.334361489791423E-011   24.5611431885919     
   29.4000000000000       1.327554228773135E-011   24.7606617336642     
   29.6000000000000       1.320843849654653E-011   24.9601879850167     
   29.8000000000000       1.314228777676438E-011   25.1597217593081     
   30.0000000000000       1.307706276845960E-011   25.3592628789606     
   30.2000000000000       1.301274845046379E-011   25.5588111719355     
   30.4000000000000       1.294931848984242E-011   25.7583664715192     
   30.6000000000000       1.288675897858995E-011   25.9579286161187     
   30.8000000000000       1.282504894716631E-011   26.1574974490669     
   31.0000000000000       1.276416825038492E-011   26.3570728184366     
   31.2000000000000       1.270410162035904E-011   26.5566545768626     
   31.4000000000000       1.264483189595691E-011   26.7562425813720     
   31.6000000000000       1.258633977121292E-011   26.9558366932220     
   31.8000000000000       1.252861130357574E-011   27.1554367777445     
   32.0000000000000       1.247162793143149E-011   27.3550427041982     
   32.2000000000000       1.241537618146676E-011   27.5546543456262     
   32.4000000000000       1.235984287949094E-011   27.7542715787204     
   32.6000000000000       1.230501054668530E-011   27.9538942836914     
   32.8000000000000       1.225086438142638E-011   28.1535223441441     
   33.0000000000000       1.219739206481108E-011   28.3531556469584     
   33.2000000000000       1.214458147380748E-011   28.5527940821748     
   33.4000000000000       1.209241872239598E-011   28.7524375428851     
   33.6000000000000       1.204088986389435E-011   28.9520859251270     
   33.8000000000000       1.198998157136883E-011   29.1517391277838     
   34.0000000000000       1.193968491686757E-011   29.3513970524878     
   34.2000000000000       1.188998911031795E-011   29.5510596035272     
   34.4000000000000       1.184087702524393E-011   29.7507266877575     
   34.6000000000000       1.179234253619933E-011   29.9503982145159     
   34.8000000000000       1.174437348852170E-011   30.1500740955392     
   35.0000000000000       1.169695762826508E-011   30.3497542448853     
   35.2000000000000       1.165008744005589E-011   30.5494385788571     
   35.4000000000000       1.160375322498955E-011   30.7491270159299     
   35.6000000000000       1.155794145790665E-011   30.9488194766814     
   35.8000000000000       1.151264498808262E-011   31.1485158837246     
   36.0000000000000       1.146785276070219E-011   31.3482161616426     
   36.2000000000000       1.142355796129508E-011   31.5479202369269     
   36.4000000000000       1.137975398030035E-011   31.7476280379169     
   36.6000000000000       1.133642606372038E-011   31.9473394947429     
   36.8000000000000       1.129357004931540E-011   32.1470545392698     
   37.0000000000000       1.125117548254050E-011   32.3467731050442     
   37.2000000000000       1.120923657005739E-011   32.5464951272428     
   37.4000000000000       1.116774317198531E-011   32.7462205426225     
   37.6000000000000       1.112669164949107E-011   32.9459492894726     
   37.8000000000000       1.108606821147145E-011   33.1456813075690     
   38.0000000000000       1.104587141799559E-011   33.3454165381294     
   38.2000000000000       1.100608989912040E-011   33.5451549237708     
   38.4000000000000       1.096672037962956E-011   33.7448964084676     
   38.6000000000000       1.092775368357358E-011   33.9446409375123     
   38.8000000000000       1.088918281275907E-011   34.1443884574767     
   39.0000000000000       1.085100284959930E-011   34.3441389161746     
   39.2000000000000       1.081320701706932E-011   34.5438922626262     
   39.4000000000000       1.077578853226645E-011   34.7436484470234     
   39.6000000000000       1.073874090902469E-011   34.9434074206964     
   39.8000000000000       1.070205958484217E-011   35.1431691360812     
   40.0000000000000       1.066573628409921E-011   35.3429335466885     
   40.2000000000000       1.062976856986767E-011   35.5427006070735     
   40.4000000000000       1.059415028717454E-011   35.7424702728070     
   40.6000000000000       1.055887341080935E-011   35.9422425004468     
   40.8000000000000       1.052393384966778E-011   36.1420172475105     
   41.0000000000000       1.048932764595152E-011   36.3417944724497     
   41.2000000000000       1.045504895992547E-011   36.5415741346238     
   41.4000000000000       1.042109210368100E-011   36.7413561942756     
   41.6000000000000       1.038745330438125E-011   36.9411406125077     
   41.8000000000000       1.035412691981623E-011   37.1409273512589     
   42.0000000000000       1.032110950101117E-011   37.3407163732824     
   42.2000000000000       1.028839357814314E-011   37.5405076421237     
   42.4000000000000       1.025597766314994E-011   37.7403011220999     
   42.6000000000000       1.022385647732306E-011   37.9400967782793     
   42.8000000000000       1.019202482223214E-011   38.1398945764619     
   43.0000000000000       1.016047752074420E-011   38.3396944831601     
   43.2000000000000       1.012921522415886E-011   38.5394964655804     
   43.4000000000000       1.009822907519616E-011   38.7393004916056     
   43.6000000000000       1.006751422183347E-011   38.9391065297773     
   43.8000000000000       1.003707318614966E-011   39.1389145492791     
   44.0000000000000       1.000689562297007E-011   39.3387245199206     
   44.2000000000000       9.976980508264209E-012   39.5385364121211     
   44.4000000000000       9.947323056431841E-012   39.7383501968949     
   44.6000000000000       9.917922385258641E-012   39.9381658458358     
   44.8000000000000       9.888772067981783E-012   40.1379833311031     
   45.0000000000000       9.859869410401222E-012   40.3378026254076     
   45.2000000000000       9.831211817689673E-012   40.5376237019978     
   45.4000000000000       9.802794785381160E-012   40.7374465346467     
   45.6000000000000       9.774615818306136E-012   40.9372710976395     
   45.8000000000000       9.746670574796383E-012   41.1370973657604     
   46.0000000000000       9.718956600041112E-012   41.3369253142814     
   46.2000000000000       9.691471532963371E-012   41.5367549189499     
   46.4000000000000       9.664211178029895E-012   41.7365861559776     
   46.6000000000000       9.637174968501989E-012   41.9364190020293     
   46.8000000000000       9.610355283819943E-012   42.1362534342126     
   47.0000000000000       9.583753452281595E-012   42.3360894300669     
   47.2000000000000       9.557365456342003E-012   42.5359269675536     
   47.4000000000000       9.531187331130883E-012   42.7357660250460     
   47.6000000000000       9.505218797690065E-012   42.9356065813202     
   47.8000000000000       9.479454180216393E-012   43.1354486155452     
   48.0000000000000       9.453893109167671E-012   43.3352921072740     
   48.2000000000000       9.428530163154354E-012   43.5351370364352     
   48.4000000000000       9.403366759192448E-012   43.7349833833239     
   48.6000000000000       9.378397553398410E-012   43.9348311285937     
   48.8000000000000       9.353622241672329E-012   44.1346802532484     
   49.0000000000000       9.329035515535399E-012   44.3345307386342     
   49.2000000000000       9.304637237862011E-012   44.5343825664321     
   49.4000000000000       9.280423884087800E-012   44.7342357186502     
   49.6000000000000       9.256395311557615E-012   44.9340901776167     
   49.8000000000000       9.232546366593708E-012   45.1339459259726     
   50.0000000000000       9.208876963656026E-012   45.3338029466649     
   50.2000000000000       9.185383712106157E-012   45.5336612229400     
   50.4000000000000       9.162064889986972E-012   45.7335207383370     
   50.6000000000000       9.138917124757703E-012   45.9333814766813     
   50.8000000000000       9.115940580285925E-012   46.1332434220786     
   51.0000000000000       9.093131887877031E-012   46.3331065589087     
   51.2000000000000       9.070491147685284E-012   46.5329708718196     
   51.4000000000000       9.048013385366450E-012   46.7328363457221     
   51.6000000000000       9.025697144366609E-012   46.9327029657836     
   51.8000000000000       9.003542591167775E-012   47.1325707174232     
   52.0000000000000       8.981544800898285E-012   47.3324395863062     
   52.2000000000000       8.959705782404053E-012   47.5323095583389     
   52.4000000000000       8.938018975901106E-012   47.7321806196635     
   52.6000000000000       8.916488064038015E-012   47.9320527566535     
   52.8000000000000       8.895106549820260E-012   48.1319259559083     
   53.0000000000000       8.873874771681170E-012   48.3318002042493     
   53.2000000000000       8.852791395244801E-012   48.5316754887146     
   53.4000000000000       8.831853382177237E-012   48.7315517965550     
   53.6000000000000       8.811061164488258E-012   48.9314291152297     
   53.8000000000000       8.790410032302408E-012   49.1313074324018     
   54.0000000000000       8.769902069235727E-012   49.3311867359342     
   54.2000000000000       8.749532762368974E-012   49.5310670138857     
   54.4000000000000       8.729302461655891E-012   49.7309482545071     
   54.6000000000000       8.709208314953211E-012   49.9308304462373     
   54.8000000000000       8.689249148120262E-012   50.1307135776993     
   55.0000000000000       8.669422109914561E-012   50.3305976376970     
   55.2000000000000       8.649729349804867E-012   50.5304826152114     
   55.4000000000000       8.630166406876121E-012   50.7303684993970     
   55.6000000000000       8.610733861372210E-012   50.9302552795785     
   55.8000000000000       8.591427258176828E-012   51.1301429452477     
   56.0000000000000       8.572248789132362E-012   51.3300314860598     
   56.2000000000000       8.553195713858696E-012   51.5299208918306     
   56.4000000000000       8.534265415199615E-012   51.7298111525332     
   56.6000000000000       8.515458393839841E-012   51.9297022582951     
   56.8000000000000       8.496772066251329E-012   52.1295941993951     
   57.0000000000000       8.478205295674452E-012   52.3294869662605     
   57.2000000000000       8.459758803186051E-012   52.5293805494645     
   57.4000000000000       8.441428354984370E-012   52.7292749397229     
   57.6000000000000       8.423214558386797E-012   52.9291701278918     
   57.8000000000000       8.405116422780614E-012   53.1290661049650     
   58.0000000000000       8.387131422428254E-012   53.3289628620712     
   58.2000000000000       8.369260191737928E-012   53.5288603904716     
   58.4000000000000       8.351498693514077E-012   53.7287586815574     
   58.6000000000000       8.333849080127605E-012   53.9286577268474     
   58.8000000000000       8.316307396266518E-012   54.1285575179857     
   59.0000000000000       8.298875804732942E-012   54.3284580467393     
   59.2000000000000       8.281548762336253E-012   54.5283593049960     
   59.4000000000000       8.264330162313938E-012   54.7282612847619     
   59.6000000000000       8.247214316076302E-012   54.9281639781597     
   59.8000000000000       8.230203599392054E-012   55.1280673774261     
   60.0000000000000       8.213295637019603E-012   55.3279714749100     
   60.2000000000000       8.196489544596678E-012   55.5278762630706     
   60.4000000000000       8.179784539561825E-012   55.7277817344752     
   60.6000000000000       8.163179848872564E-012   55.9276878817973     
   60.8000000000000       8.146673066229370E-012   56.1275946978148     
   61.0000000000000       8.130263491920659E-012   56.3275021754080     
   61.2000000000000       8.113951844778718E-012   56.5274103075581     
   61.4000000000000       8.097737343933784E-012   56.7273190873450     
   61.6000000000000       8.081616272898340E-012   56.9272285079458     
   61.8000000000000       8.065589287488369E-012   57.1271385626333     
   62.0000000000000       8.049657311518634E-012   57.3270492447739     
   62.2000000000000       8.033816446311918E-012   57.5269605478263     
   62.4000000000000       8.018066106211303E-012   57.7268724653397     
   62.6000000000000       8.002408541377876E-012   57.9267849909523     
   62.8000000000000       7.986840029784794E-012   58.1266981183901     
   63.0000000000000       7.971359964661478E-012   58.3266118414646     
   63.2000000000000       7.955967568954307E-012   58.5265261540723     
   63.4000000000000       7.940663721938328E-012   58.7264410501925     
   63.6000000000000       7.925446275064059E-012   58.9263565238863     
   63.8000000000000       7.910313009732376E-012   59.1262725692952     
   64.0000000000000       7.895266378348644E-012   59.3261891806394     
   64.2000000000000       7.880302670359227E-012   59.5261063522170     
   64.4000000000000       7.865422796216646E-012   59.7260240784022     
   64.6000000000000       7.850626119996831E-012   59.9259423536443     
   64.8000000000000       7.835910516744743E-012   60.1258611724666     
   65.0000000000000       7.821276909590998E-012   60.3257805294648     
   65.2000000000000       7.806721701511014E-012   60.5257004193061     
   65.4000000000000       7.792247276206430E-012   60.7256208367277     
   65.6000000000000       7.777853031834052E-012   60.9255417765361     
   65.8000000000000       7.763535450154316E-012   61.1254632336056     
   66.0000000000000       7.749295481302761E-012   61.3253852028775     
   66.2000000000000       7.735132463801648E-012   61.5253076793585     
   66.4000000000000       7.721045915202641E-012   61.7252306581203     
   66.6000000000000       7.707035229720891E-012   61.9251541342982     
   66.8000000000000       7.693098466102240E-012   62.1250781030899     
   67.0000000000000       7.679236506025631E-012   62.3250025597548     
   67.2000000000000       7.665447339097530E-012   62.5249274996131     
   67.4000000000000       7.651731939345337E-012   62.7248529180444     
   67.6000000000000       7.638088355161835E-012   62.9247788104871     
   67.8000000000000       7.624515980789368E-012   63.1247051724375     
   68.0000000000000       7.611014386213151E-012   63.3246319994485     
   68.2000000000000       7.597584472577205E-012   63.5245592871293     
   68.4000000000000       7.584222911148657E-012   63.7244870311440     
   68.6000000000000       7.570932064586785E-012   63.9244152272109     
   68.8000000000000       7.557708539599216E-012   64.1243438711017     
   69.0000000000000       7.544553298315845E-012   64.3242729586408     
   69.2000000000000       7.531465940952008E-012   64.5242024857042     
   69.4000000000000       7.518445904678325E-012   64.7241324482189     
   69.6000000000000       7.505491362697573E-012   64.9240628421620     
   69.8000000000000       7.492601852743761E-012   65.1239936635603     
   70.0000000000000       7.479778307720696E-012   65.3239249084886     
