   10.0000000000000      -3.140635395701266E-011   5.57052402574562     
   10.2000000000000      -1.915220526192763E-011   5.76119368532575     
   10.4000000000000      -4.515732130897404E-012   5.95247574025006     
   10.6000000000000       1.008386557591296E-011   6.14431299631567     
   10.8000000000000       2.235672268174395E-011   6.33665502888724     
   11.0000000000000       3.048762624827019E-011   6.52945722962867     
   11.2000000000000       3.339302418031998E-011   6.72268000666239     
   11.4000000000000       3.085469398343766E-011   6.91628811071419     
   11.6000000000000       2.351494303823538E-011   7.11025006514079     
   11.8000000000000       1.273979835661536E-011   7.30453768196611     
   12.0000000000000       3.763420049279247E-013   7.49912564941347     
   12.2000000000000      -1.155448851929580E-011   7.69399117910329     
   12.4000000000000      -2.117999640618632E-011   7.88911370323355     
   12.6000000000000      -2.706256685979414E-011   8.08447461378756     
   12.8000000000000      -2.840830871770462E-011   8.28005703720716     
   13.0000000000000      -2.516792179992734E-011   8.47584563909890     
   13.2000000000000      -1.801797675509613E-011   8.67182645445930     
   13.4000000000000      -8.229480353486099E-012   8.86798673965451     
   13.6000000000000       2.552123132464715E-012   9.06431484300476     
   13.8000000000000       1.257835284223335E-011   9.26080009132821     
   14.0000000000000       2.027659322580167E-011   9.45743269021635     
   14.2000000000000       2.449268616831336E-011   9.65420363615772     
   14.4000000000000       2.466033545059711E-011   9.85110463891381     
   14.6000000000000       2.087300402599258E-011   10.0481280527896     
   14.8000000000000       1.384978978653586E-011   10.2452668156415     
   15.0000000000000       4.803632102464301E-012   10.4425143946328     
   15.2000000000000      -4.764669753290659E-012   10.6398647378875     
   15.4000000000000      -1.331231468832665E-011   10.8373122313132     
   15.6000000000000      -1.950038059729400E-011   11.0348516599635     
   15.8000000000000      -2.240100656138888E-011   11.2324781733964     
   16.0000000000000      -2.163418790594207E-011   11.4301872545578     
   16.2000000000000      -1.741431147562895E-011   11.6279746917803     
   16.4000000000000      -1.050134676231708E-011   11.8258365535429     
   16.6000000000000      -2.066677149249779E-012   12.0237691656793     
   16.8000000000000       6.503194214126152E-012   12.2217690907645     
   17.0000000000000       1.383248731128614E-011   12.4198331094422     
   17.2000000000000       1.877512009619788E-011   12.6179582034822     
   17.4000000000000       2.059222512890001E-011   12.8161415403877     
   17.6000000000000       1.906097761541382E-011   13.0143804593872     
   17.8000000000000       1.449891119445283E-011   13.2126724586704     
   18.0000000000000       7.701707460142265E-012   13.4110151837412     
   18.2000000000000      -1.938908587037404E-013   13.6094064167753     
   18.4000000000000      -7.898687089763887E-012   13.8078440668843     
   18.6000000000000      -1.418010320266052E-011   14.0063261611966     
   18.8000000000000      -1.805805503767494E-011   14.2048508366772     
   19.0000000000000      -1.895669335414299E-011   14.4034163326163     
   19.2000000000000      -1.678868807147760E-011   14.6020209837236     
   19.4000000000000      -1.195990376493054E-011   14.8006632137730     
   19.6000000000000      -5.295237924384307E-012   14.9993415297460     
   19.8000000000000       2.101164349886310E-012   15.1980545164304     
   20.0000000000000       9.027744348985356E-012   15.3968008314331     
   20.2000000000000       1.437971308126968E-011   15.5955792005698     
   20.4000000000000       1.732431822434050E-011   15.7943884136004     
   20.6000000000000       1.742956128080345E-011   15.9932273202785     
   20.8000000000000       1.472657376447332E-011   16.1920948266903     
   21.0000000000000       9.696828639531382E-012   16.3909898918570     
   21.2000000000000       3.187452849279459E-012   16.5899115245799     
   21.4000000000000      -3.730609993321212E-012   16.7888587805073     
   21.6000000000000      -9.938005484528127E-012   16.9878307594067     
   21.8000000000000      -1.444731862360706E-011   17.1868266026242     
   22.0000000000000      -1.655944550549204E-011   17.3858454907174     
   22.2000000000000      -1.597132753273028E-011   17.5848866412476     
   22.4000000000000      -1.281852842064129E-011   17.7839493067191     
   22.6000000000000      -7.646858601007700E-012   17.9830327726550     
   22.8000000000000      -1.318603578420129E-012   18.1821363557975     
   23.0000000000000       5.130621694512760E-012   18.3812594024251     
   23.2000000000000       1.066073713495420E-011   18.5804012867771     
   23.4000000000000       1.439435859599804E-011   18.7795614095776     
   23.6000000000000       1.575546549220432E-011   18.9787391966518     
   23.8000000000000       1.455775946088553E-011   19.1779340976278     
   24.0000000000000       1.102920166084997E-011   19.3771455847187     
   24.2000000000000       5.769717509376237E-012   19.5763731515777     
   24.4000000000000      -3.502741232874452E-013   19.7756163122224     
   24.6000000000000      -6.333427880223111E-012   19.9748746000236     
   24.8000000000000      -1.121752780091794E-011   20.1741475667522     
   25.0000000000000      -1.422978112801183E-011   20.3734347816838     
   25.2000000000000      -1.490868514999017E-011   20.5727358307531     
   25.4000000000000      -1.317428972323922E-011   20.7720503157579     
   25.6000000000000      -9.336264067063830E-012   20.9713778536082     
   25.8000000000000      -4.039212213014444E-012   21.1707180756165     
   26.0000000000000       1.845190421237303E-012   21.3700706268291     
   26.2000000000000       7.361247601107507E-012   21.5694351653930     
   26.4000000000000       1.162408022712274E-011   21.7688113619582     
   26.6000000000000       1.396122076872698E-011   21.9681988991121     
   26.8000000000000       1.401836937900754E-011   22.1675974708442     
   27.0000000000000       1.181271231794711E-011   22.3670067820396     
   27.2000000000000       7.725868941931320E-012   22.5664265479990     
   27.4000000000000       2.438259083693197E-012   22.7658564939837     
   27.6000000000000      -3.183846198270333E-012   22.9652963547847     
   27.8000000000000      -8.229946640483704E-012   23.1647458743134     
   28.0000000000000      -1.189245283581124E-011   23.3642048052132     
   28.2000000000000      -1.359565141748156E-011   23.5636729084914     
   28.4000000000000      -1.308592757291309E-011   23.7631499531691     
   28.6000000000000      -1.046916002352719E-011   23.9626357159481     
   28.8000000000000      -6.189825889818902E-012   24.1621299808949     
   29.0000000000000      -9.557932175631660E-013   24.3616325391400     
   29.2000000000000       4.378506633143347E-012   24.5611431885919     
   29.4000000000000       8.951300600013385E-012   24.7606617336642     
   29.6000000000000       1.203244470736505E-011   24.9601879850167     
   29.8000000000000       1.313978098561269E-011   25.1597217593081     
   30.0000000000000       1.211434520347498E-011   25.3592628789606     
   30.2000000000000       9.142782499509533E-012   25.5588111719355     
   30.4000000000000       4.723813842683527E-012   25.7583664715192     
   30.6000000000000      -4.152145137374624E-013   25.9579286161187     
   30.8000000000000      -5.437847504545459E-012   26.1574974490669     
   31.0000000000000      -9.534441895995873E-012   26.3570728184366     
   31.2000000000000      -1.205247668230568E-011   26.5566545768626     
   31.4000000000000      -1.260029514288219E-011   26.7562425813720     
   31.6000000000000      -1.110781716670162E-011   26.9558366932220     
   31.8000000000000      -7.834855980096849E-012   27.1554367777445     
   32.0000000000000      -3.326157032690600E-012   27.3550427041982     
   32.2000000000000       1.679072553009265E-012   27.5546543456262     
   32.4000000000000       6.368180647432011E-012   27.7542715787204     
   32.6000000000000       9.986827823656081E-012   27.9538942836914     
   32.8000000000000       1.196016370577937E-011   28.1535223441441     
   33.0000000000000       1.198398799004783E-011   28.3531556469584     
   33.2000000000000       1.007145410966142E-011   28.5527940821748     
   33.4000000000000       6.548178544948606E-012   28.7524375428851     
   33.6000000000000       1.997000115025145E-012   28.9520859251270     
   33.8000000000000      -2.838277269055368E-012   29.1517391277838     
   34.0000000000000      -7.174289640549850E-012   29.3513970524878     
   34.2000000000000      -1.031487468072623E-011   29.5510596035272     
   34.4000000000000      -1.176268861608480E-011   29.7507266877575     
   34.6000000000000      -1.129783873182920E-011   29.9503982145159     
   34.8000000000000      -9.011076691006570E-012   30.1500740955392     
   35.0000000000000      -5.286611695675015E-012   30.3497542448853     
   35.2000000000000      -7.377113351754239E-013   30.5494385788571     
   35.4000000000000       3.894150736222597E-012   30.7491270159299     
   35.6000000000000       7.860015675490196E-012   30.9488194766814     
   35.8000000000000       1.052441258159373E-011   31.1485158837246     
   36.0000000000000       1.146705903781192E-011   31.3482161616426     
   36.2000000000000       1.054903810865918E-011   31.5479202369269     
   36.4000000000000       7.933039103248552E-012   31.7476280379169     
   36.6000000000000       4.054754349760628E-012   31.9473394947429     
   36.8000000000000      -4.495466050695252E-013   32.1470545392698     
   37.0000000000000      -4.847299391821120E-012   32.3467731050442     
   37.2000000000000      -8.428664266132775E-012   32.5464951272428     
   37.4000000000000      -1.062098768093403E-011   32.7462205426225     
   37.6000000000000      -1.108026723904251E-011   32.9459492894726     
   37.8000000000000      -9.745005053792134E-012   33.1456813075690     
   38.0000000000000      -6.844086407055944E-012   33.3454165381294     
   38.2000000000000      -2.857674551101392E-012   33.5451549237708     
   38.4000000000000       1.562148532147584E-012   33.7448964084676     
   38.6000000000000       5.697954249795214E-012   33.9446409375123     
   38.8000000000000       8.883312820167195E-012   34.1443884574767     
   39.0000000000000       1.061008540211817E-011   34.3441389161746     
   39.2000000000000       1.060938980399295E-011   34.5438922626262     
   39.4000000000000       8.893360921144641E-012   34.7436484470234     
   39.6000000000000       5.751236300479656E-012   34.9434074206964     
   39.8000000000000       1.700715151695423E-012   35.1431691360812     
   40.0000000000000      -2.597251742093474E-012   35.3429335466885     
   40.2000000000000      -6.446220155162955E-012   35.5427006070735     
   40.4000000000000      -9.227018689342774E-012   35.7424702728070     
   40.6000000000000      -1.049726304341787E-011   35.9422425004468     
   40.8000000000000      -1.006165636032949E-011   36.1420172475105     
   41.0000000000000      -8.001900712270337E-012   36.3417944724497     
   41.2000000000000      -4.661661415940355E-012   36.5415741346238     
   41.4000000000000      -5.893165894911962E-013   36.7413561942756     
   41.6000000000000       3.551992399527826E-012   36.9411406125077     
   41.8000000000000       7.092268539329926E-012   37.1409273512589     
   42.0000000000000       9.462975087525891E-012   37.3407163732824     
   42.2000000000000       1.028826014712513E-011   37.5405076421237     
   42.4000000000000       9.444477711893557E-012   37.7403011220999     
   42.6000000000000       7.078565835962626E-012   37.9400967782793     
   42.8000000000000       3.582599033275944E-012   38.1398945764619     
   43.0000000000000      -4.711115573287288E-013   38.3396944831601     
   43.2000000000000      -4.423639042502255E-012   38.5394964655804     
   43.4000000000000      -7.636479846810258E-012   38.7393004916056     
   43.6000000000000      -9.594625193986076E-012   38.9391065297773     
   43.8000000000000      -9.989060989972165E-012   39.1389145492791     
   44.0000000000000      -8.765446889758502E-012   39.3387245199206     
   44.2000000000000      -6.131379968554453E-012   39.5385364121211     
   44.4000000000000      -2.521253121089642E-012   39.7383501968949     
   44.6000000000000       1.475313799927060E-012   39.9381658458358     
   44.8000000000000       5.209713993330905E-012   40.1379833311031     
   45.0000000000000       8.079548806503529E-012   40.3378026254076     
   45.2000000000000       9.625743115943481E-012   40.5376237019978     
   45.4000000000000       9.605921174758195E-012   40.7374465346467     
   45.6000000000000       8.032335162899291E-012   40.9372710976395     
   45.8000000000000       5.168410870243591E-012   41.1370973657604     
   46.0000000000000       1.484719962855273E-012   41.3369253142814     
   46.2000000000000      -2.418285884522207E-012   41.5367549189499     
   46.4000000000000      -5.908092898382614E-012   41.7365861559776     
   46.6000000000000      -8.422572907192869E-012   41.9364190020293     
   46.8000000000000      -9.560470303433109E-012   42.1362534342126     
   47.0000000000000      -9.145391072450258E-012   42.3360894300669     
   47.2000000000000      -7.253064137875499E-012   42.5359269675536     
   47.4000000000000      -4.197705789955541E-012   42.7357660250460     
   47.6000000000000      -4.799025584687676E-013   42.9356065813202     
   47.8000000000000       3.295358874841794E-012   43.1354486155452     
   48.0000000000000       6.517082870823863E-012   43.3352921072740     
   48.2000000000000       8.667099820812944E-012   43.5351370364352     
   48.4000000000000       9.403362894533379E-012   43.7349833833239     
   48.6000000000000       8.614308320820104E-012   43.9348311285937     
   48.8000000000000       6.435676109007394E-012   44.1346802532484     
   49.0000000000000       3.227238156114962E-012   44.3345307386342     
   49.2000000000000      -4.865573220786863E-013   44.5343825664321     
   49.4000000000000      -4.102272041003014E-012   44.7342357186502     
   49.6000000000000      -7.035478706483719E-012   44.9340901776167     
   49.8000000000000      -8.815177952778577E-012   45.1339459259726     
   50.0000000000000      -9.159389454310059E-012   45.3338029466649     
   50.2000000000000      -8.019779667917411E-012   45.5336612229400     
   50.4000000000000      -5.588285637205338E-012   45.7335207383370     
   50.6000000000000      -2.264844533343280E-012   45.9333814766813     
   50.8000000000000       1.408343712714970E-012   46.1332434220786     
   51.0000000000000       4.835235267336267E-012   46.3331065589087     
   51.2000000000000       7.462617440899531E-012   46.5329708718196     
   51.4000000000000       8.869372042778432E-012   46.7328363457221     
   51.6000000000000       8.833936339921033E-012   46.9327029657836     
   51.8000000000000       7.369154465786909E-012   47.1325707174232     
   52.0000000000000       4.719037482163148E-012   47.3324395863062     
   52.2000000000000       1.318169693886433E-012   47.5323095583389     
   52.4000000000000      -2.279529844989870E-012   47.7321806196635     
   52.6000000000000      -5.490980841514679E-012   47.9320527566535     
   52.8000000000000      -7.798406652608389E-012   48.1319259559083     
   53.0000000000000      -8.832777819867690E-012   48.3318002042493     
   53.2000000000000      -8.432795487130918E-012   48.5316754887146     
   53.4000000000000      -6.669991530169290E-012   48.7315517965550     
   53.6000000000000      -3.836056193707743E-012   48.9314291152297     
   53.8000000000000      -3.946031837858029E-013   49.1313074324018     
   54.0000000000000       3.094632716121637E-012   49.3311867359342     
   54.2000000000000       6.066803968262018E-012   49.5310670138857     
   54.4000000000000       8.043351755591414E-012   49.7309482545071     
   54.6000000000000       8.709026425111748E-012   49.9308304462373     
   54.8000000000000       7.962136687863646E-012   50.1307135776993     
   55.0000000000000       5.930017314624086E-012   50.3305976376970     
   55.2000000000000       2.947384796380699E-012   50.5304826152114     
   55.4000000000000      -4.987716232675291E-013   50.7303684993970     
   55.6000000000000      -3.848662816945525E-012   50.9302552795785     
   55.8000000000000      -6.560601564443249E-012   51.1301429452477     
   56.0000000000000      -8.198564783926813E-012   51.3300314860598     
   56.2000000000000      -8.502263871473072E-012   51.5299208918306     
   56.4000000000000      -7.428475156117552E-012   51.7298111525332     
   56.6000000000000      -5.157073517778685E-012   51.9297022582951     
   56.8000000000000      -2.060935651736477E-012   52.1295941993951     
   57.0000000000000       1.355238192588359E-012   52.3294869662605     
   57.2000000000000       4.537167937556571E-012   52.5293805494645     
   57.4000000000000       6.970895542525336E-012   52.7292749397229     
   57.6000000000000       8.265773547504190E-012   52.9291701278918     
   57.8000000000000       8.217141663218872E-012   53.1290661049650     
   58.0000000000000       6.838639289309878E-012   53.3289628620712     
   58.2000000000000       4.359065679667670E-012   53.5288603904716     
   58.4000000000000       1.184430091360866E-012   53.7287586815574     
   58.6000000000000      -2.168494611349783E-012   53.9286577268474     
   58.8000000000000      -5.156271896205401E-012   54.1285575179857     
   59.0000000000000      -7.296851271511068E-012   54.3284580467393     
   59.2000000000000      -8.247312578995707E-012   54.5283593049960     
   59.4000000000000      -7.858786046254416E-012   54.7282612847619     
   59.6000000000000      -6.199718780049751E-012   54.9281639781597     
   59.8000000000000      -3.543910708147546E-012   55.1280673774261     
   60.0000000000000      -3.253438619154136E-013   55.3279714749100     
   60.2000000000000       2.932703264517828E-012   55.5278762630706     
   60.4000000000000       5.702707131748712E-012   55.7277817344752     
   60.6000000000000       7.538287392326403E-012   55.9276878817973     
   60.8000000000000       8.146114331495115E-012   56.1275946978148     
   61.0000000000000       7.432761943168201E-012   56.3275021754080     
   61.2000000000000       5.519020741784496E-012   56.5274103075581     
   61.4000000000000       2.719482860020046E-012   56.7273190873450     
   61.6000000000000      -5.091482962106259E-013   56.9272285079458     
   61.8000000000000      -3.642534782601993E-012   57.1271385626333     
   62.0000000000000      -6.173839885144024E-012   57.3270492447739     
   62.2000000000000      -7.695683226737131E-012   57.5269605478263     
   62.4000000000000      -7.965683437569159E-012   57.7268724653397     
   62.6000000000000      -6.945041562811176E-012   57.9267849909523     
   62.8000000000000      -4.804013405047079E-012   58.1266981183901     
   63.0000000000000      -1.893546568344497E-012   58.3266118414646     
   63.2000000000000       1.312226837697315E-012   58.5265261540723     
   63.4000000000000       4.293207931111063E-012   58.7264410501925     
   63.6000000000000       6.567688978102582E-012   58.9263565238863     
   63.8000000000000       7.770170551858047E-012   59.1262725692952     
   64.0000000000000       7.710081296262994E-012   59.3261891806394     
   64.2000000000000       6.401946849186257E-012   59.5261063522170     
   64.4000000000000       4.062268233969124E-012   59.7260240784022     
   64.6000000000000       1.073707549647615E-012   59.9259423536443     
   64.8000000000000      -2.077476381925842E-012   60.1258611724666     
   65.0000000000000      -4.880524055175316E-012   60.3257805294648     
   65.2000000000000      -6.882941124054337E-012   60.5257004193061     
   65.4000000000000      -7.763528166688103E-012   60.7256208367277     
   65.6000000000000      -7.383881071394447E-012   60.9255417765361     
   65.8000000000000      -5.810113896117912E-012   61.1254632336056     
   66.0000000000000      -3.301409831902980E-012   61.3253852028775     
   66.2000000000000      -2.673504115748265E-013   61.5253076793585     
   66.4000000000000       2.798934437508853E-012   61.7252306581203     
   66.6000000000000       5.400896531002985E-012   61.9251541342982     
   66.8000000000000       7.118959304785817E-012   62.1250781030899     
   67.0000000000000       7.678160665265291E-012   62.3250025597548     
   67.2000000000000       6.992137003376089E-012   62.5249274996131     
   67.4000000000000       5.176428973234523E-012   62.7248529180444     
   67.6000000000000       2.529047713249333E-012   62.9247788104871     
   67.8000000000000      -5.184156064372589E-013   63.1247051724375     
   68.0000000000000      -3.471134317668800E-012   63.3246319994485     
   68.2000000000000      -5.851376102537682E-012   63.5245592871293     
   68.4000000000000      -7.275777017251475E-012   63.7244870311440     
   68.6000000000000      -7.517074594319974E-012   63.9244152272109     
   68.8000000000000      -6.540342230723571E-012   64.1243438711017     
   69.0000000000000      -4.507978050086119E-012   64.3242729586408     
   69.2000000000000      -1.752720148128072E-012   64.5242024857042     
   69.4000000000000       1.276811862129197E-012   64.7241324482189     
   69.6000000000000       4.089145411401868E-012   64.9240628421620     
   69.8000000000000       6.229667720841566E-012   65.1239936635603     
   70.0000000000000       7.354100236526064E-012   65.3239249084886     
