   10.0000000000000       1.318403278573642E-011   70.0000000000000     
   10.2000000000000       2.395493757773819E-011   70.0000000000000     
   10.4000000000000       3.033685874514786E-011   70.0000000000000     
   10.6000000000000       3.156734287986559E-011   70.0000000000000     
   10.8000000000000       2.771998064539757E-011   70.0000000000000     
   11.0000000000000       1.965323522690384E-011   70.0000000000000     
   11.2000000000000       8.841879547035420E-012   70.0000000000000     
   11.4000000000000      -2.878669560826279E-012   70.0000000000000     
   11.6000000000000      -1.361272615498487E-011   70.0000000000000     
   11.8000000000000      -2.170173673518627E-011   70.0000000000000     
   12.0000000000000      -2.597315917392042E-011   70.0000000000000     
   12.2000000000000      -2.590428192086582E-011   70.0000000000000     
   12.4000000000000      -2.167876211538267E-011   70.0000000000000     
   12.6000000000000      -1.413093633218423E-011   70.0000000000000     
   12.8000000000000      -4.590457270382454E-012   70.0000000000000     
   13.0000000000000       5.345162977613458E-012   70.0000000000000     
   13.2000000000000       1.407221280294648E-011   70.0000000000000     
   13.4000000000000       2.023462152382517E-011   70.0000000000000     
   13.6000000000000       2.293047082889080E-011   70.0000000000000     
   13.8000000000000       2.184025403741478E-011   70.0000000000000     
   14.0000000000000       1.725912134711441E-011   70.0000000000000     
   14.2000000000000       1.003091497986948E-011   70.0000000000000     
   14.4000000000000       1.397278252930176E-012   70.0000000000000     
   14.6000000000000      -7.211897829010491E-012   70.0000000000000     
   14.8000000000000      -1.441191355179272E-011   70.0000000000000     
   15.0000000000000      -1.908298150525418E-011   70.0000000000000     
   15.2000000000000      -2.054178783966805E-011   70.0000000000000     
   15.4000000000000      -1.863895861357872E-011   70.0000000000000     
   15.6000000000000      -1.376888083520286E-011   70.0000000000000     
   15.8000000000000      -6.792548600233082E-012   70.0000000000000     
   16.0000000000000       1.112122834541451E-012   70.0000000000000     
   16.2000000000000       8.646910857918121E-012   70.0000000000000     
   16.4000000000000       1.460437633816155E-011   70.0000000000000     
   16.6000000000000       1.805943460159413E-011   70.0000000000000     
   16.8000000000000       1.851129220849089E-011   70.0000000000000     
   17.0000000000000       1.595421360813762E-011   70.0000000000000     
   17.2000000000000       1.086739591611125E-011   70.0000000000000     
   17.4000000000000       4.127337553015676E-012   70.0000000000000     
   17.6000000000000      -3.141620641223441E-012   70.0000000000000     
   17.8000000000000      -9.753361636692023E-012   70.0000000000000     
   18.0000000000000      -1.465211732392392E-011   70.0000000000000     
   18.2000000000000      -1.707975360248126E-011   70.0000000000000     
   18.4000000000000      -1.669190287904366E-011   70.0000000000000     
   18.6000000000000      -1.360532923955093E-011   70.0000000000000     
   18.8000000000000      -8.370256791707487E-012   70.0000000000000     
   19.0000000000000      -1.873525569050732E-012   70.0000000000000     
   19.2000000000000       4.810588826935640E-012   70.0000000000000     
   19.4000000000000       1.059697678683522E-011   70.0000000000000     
   19.6000000000000       1.456485547644864E-011   70.0000000000000     
   19.8000000000000       1.610337026269612E-011   70.0000000000000     
   20.0000000000000       1.500475204566315E-011   70.0000000000000     
   20.2000000000000       1.149095643116145E-011   70.0000000000000     
   20.4000000000000       6.170628279826049E-012   70.0000000000000     
   20.6000000000000      -6.552285890267016E-014   70.0000000000000     
   20.8000000000000      -6.193090169229342E-012   70.0000000000000     
   21.0000000000000      -1.122149389243262E-011   70.0000000000000     
   21.2000000000000      -1.435339008825086E-011   70.0000000000000     
   21.4000000000000      -1.511042529738561E-011   70.0000000000000     
   21.6000000000000      -1.340560665059511E-011   70.0000000000000     
   21.8000000000000      -9.551445514692168E-012   70.0000000000000     
   22.0000000000000      -4.203529291873159E-012   70.0000000000000     
   22.2000000000000       1.750428023881325E-012   70.0000000000000     
   22.4000000000000       7.337378007120409E-012   70.0000000000000     
   22.6000000000000       1.165739427147044E-011   70.0000000000000     
   22.8000000000000       1.402808183531317E-011   70.0000000000000     
   23.0000000000000       1.409185231072546E-011   70.0000000000000     
   23.2000000000000       1.186928005114387E-011   70.0000000000000     
   23.4000000000000       7.750671022345737E-012   70.0000000000000     
   23.6000000000000       2.428038266523458E-012   70.0000000000000     
   23.8000000000000      -3.220747936475511E-012   70.0000000000000     
   24.0000000000000      -8.276314171980143E-012   70.0000000000000     
   24.2000000000000      -1.192697820782144E-011   70.0000000000000     
   24.4000000000000      -1.359864376154555E-011   70.0000000000000     
   24.6000000000000      -1.304467480326794E-011   70.0000000000000     
   24.8000000000000      -1.038174257878134E-011   70.0000000000000     
   25.0000000000000      -6.066526044951773E-012   70.0000000000000     
   25.2000000000000      -8.177496598967068E-013   70.0000000000000     
   25.4000000000000       4.503193646182444E-012   70.0000000000000     
   25.6000000000000       9.033263342477161E-012   70.0000000000000     
   25.8000000000000       1.204740671367677E-011   70.0000000000000     
   26.0000000000000       1.307427258039200E-011   70.0000000000000     
   26.2000000000000       1.196958848461223E-011   70.0000000000000     
   26.4000000000000       8.935830417623423E-012   70.0000000000000     
   26.6000000000000       4.485612168633381E-012   70.0000000000000     
   26.8000000000000      -6.446643413897923E-013   70.0000000000000     
   27.0000000000000      -5.616398551363381E-012   70.0000000000000     
   27.2000000000000      -9.625590251308973E-012   70.0000000000000     
   27.4000000000000      -1.203257869957104E-011   70.0000000000000     
   27.6000000000000      -1.246383111985019E-011   70.0000000000000     
   27.8000000000000      -1.086962522938837E-011   70.0000000000000     
   28.0000000000000      -7.528763437320753E-012   70.0000000000000     
   28.2000000000000      -3.000103838920536E-012   70.0000000000000     
   28.4000000000000       1.970713880084352E-012   70.0000000000000     
   28.6000000000000       6.573816794780839E-012   70.0000000000000     
   28.8000000000000       1.006681753454662E-011   70.0000000000000     
   29.0000000000000       1.189431848173934E-011   70.0000000000000     
   29.2000000000000       1.177600092139329E-011   70.0000000000000     
   29.4000000000000       9.749362412974471E-012   70.0000000000000     
   29.6000000000000       6.160628954464906E-012   70.0000000000000     
   29.8000000000000       1.605805486542385E-012   70.0000000000000     
   30.0000000000000      -3.168132299008653E-012   70.0000000000000     
   30.2000000000000      -7.385554110710188E-012   70.0000000000000     
   30.4000000000000      -1.036800126262715E-011   70.0000000000000     
   30.6000000000000      -1.164314222036990E-011   70.0000000000000     
   30.8000000000000      -1.101939007643590E-011   70.0000000000000     
   31.0000000000000      -8.614423434822035E-012   70.0000000000000     
   31.2000000000000      -4.833409458411716E-012   70.0000000000000     
   31.4000000000000      -3.008964295122473E-013   70.0000000000000     
   31.6000000000000       4.242201634212361E-012   70.0000000000000     
   31.8000000000000       8.059561843283581E-012   70.0000000000000     
   32.0000000000000       1.053863047002943E-011   70.0000000000000     
   32.2000000000000       1.128875877901229E-011   70.0000000000000     
   32.4000000000000       1.020259963866111E-011   70.0000000000000     
   32.6000000000000       7.471141077070942E-012   70.0000000000000     
   32.8000000000000       3.550330616620270E-012   70.0000000000000     
   33.0000000000000      -9.149105088101800E-013   70.0000000000000     
   33.2000000000000      -5.196641113629411E-012   70.0000000000000     
   33.4000000000000      -8.602436336204200E-012   70.0000000000000     
   33.6000000000000      -1.058722671851669E-011   70.0000000000000     
   33.8000000000000      -1.084039825742328E-011   70.0000000000000     
   34.0000000000000      -9.334256423810476E-012   70.0000000000000     
   34.2000000000000      -6.326315929463997E-012   70.0000000000000     
   34.4000000000000      -2.315405576823796E-012   70.0000000000000     
   34.6000000000000       2.040951947968438E-012   70.0000000000000     
   34.8000000000000       6.034219016296645E-012   70.0000000000000     
   35.0000000000000       9.019965465457031E-012   70.0000000000000     
   35.2000000000000       1.052174883068829E-011   70.0000000000000     
   35.4000000000000       1.030702611962998E-011   70.0000000000000     
   35.6000000000000       8.423020377793804E-012   70.0000000000000     
   35.8000000000000       5.187033223735825E-012   70.0000000000000     
   36.0000000000000       1.133104806386574E-012   70.0000000000000     
   36.2000000000000      -3.076028989353025E-012   70.0000000000000     
   36.4000000000000      -6.757182710511457E-012   70.0000000000000     
   36.6000000000000      -9.317507160934378E-012   70.0000000000000     
   36.8000000000000      -1.034986649571271E-011   70.0000000000000     
   37.0000000000000      -9.697478629258746E-012   70.0000000000000     
   37.2000000000000      -7.477572190335867E-012   70.0000000000000     
   37.4000000000000      -4.060516215413133E-012   70.0000000000000     
   37.6000000000000      -8.108229453750297E-015   70.0000000000000     
   37.8000000000000       4.018710428899338E-012   70.0000000000000     
   38.0000000000000       7.367566377234827E-012   70.0000000000000     
   38.2000000000000       9.500253983447125E-012   70.0000000000000     
   38.4000000000000       1.007914427213840E-011   70.0000000000000     
   38.6000000000000       9.020544055451337E-012   70.0000000000000     
   38.8000000000000       6.506586980902697E-012   70.0000000000000     
   39.0000000000000       2.954004577963352E-012   70.0000000000000     
   39.2000000000000      -1.054885600712522E-012   70.0000000000000     
   39.4000000000000      -4.867557913199113E-012   70.0000000000000     
   39.6000000000000      -7.867412805077301E-012   70.0000000000000     
   39.8000000000000      -9.573417114329317E-012   70.0000000000000     
   40.0000000000000      -9.717161697771835E-012   70.0000000000000     
   40.2000000000000      -8.285004676508492E-012   70.0000000000000     
   40.4000000000000      -5.518697219542411E-012   70.0000000000000     
   40.6000000000000      -1.874649759020098E-012   70.0000000000000     
   40.8000000000000       2.051310352410449E-012   70.0000000000000     
   41.0000000000000       5.621295819617206E-012   70.0000000000000     
   41.2000000000000       8.258933972727993E-012   70.0000000000000     
   41.4000000000000       9.542352712296909E-012   70.0000000000000     
   41.6000000000000       9.271587614442659E-012   70.0000000000000     
   41.8000000000000       7.499650748874081E-012   70.0000000000000     
   42.0000000000000       4.522448211344219E-012   70.0000000000000     
   42.2000000000000       8.294230966673986E-013   70.0000000000000     
   42.4000000000000      -2.976853167893172E-012   70.0000000000000     
   42.6000000000000      -6.278940310412818E-012   70.0000000000000     
   42.8000000000000      -8.544626456713717E-012   70.0000000000000     
   43.0000000000000      -9.412645793499613E-012   70.0000000000000     
   43.2000000000000      -8.750220877825700E-012   70.0000000000000     
   43.4000000000000      -6.673274155102071E-012   70.0000000000000     
   43.6000000000000      -3.526248715707092E-012   70.0000000000000     
   43.8000000000000       1.749657508139591E-013   70.0000000000000     
   44.0000000000000       3.827552938818071E-012   70.0000000000000     
   44.2000000000000       6.839896981737625E-012   70.0000000000000     
   44.4000000000000       8.727352222695243E-012   70.0000000000000     
   44.6000000000000       9.190161645030689E-012   70.0000000000000     
   44.8000000000000       8.161005449952863E-012   70.0000000000000     
   45.0000000000000       5.814646662278224E-012   70.0000000000000     
   45.2000000000000       2.538318038574880E-012   70.0000000000000     
   45.4000000000000      -1.132142287485649E-012   70.0000000000000     
   45.6000000000000      -4.599880860072172E-012   70.0000000000000     
   45.8000000000000      -7.304034472236409E-012   70.0000000000000     
   46.0000000000000      -8.810393132207102E-012   70.0000000000000     
   46.2000000000000      -8.881072888262939E-012   70.0000000000000     
   46.4000000000000      -7.512026724048134E-012   70.0000000000000     
   46.6000000000000      -4.932487593142049E-012   70.0000000000000     
   46.8000000000000      -1.566631931489038E-012   70.0000000000000     
   47.0000000000000       2.036132739765314E-012   70.0000000000000     
   47.2000000000000       5.290805593757408E-012   70.0000000000000     
   47.4000000000000       7.671737910703872E-012   70.0000000000000     
   47.6000000000000       8.797483797802360E-012   70.0000000000000     
   47.8000000000000       8.491866736438362E-012   70.0000000000000     
   48.0000000000000       6.811492771927265E-012   70.0000000000000     
   48.2000000000000       4.035423160575094E-012   70.0000000000000     
   48.4000000000000       6.188677738309387E-013   70.0000000000000     
   48.6000000000000      -2.881423046324831E-012   70.0000000000000     
   48.8000000000000      -5.897846011102163E-012   70.0000000000000     
   49.0000000000000      -7.943946353966713E-012   70.0000000000000     
   49.2000000000000      -8.692827547441963E-012   70.0000000000000     
   49.4000000000000      -8.029337192799506E-012   70.0000000000000     
   49.6000000000000      -6.067704662952591E-012   70.0000000000000     
   49.8000000000000      -3.131940555518078E-012   70.0000000000000     
   50.0000000000000       2.976492141458956E-013   70.0000000000000     
   50.2000000000000       3.663010950267327E-012   70.0000000000000     
   50.4000000000000       6.419112479343105E-012   70.0000000000000     
   50.6000000000000       8.122176180089431E-012   70.0000000000000     
   50.8000000000000       8.501098047144141E-012   70.0000000000000     
   51.0000000000000       7.500564857372289E-012   70.0000000000000     
   51.2000000000000       5.289018195931082E-012   70.0000000000000     
   51.4000000000000       2.230338438719790E-012   70.0000000000000     
   51.6000000000000      -1.175998003752497E-012   70.0000000000000     
   51.8000000000000      -4.376451477745329E-012   70.0000000000000     
   52.0000000000000      -6.853337910177975E-012   70.0000000000000     
   52.2000000000000      -8.208532373916085E-012   70.0000000000000     
   52.4000000000000      -8.227428929239094E-012   70.0000000000000     
   52.6000000000000      -6.912886742249711E-012   70.0000000000000     
   52.8000000000000      -4.483799145068292E-012   70.0000000000000     
   53.0000000000000      -1.338675344491908E-012   70.0000000000000     
   53.2000000000000       2.009711318066383E-012   70.0000000000000     
   53.4000000000000       5.017895952939041E-012   70.0000000000000     
   53.6000000000000       7.199899538785010E-012   70.0000000000000     
   53.8000000000000       8.205709331793638E-012   70.0000000000000     
   54.0000000000000       7.877393465528465E-012   70.0000000000000     
   54.2000000000000       6.273858256814593E-012   70.0000000000000     
   54.4000000000000       3.660374012199938E-012   70.0000000000000     
   54.6000000000000       4.647175691309084E-013   70.0000000000000     
   54.8000000000000      -2.792821741880077E-012   70.0000000000000     
   55.0000000000000      -5.584124243870385E-012   70.0000000000000     
   55.2000000000000      -7.458831774037001E-012   70.0000000000000     
   55.4000000000000      -8.116982050036035E-012   70.0000000000000     
   55.6000000000000      -7.456975477580605E-012   70.0000000000000     
   55.8000000000000      -5.591208644167258E-012   70.0000000000000     
   56.0000000000000      -2.826977411136488E-012   70.0000000000000     
   56.2000000000000       3.841126999415265E-013   70.0000000000000     
   56.4000000000000       3.519904149145864E-012   70.0000000000000     
   56.6000000000000       6.072570604015220E-012   70.0000000000000     
   56.8000000000000       7.630831067091154E-012   70.0000000000000     
   57.0000000000000       7.946189128560412E-012   70.0000000000000     
   57.2000000000000       6.972533236266309E-012   70.0000000000000     
   57.4000000000000       4.872791738740244E-012   70.0000000000000     
   57.6000000000000       1.991697861208072E-012   70.0000000000000     
   57.8000000000000      -1.200787517479419E-012   70.0000000000000     
   58.0000000000000      -4.186113368377191E-012   70.0000000000000     
   58.2000000000000      -6.481342515630368E-012   70.0000000000000     
   58.4000000000000      -7.717252681203425E-012   70.0000000000000     
   58.6000000000000      -7.697707868084598E-012   70.0000000000000     
   58.8000000000000      -6.430756884766440E-012   70.0000000000000     
   59.0000000000000      -4.126532659979443E-012   70.0000000000000     
   59.2000000000000      -1.162422502294041E-012   70.0000000000000     
   59.4000000000000       1.978721329913570E-012   70.0000000000000     
   59.6000000000000       4.787217225350740E-012   70.0000000000000     
   59.8000000000000       6.809233118558436E-012   70.0000000000000     
   60.0000000000000       7.720100381869235E-012   70.0000000000000     
   60.2000000000000       7.376422841627852E-012   70.0000000000000     
   60.4000000000000       5.838621002120472E-012   70.0000000000000     
   60.6000000000000       3.360372139111949E-012   70.0000000000000     
   60.8000000000000       3.467823456802208E-013   70.0000000000000     
   61.0000000000000      -2.711815753040335E-012   70.0000000000000     
   61.2000000000000      -5.319623904356580E-012   70.0000000000000     
   61.4000000000000      -7.055726542118935E-012   70.0000000000000     
   61.6000000000000      -7.642008726308042E-012   70.0000000000000     
   61.8000000000000      -6.987687907151917E-012   70.0000000000000     
   62.0000000000000      -5.203332442104744E-012   70.0000000000000     
   62.2000000000000      -2.582208634848965E-012   70.0000000000000     
   62.4000000000000       4.479019131771944E-013   70.0000000000000     
   62.6000000000000       3.394501213060353E-012   70.0000000000000     
   62.8000000000000       5.780404216534877E-012   70.0000000000000     
   63.0000000000000       7.220997121209198E-012   70.0000000000000     
   63.2000000000000       7.486219307038588E-012   70.0000000000000     
   63.4000000000000       6.537283316316492E-012   70.0000000000000     
   63.6000000000000       4.532275286852381E-012   70.0000000000000     
   63.8000000000000       1.799840122020124E-012   70.0000000000000     
   64.0000000000000      -1.214671733648425E-012   70.0000000000000     
   64.2000000000000      -4.021773885306392E-012   70.0000000000000     
   64.4000000000000      -6.167307515867774E-012   70.0000000000000     
   64.6000000000000      -7.305901579485680E-012   70.0000000000000     
   64.8000000000000      -7.256550357201295E-012   70.0000000000000     
   65.0000000000000      -6.031367585084603E-012   70.0000000000000     
   65.2000000000000      -3.832952735161411E-012   70.0000000000000     
   65.4000000000000      -1.020905403945661E-012   70.0000000000000     
   65.6000000000000       1.946980461360645E-012   70.0000000000000     
   65.8000000000000       4.589228364116599E-012   70.0000000000000     
   66.0000000000000       6.478771952927875E-012   70.0000000000000     
   66.2000000000000       7.311965142510323E-012   70.0000000000000     
   66.4000000000000       6.957360919143539E-012   70.0000000000000     
   66.6000000000000       5.476425487311913E-012   70.0000000000000     
   66.8000000000000       3.112927334868563E-012   70.0000000000000     
   67.0000000000000       2.528262799446879E-013   70.0000000000000     
   67.2000000000000      -2.638739820020554E-012   70.0000000000000     
   67.4000000000000      -5.093085228968065E-012   70.0000000000000     
   67.6000000000000      -6.713928588025782E-012   70.0000000000000     
   67.8000000000000      -7.241361471380981E-012   70.0000000000000     
   68.0000000000000      -6.593509799933359E-012   70.0000000000000     
   68.2000000000000      -4.879212650895821E-012   70.0000000000000     
   68.4000000000000      -2.379760189145402E-012   70.0000000000000     
   68.6000000000000       4.972487683901165E-013   70.0000000000000     
   68.8000000000000       3.284362574516671E-012   70.0000000000000     
   69.0000000000000       5.530213074710266E-012   70.0000000000000     
   69.2000000000000       6.872599131755327E-012   70.0000000000000     
   69.4000000000000       7.096886381969737E-012   70.0000000000000     
   69.6000000000000       6.170309427158292E-012   70.0000000000000     
   69.8000000000000       4.246696931054382E-012   70.0000000000000     
   70.0000000000000       1.640949261110397E-012   70.0000000000000     
