   10.0000000000000      -3.178895288359404E-011   70.0000000000000     
   10.2000000000000      -2.328791649342507E-011   70.0000000000000     
   10.4000000000000      -1.157838156989944E-011   70.0000000000000     
   10.6000000000000       1.337124413701854E-012   70.0000000000000     
   10.8000000000000       1.337152075094466E-011   70.0000000000000     
   11.0000000000000       2.267734223973359E-011   70.0000000000000     
   11.2000000000000       2.792017565287110E-011   70.0000000000000     
   11.4000000000000       2.846185850374379E-011   70.0000000000000     
   11.6000000000000       2.442904559820821E-011   70.0000000000000     
   11.8000000000000       1.666106289023208E-011   70.0000000000000     
   12.0000000000000       6.549612957006218E-012   70.0000000000000     
   12.2000000000000      -4.200974438130348E-012   70.0000000000000     
   12.4000000000000      -1.385302696890505E-011   70.0000000000000     
   12.6000000000000      -2.090968120059604E-011   70.0000000000000     
   12.8000000000000      -2.434150269357193E-011   70.0000000000000     
   13.0000000000000      -2.373191550972693E-011   70.0000000000000     
   13.2000000000000      -1.932145948229927E-011   70.0000000000000     
   13.4000000000000      -1.194725905804927E-011   70.0000000000000     
   13.6000000000000      -2.890533687117329E-012   70.0000000000000     
   13.8000000000000       6.341045632686614E-012   70.0000000000000     
   14.0000000000000       1.425994990146915E-011   70.0000000000000     
   14.2000000000000       1.963464872255224E-011   70.0000000000000     
   14.4000000000000       2.167786247350115E-011   70.0000000000000     
   14.6000000000000       2.015886064880810E-011   70.0000000000000     
   14.8000000000000       1.542419535330603E-011   70.0000000000000     
   15.0000000000000       8.326115834312769E-012   70.0000000000000     
   15.2000000000000       7.250250936641500E-014   70.0000000000000     
   15.4000000000000      -7.975798032734691E-012   70.0000000000000     
   15.6000000000000      -1.452669418274237E-011   70.0000000000000     
   15.8000000000000      -1.856190583835530E-011   70.0000000000000     
   16.0000000000000      -1.949315588203037E-011   70.0000000000000     
   16.2000000000000      -1.724582783201255E-011   70.0000000000000     
   16.4000000000000      -1.225850242567321E-011   70.0000000000000     
   16.6000000000000      -5.400427779129012E-012   70.0000000000000     
   16.8000000000000       2.178013212760310E-012   70.0000000000000     
   17.0000000000000       9.236445231000542E-012   70.0000000000000     
   17.2000000000000       1.464579025777125E-011   70.0000000000000     
   17.4000000000000       1.756730628205422E-011   70.0000000000000     
   17.6000000000000       1.758121634981796E-011   70.0000000000000     
   17.8000000000000       1.474540569808303E-011   70.0000000000000     
   18.0000000000000       9.576236245268079E-012   70.0000000000000     
   18.2000000000000       2.956135214135752E-012   70.0000000000000     
   18.4000000000000      -4.015769334220564E-012   70.0000000000000     
   18.6000000000000      -1.020490035555454E-011   70.0000000000000     
   18.8000000000000      -1.462468387938889E-011   70.0000000000000     
   19.0000000000000      -1.659272356095518E-011   70.0000000000000     
   19.2000000000000      -1.583513854147826E-011   70.0000000000000     
   19.4000000000000      -1.252326269897683E-011   70.0000000000000     
   19.6000000000000      -7.238032241942825E-012   70.0000000000000     
   19.8000000000000      -8.690689636010587E-013   70.0000000000000     
   20.0000000000000       5.534178701261549E-012   70.0000000000000     
   20.2000000000000       1.093447910799948E-011   70.0000000000000     
   20.4000000000000       1.447398506564774E-011   70.0000000000000     
   20.6000000000000       1.560971690108061E-011   70.0000000000000     
   20.8000000000000       1.419608279577871E-011   70.0000000000000     
   21.0000000000000       1.050201339824600E-011   70.0000000000000     
   21.2000000000000       5.160995463800238E-012   70.0000000000000     
   21.4000000000000      -9.368958760529872E-013   70.0000000000000     
   21.6000000000000      -6.792680560715553E-012   70.0000000000000     
   21.8000000000000      -1.146147856129181E-011   70.0000000000000     
   22.0000000000000      -1.420434501134348E-011   70.0000000000000     
   22.2000000000000      -1.460463555173857E-011   70.0000000000000     
   22.4000000000000      -1.263066729820270E-011   70.0000000000000     
   22.6000000000000      -8.635350241054058E-012   70.0000000000000     
   22.8000000000000      -3.293745720972948E-012   70.0000000000000     
   23.0000000000000       2.510508328086710E-012   70.0000000000000     
   23.2000000000000       7.830881542904505E-012   70.0000000000000     
   23.4000000000000       1.181180901493383E-011   70.0000000000000     
   23.6000000000000       1.382579432730928E-011   70.0000000000000     
   23.8000000000000       1.357186250458381E-011   70.0000000000000     
   24.0000000000000       1.111998609343752E-011   70.0000000000000     
   24.2000000000000       6.895017084946562E-012   70.0000000000000     
   24.4000000000000       1.603493574642753E-012   70.0000000000000     
   24.6000000000000      -3.884141758680043E-012   70.0000000000000     
   24.8000000000000      -8.676341318441908E-012   70.0000000000000     
   25.0000000000000      -1.200490821939588E-011   70.0000000000000     
   25.2000000000000      -1.334776505609931E-011   70.0000000000000     
   25.4000000000000      -1.251047438070242E-011   70.0000000000000     
   25.6000000000000      -9.653838663593424E-012   70.0000000000000     
   25.8000000000000      -5.263757898137688E-012   70.0000000000000     
   26.0000000000000      -6.888574620153771E-014   70.0000000000000     
   26.2000000000000       5.080014281324933E-012   70.0000000000000     
   26.4000000000000       9.349088380221082E-012   70.0000000000000     
   26.6000000000000       1.205612270713963E-011   70.0000000000000     
   26.8000000000000       1.277926527920274E-011   70.0000000000000     
   27.0000000000000       1.142245974338015E-011   70.0000000000000     
   27.2000000000000       8.227489673337559E-012   70.0000000000000     
   27.4000000000000       3.731262388686644E-012   70.0000000000000     
   27.6000000000000      -1.324180989612872E-012   70.0000000000000     
   27.8000000000000      -6.113887282291486E-012   70.0000000000000     
   28.0000000000000      -9.864354861816193E-012   70.0000000000000     
   28.2000000000000      -1.197819657901319E-011   70.0000000000000     
   28.4000000000000      -1.212905084103750E-011   70.0000000000000     
   28.6000000000000      -1.031169978172891E-011   70.0000000000000     
   28.8000000000000      -6.839741311037898E-012   70.0000000000000     
   29.0000000000000      -2.291711450630785E-012   70.0000000000000     
   29.2000000000000       2.585126471630886E-012   70.0000000000000     
   29.4000000000000       6.997358994610598E-012   70.0000000000000     
   29.6000000000000       1.023429323652199E-011   70.0000000000000     
   29.8000000000000       1.178222365956417E-011   70.0000000000000     
   30.0000000000000       1.140575588248097E-011   70.0000000000000     
   30.2000000000000       9.183345094264585E-012   70.0000000000000     
   30.4000000000000       5.491726285534311E-012   70.0000000000000     
   30.6000000000000       9.422233685379899E-013   70.0000000000000     
   30.8000000000000      -3.720324756122680E-012   70.0000000000000     
   31.0000000000000      -7.739337529005278E-012   70.0000000000000     
   31.2000000000000      -1.046908541072915E-011   70.0000000000000     
   31.4000000000000      -1.147826625416442E-011   70.0000000000000     
   31.6000000000000      -1.061797892537768E-011   70.0000000000000     
   31.8000000000000      -8.043408735768938E-012   70.0000000000000     
   32.0000000000000      -4.186115732962797E-012   70.0000000000000     
   32.2000000000000       3.181695088009756E-013   70.0000000000000     
   32.4000000000000       4.734185556298767E-012   70.0000000000000     
   32.6000000000000       8.347015154778498E-012   70.0000000000000     
   32.8000000000000       1.057767582657659E-011   70.0000000000000     
   33.0000000000000       1.107576101197715E-011   70.0000000000000     
   33.2000000000000       9.774331594897945E-012   70.0000000000000     
   33.4000000000000       6.898483335113850E-012   70.0000000000000     
   33.6000000000000       2.926576953886065E-012   70.0000000000000     
   33.8000000000000      -1.489218296482174E-012   70.0000000000000     
   34.0000000000000      -5.629889190837952E-012   70.0000000000000     
   34.2000000000000      -8.826527685180318E-012   70.0000000000000     
   34.4000000000000      -1.056826343081506E-011   70.0000000000000     
   34.6000000000000      -1.058378452155218E-011   70.0000000000000     
   34.8000000000000      -8.883457701514569E-012   70.0000000000000     
   35.0000000000000      -5.755532032582734E-012   70.0000000000000     
   35.2000000000000      -1.717387110347938E-012   70.0000000000000     
   35.4000000000000       2.569947973642363E-012   70.0000000000000     
   35.6000000000000       6.409898449520376E-012   70.0000000000000     
   35.8000000000000       9.183408810241906E-012   70.0000000000000     
   36.0000000000000       1.044863463249025E-011   70.0000000000000     
   36.2000000000000       1.001122454788480E-011   70.0000000000000     
   36.4000000000000       7.954030078774099E-012   70.0000000000000     
   36.6000000000000       4.621725609092776E-012   70.0000000000000     
   36.8000000000000       5.631483305308080E-013   70.0000000000000     
   37.0000000000000      -3.559011115777491E-012   70.0000000000000     
   37.2000000000000      -7.076321717755049E-012   70.0000000000000     
   37.4000000000000      -9.422906396419645E-012   70.0000000000000     
   37.6000000000000      -1.022638806891254E-011   70.0000000000000     
   37.8000000000000      -9.366885983082718E-012   70.0000000000000     
   38.0000000000000      -6.994730701508172E-012   70.0000000000000     
   38.2000000000000      -3.504309569945005E-012   70.0000000000000     
   38.4000000000000       5.314290601713914E-013   70.0000000000000     
   38.6000000000000       4.454948630664707E-012   70.0000000000000     
   38.8000000000000       7.631173995648561E-012   70.0000000000000     
   39.0000000000000       9.550203300209700E-012   70.0000000000000     
   39.2000000000000       9.909083927725891E-012   70.0000000000000     
   39.4000000000000       8.659550763369292E-012   70.0000000000000     
   39.6000000000000       6.014218475992064E-012   70.0000000000000     
   39.8000000000000       2.410491626261529E-012   70.0000000000000     
   40.0000000000000      -1.561695864772863E-012   70.0000000000000     
   40.2000000000000      -5.256385179042569E-012   70.0000000000000     
   40.4000000000000      -8.076565782830588E-012   70.0000000000000     
   40.6000000000000      -9.570570403163939E-012   70.0000000000000     
   40.8000000000000      -9.504339505646445E-012   70.0000000000000     
   41.0000000000000      -7.898004892827754E-012   70.0000000000000     
   41.2000000000000      -5.021088273071921E-012   70.0000000000000     
   41.4000000000000      -1.347344029786547E-012   70.0000000000000     
   41.6000000000000       2.523198831636997E-012   70.0000000000000     
   41.8000000000000       5.962176981315460E-012   70.0000000000000     
   42.0000000000000       8.414839238478917E-012   70.0000000000000     
   42.2000000000000       9.489469973059159E-012   70.0000000000000     
   42.4000000000000       9.019885263780015E-012   70.0000000000000     
   42.6000000000000       7.091041239926901E-012   70.0000000000000     
   42.8000000000000       4.023823493609452E-012   70.0000000000000     
   43.0000000000000       3.217168776619745E-013   70.0000000000000     
   43.2000000000000      -3.411789950158507E-012   70.0000000000000     
   43.4000000000000      -6.571524402099828E-012   70.0000000000000     
   43.6000000000000      -8.648665384051983E-012   70.0000000000000     
   43.8000000000000      -9.312622457364447E-012   70.0000000000000     
   44.0000000000000      -8.463592071203909E-012   70.0000000000000     
   44.2000000000000      -6.247445139958361E-012   70.0000000000000     
   44.4000000000000      -3.030744937694417E-012   70.0000000000000     
   44.6000000000000       6.598390364633207E-013   70.0000000000000     
   44.8000000000000       4.223715176932562E-012   70.0000000000000     
   45.0000000000000       7.084056673795243E-012   70.0000000000000     
   45.2000000000000       8.781110748968453E-012   70.0000000000000     
   45.4000000000000       9.046044744524169E-012   70.0000000000000     
   45.6000000000000       7.843476074581097E-012   70.0000000000000     
   45.8000000000000       5.375966743414272E-012   70.0000000000000     
   46.0000000000000       2.049956954019437E-012   70.0000000000000     
   46.2000000000000      -1.591141813310727E-012   70.0000000000000     
   46.4000000000000      -4.955687119666683E-012   70.0000000000000     
   46.6000000000000      -7.499895068210920E-012   70.0000000000000     
   46.8000000000000      -8.815680596226498E-012   70.0000000000000     
   47.0000000000000      -8.696066859232430E-012   70.0000000000000     
   47.2000000000000      -7.167687091226547E-012   70.0000000000000     
   47.4000000000000      -4.485284261661140E-012   70.0000000000000     
   47.6000000000000      -1.089292897021231E-012   70.0000000000000     
   47.8000000000000       2.466440624783984E-012   70.0000000000000     
   48.0000000000000       5.604943731121119E-012   70.0000000000000     
   48.2000000000000       7.819697964180130E-012   70.0000000000000     
   48.4000000000000       8.756342901571982E-012   70.0000000000000     
   48.6000000000000       8.269331271276584E-012   70.0000000000000     
   48.8000000000000       6.444484048280740E-012   70.0000000000000     
   49.0000000000000       3.583960460239762E-012   70.0000000000000     
   49.2000000000000       1.562607650215002E-013   70.0000000000000     
   49.4000000000000      -3.280471145934699E-012   70.0000000000000     
   49.6000000000000      -6.169295057872015E-012   70.0000000000000     
   49.8000000000000      -8.044690871966142E-012   70.0000000000000     
   50.0000000000000      -8.607536674869072E-012   70.0000000000000     
   50.2000000000000      -7.772778395596797E-012   70.0000000000000     
   50.4000000000000      -5.682200524902767E-012   70.0000000000000     
   50.6000000000000      -2.680394525729182E-012   70.0000000000000     
   50.8000000000000       7.420100447553811E-013   70.0000000000000     
   51.0000000000000       4.028504577300559E-012   70.0000000000000     
   51.2000000000000       6.647159553216044E-012   70.0000000000000     
   51.4000000000000       8.176683848101644E-012   70.0000000000000     
   51.6000000000000       8.374167624386271E-012   70.0000000000000     
   51.8000000000000       7.213621444376312E-012   70.0000000000000     
   52.0000000000000       4.889203323003435E-012   70.0000000000000     
   52.2000000000000       1.782771668548132E-012   70.0000000000000     
   52.4000000000000      -1.598819282326785E-012   70.0000000000000     
   52.6000000000000      -4.706389537970700E-012   70.0000000000000     
   52.8000000000000      -7.037590039421267E-012   70.0000000000000     
   53.0000000000000      -8.218077010037410E-012   70.0000000000000     
   53.2000000000000      -8.061592226626823E-012   70.0000000000000     
   53.4000000000000      -6.599311730113200E-012   70.0000000000000     
   53.6000000000000      -4.073844887446526E-012   70.0000000000000     
   53.8000000000000      -8.990107387056090E-013   70.0000000000000     
   54.0000000000000       2.407944139890863E-012   70.0000000000000     
   54.2000000000000       5.310588074439138E-012   70.0000000000000     
   54.4000000000000       7.340291320400099E-012   70.0000000000000     
   54.6000000000000       8.171856762509359E-012   70.0000000000000     
   54.8000000000000       7.675593200382402E-012   70.0000000000000     
   55.0000000000000       5.937497537297337E-012   70.0000000000000     
   55.2000000000000       3.244412540630548E-012   70.0000000000000     
   55.4000000000000       3.671243000301184E-014   70.0000000000000     
   55.6000000000000      -3.163683279070817E-012   70.0000000000000     
   55.8000000000000      -5.838204409140044E-012   70.0000000000000     
   56.0000000000000      -7.555628694707065E-012   70.0000000000000     
   56.2000000000000      -8.041582508101537E-012   70.0000000000000     
   56.4000000000000      -7.222346506896644E-012   70.0000000000000     
   56.6000000000000      -5.235976819864004E-012   70.0000000000000     
   56.8000000000000      -2.409074702491896E-012   70.0000000000000     
   57.0000000000000       7.968920376139779E-013   70.0000000000000     
   57.2000000000000       3.860897122657299E-012   70.0000000000000     
   57.4000000000000       6.287007449201361E-012   70.0000000000000     
   57.6000000000000       7.684628862244633E-012   70.0000000000000     
   57.8000000000000       7.831365715259369E-012   70.0000000000000     
   58.0000000000000       6.708381974624254E-012   70.0000000000000     
   58.2000000000000       4.502645856264259E-012   70.0000000000000     
   58.4000000000000       1.575826061196743E-012   70.0000000000000     
   58.6000000000000      -1.594990137313114E-012   70.0000000000000     
   58.8000000000000      -4.495043267162454E-012   70.0000000000000     
   59.0000000000000      -6.655446455179237E-012   70.0000000000000     
   59.2000000000000      -7.728973162568050E-012   70.0000000000000     
   59.4000000000000      -7.545841745685181E-012   70.0000000000000     
   59.6000000000000      -6.140538285327628E-012   70.0000000000000     
   59.8000000000000      -3.745444770856280E-012   70.0000000000000     
   60.0000000000000      -7.524326047198302E-013   70.0000000000000     
   60.2000000000000       2.351234396217681E-012   70.0000000000000     
   60.4000000000000       5.062206516354272E-012   70.0000000000000     
   60.6000000000000       6.942659682557758E-012   70.0000000000000     
   60.8000000000000       7.690983258302810E-012   70.0000000000000     
   61.0000000000000       7.190134782451699E-012   70.0000000000000     
   61.2000000000000       5.525912769360636E-012   70.0000000000000     
   61.4000000000000       2.972300326082313E-012   70.0000000000000     
   61.6000000000000      -5.362328022809093E-014   70.0000000000000     
   61.8000000000000      -3.059786024530372E-012   70.0000000000000     
   62.0000000000000      -5.559124090484231E-012   70.0000000000000     
   62.2000000000000      -7.148477019011034E-012   70.0000000000000     
   62.4000000000000      -7.573600734885562E-012   70.0000000000000     
   62.6000000000000      -6.769817701431225E-012   70.0000000000000     
   62.8000000000000      -4.871808102715393E-012   70.0000000000000     
   63.0000000000000      -2.191068180787385E-012   70.0000000000000     
   63.2000000000000       8.351954944175937E-013   70.0000000000000     
   63.4000000000000       3.715353844852611E-012   70.0000000000000     
   63.6000000000000       5.983204315943484E-012   70.0000000000000     
   63.8000000000000       7.273415237345132E-012   70.0000000000000     
   64.0000000000000       7.380359538323382E-012   70.0000000000000     
   64.2000000000000       6.290866044334617E-012   70.0000000000000     
   64.4000000000000       4.185675195740843E-012   70.0000000000000     
   64.6000000000000       1.409473909333524E-012   70.0000000000000     
   64.8000000000000      -1.585525525777230E-012   70.0000000000000     
   65.0000000000000      -4.313229580761658E-012   70.0000000000000     
   65.2000000000000      -6.332540155728534E-012   70.0000000000000     
   65.4000000000000      -7.318667548020491E-012   70.0000000000000     
   65.6000000000000      -7.115353228882894E-012   70.0000000000000     
   65.8000000000000      -5.759608288955111E-012   70.0000000000000     
   66.0000000000000      -3.475054575899299E-012   70.0000000000000     
   66.2000000000000      -6.350550627222687E-013   70.0000000000000     
   66.4000000000000       2.298290227352386E-012   70.0000000000000     
   66.6000000000000       4.849317617996989E-012   70.0000000000000     
   66.8000000000000       6.605916007060696E-012   70.0000000000000     
   67.0000000000000       7.286086207621825E-012   70.0000000000000     
   67.2000000000000       6.783196104869392E-012   70.0000000000000     
   67.4000000000000       5.182671693075470E-012   70.0000000000000     
   67.6000000000000       2.747515657345082E-012   70.0000000000000     
   67.8000000000000      -1.248963381200512E-013   70.0000000000000     
   68.0000000000000      -2.967646798598370E-012   70.0000000000000     
   68.2000000000000      -5.320160166517218E-012   70.0000000000000     
   68.4000000000000      -6.802808947016651E-012   70.0000000000000     
   68.6000000000000      -7.178159619680000E-012   70.0000000000000     
   68.8000000000000      -6.388979844659797E-012   70.0000000000000     
   69.0000000000000      -4.566925488595429E-012   70.0000000000000     
   69.2000000000000      -2.010595692789216E-012   70.0000000000000     
   69.4000000000000       8.633891805901019E-013   70.0000000000000     
   69.6000000000000       3.588273480641848E-012   70.0000000000000     
   69.8000000000000       5.722956621400649E-012   70.0000000000000     
   70.0000000000000       6.923383551756850E-012   70.0000000000000     
