   10.0000000000000       3.441447727237383E-011   70.0000000000000     
   10.2000000000000       3.340907195595341E-011   70.0000000000000     
   10.4000000000000       3.247127835951706E-011   70.0000000000000     
   10.6000000000000       3.159564903895342E-011   70.0000000000000     
   10.8000000000000       3.077653154879801E-011   70.0000000000000     
   11.0000000000000       3.000852388808919E-011   70.0000000000000     
   11.2000000000000       2.928677248198338E-011   70.0000000000000     
   11.4000000000000       2.860706430110508E-011   70.0000000000000     
   11.6000000000000       2.796577519415375E-011   70.0000000000000     
   11.8000000000000       2.735975866040491E-011   70.0000000000000     
   12.0000000000000       2.678623578184120E-011   70.0000000000000     
   12.2000000000000       2.624271342802646E-011   70.0000000000000     
   12.4000000000000       2.572693302857070E-011   70.0000000000000     
   12.6000000000000       2.523684072016155E-011   70.0000000000000     
   12.8000000000000       2.477056824807167E-011   70.0000000000000     
   13.0000000000000       2.432641734859589E-011   70.0000000000000     
   13.2000000000000       2.390284438508403E-011   70.0000000000000     
   13.4000000000000       2.349844478284870E-011   70.0000000000000     
   13.6000000000000       2.311193798518359E-011   70.0000000000000     
   13.8000000000000       2.274215372682690E-011   70.0000000000000     
   14.0000000000000       2.238802003007033E-011   70.0000000000000     
   14.2000000000000       2.204855291830719E-011   70.0000000000000     
   14.4000000000000       2.172284760191769E-011   70.0000000000000     
   14.6000000000000       2.141007083019928E-011   70.0000000000000     
   14.8000000000000       2.110945415024495E-011   70.0000000000000     
   15.0000000000000       2.082028789465378E-011   70.0000000000000     
   15.2000000000000       2.054191578854802E-011   70.0000000000000     
   15.4000000000000       2.027373010715283E-011   70.0000000000000     
   15.6000000000000       2.001516733212434E-011   70.0000000000000     
   15.8000000000000       1.976570425860148E-011   70.0000000000000     
   16.0000000000000       1.952485450496990E-011   70.0000000000000     
   16.2000000000000       1.929216537862458E-011   70.0000000000000     
   16.4000000000000       1.906721505482352E-011   70.0000000000000     
   16.6000000000000       1.884961003116095E-011   70.0000000000000     
   16.8000000000000       1.863898282587046E-011   70.0000000000000     
   17.0000000000000       1.843498989311782E-011   70.0000000000000     
   17.2000000000000       1.823730973230807E-011   70.0000000000000     
   17.4000000000000       1.804564117131987E-011   70.0000000000000     
   17.6000000000000       1.785970180581041E-011   70.0000000000000     
   17.8000000000000       1.767922657859091E-011   70.0000000000000     
   18.0000000000000       1.750396648474904E-011   70.0000000000000     
   18.2000000000000       1.733368738975424E-011   70.0000000000000     
   18.4000000000000       1.716816894922380E-011   70.0000000000000     
   18.6000000000000       1.700720362033032E-011   70.0000000000000     
   18.8000000000000       1.685059575597203E-011   70.0000000000000     
   19.0000000000000       1.669816077381471E-011   70.0000000000000     
   19.2000000000000       1.654972439316282E-011   70.0000000000000     
   19.4000000000000       1.640512193335694E-011   70.0000000000000     
   19.6000000000000       1.626419766804499E-011   70.0000000000000     
   19.8000000000000       1.612680423025530E-011   70.0000000000000     
   20.0000000000000       1.599280206372008E-011   70.0000000000000     
   20.2000000000000       1.586205891636164E-011   70.0000000000000     
   20.4000000000000       1.573444937226539E-011   70.0000000000000     
   20.6000000000000       1.560985441882532E-011   70.0000000000000     
   20.8000000000000       1.548816104606384E-011   70.0000000000000     
   21.0000000000000       1.536926187540707E-011   70.0000000000000     
   21.2000000000000       1.525305481544155E-011   70.0000000000000     
   21.4000000000000       1.513944274240093E-011   70.0000000000000     
   21.6000000000000       1.502833320333305E-011   70.0000000000000     
   21.8000000000000       1.491963814008520E-011   70.0000000000000     
   22.0000000000000       1.481327363241880E-011   70.0000000000000     
   22.2000000000000       1.470915965872610E-011   70.0000000000000     
   22.4000000000000       1.460721987296903E-011   70.0000000000000     
   22.6000000000000       1.450738139659202E-011   70.0000000000000     
   22.8000000000000       1.440957462427920E-011   70.0000000000000     
   23.0000000000000       1.431373304252567E-011   70.0000000000000     
   23.2000000000000       1.421979306007947E-011   70.0000000000000     
   23.4000000000000       1.412769384938328E-011   70.0000000000000     
   23.6000000000000       1.403737719820764E-011   70.0000000000000     
   23.8000000000000       1.394878737072292E-011   70.0000000000000     
   24.0000000000000       1.386187097730906E-011   70.0000000000000     
   24.2000000000000       1.377657685245331E-011   70.0000000000000     
   24.4000000000000       1.369285594013690E-011   70.0000000000000     
   24.6000000000000       1.361066118616342E-011   70.0000000000000     
   24.8000000000000       1.352994743693351E-011   70.0000000000000     
   25.0000000000000       1.345067134421911E-011   70.0000000000000     
   25.2000000000000       1.337279127553732E-011   70.0000000000000     
   25.4000000000000       1.329626722976150E-011   70.0000000000000     
   25.6000000000000       1.322106075764093E-011   70.0000000000000     
   25.8000000000000       1.314713488692312E-011   70.0000000000000     
   26.0000000000000       1.307445405179199E-011   70.0000000000000     
   26.2000000000000       1.300298402634669E-011   70.0000000000000     
   26.4000000000000       1.293269186185571E-011   70.0000000000000     
   26.6000000000000       1.286354582753137E-011   70.0000000000000     
   26.8000000000000       1.279551535458014E-011   70.0000000000000     
   27.0000000000000       1.272857098329961E-011   70.0000000000000     
   27.2000000000000       1.266268431301083E-011   70.0000000000000     
   27.4000000000000       1.259782795463560E-011   70.0000000000000     
   27.6000000000000       1.253397548575064E-011   70.0000000000000     
   27.8000000000000       1.247110140797203E-011   70.0000000000000     
   28.0000000000000       1.240918110654263E-011   70.0000000000000     
   28.2000000000000       1.234819081200922E-011   70.0000000000000     
   28.4000000000000       1.228810756388589E-011   70.0000000000000     
   28.6000000000000       1.222890917620417E-011   70.0000000000000     
   28.8000000000000       1.217057420485056E-011   70.0000000000000     
   29.0000000000000       1.211308191658912E-011   70.0000000000000     
   29.2000000000000       1.205641225966425E-011   70.0000000000000     
   29.4000000000000       1.200054583587668E-011   70.0000000000000     
   29.6000000000000       1.194546387402813E-011   70.0000000000000     
   29.8000000000000       1.189114820463538E-011   70.0000000000000     
   30.0000000000000       1.183758123582563E-011   70.0000000000000     
   30.2000000000000       1.178474593033645E-011   70.0000000000000     
   30.4000000000000       1.173262578356042E-011   70.0000000000000     
   30.6000000000000       1.168120480258690E-011   70.0000000000000     
   30.8000000000000       1.163046748620507E-011   70.0000000000000     
   31.0000000000000       1.158039880583914E-011   70.0000000000000     
   31.2000000000000       1.153098418738859E-011   70.0000000000000     
   31.4000000000000       1.148220949394248E-011   70.0000000000000     
   31.6000000000000       1.143406100932991E-011   70.0000000000000     
   31.8000000000000       1.138652542246127E-011   70.0000000000000     
   32.0000000000000       1.133958981240465E-011   70.0000000000000     
   32.2000000000000       1.129324163413932E-011   70.0000000000000     
   32.4000000000000       1.124746870492537E-011   70.0000000000000     
   32.6000000000000       1.120225919123454E-011   70.0000000000000     
   32.8000000000000       1.115760159619683E-011   70.0000000000000     
   33.0000000000000       1.111348474752921E-011   70.0000000000000     
   33.2000000000000       1.106989778592755E-011   70.0000000000000     
   33.4000000000000       1.102683015391503E-011   70.0000000000000     
   33.6000000000000       1.098427158514804E-011   70.0000000000000     
   33.8000000000000       1.094221209418474E-011   70.0000000000000     
   34.0000000000000       1.090064196671743E-011   70.0000000000000     
   34.2000000000000       1.085955175026320E-011   70.0000000000000     
   34.4000000000000       1.081893224529526E-011   70.0000000000000     
   34.6000000000000       1.077877449678597E-011   70.0000000000000     
   34.8000000000000       1.073906978612368E-011   70.0000000000000     
   35.0000000000000       1.069980962335888E-011   70.0000000000000     
   35.2000000000000       1.066098573973719E-011   70.0000000000000     
   35.4000000000000       1.062259008048240E-011   70.0000000000000     
   35.6000000000000       1.058461479780409E-011   70.0000000000000     
   35.8000000000000       1.054705224411863E-011   70.0000000000000     
   36.0000000000000       1.050989496548519E-011   70.0000000000000     
   36.2000000000000       1.047313569526870E-011   70.0000000000000     
   36.4000000000000       1.043676734804786E-011   70.0000000000000     
   36.6000000000000       1.040078301378350E-011   70.0000000000000     
   36.8000000000000       1.036517595225745E-011   70.0000000000000     
   37.0000000000000       1.032993958777871E-011   70.0000000000000     
   37.2000000000000       1.029506750414275E-011   70.0000000000000     
   37.4000000000000       1.026055343981597E-011   70.0000000000000     
   37.6000000000000       1.022639128331111E-011   70.0000000000000     
   37.8000000000000       1.019257506871624E-011   70.0000000000000     
   38.0000000000000       1.015909897134496E-011   70.0000000000000     
   38.2000000000000       1.012595730348549E-011   70.0000000000000     
   38.4000000000000       1.009314451023937E-011   70.0000000000000     
   38.6000000000000       1.006065516545517E-011   70.0000000000000     
   38.8000000000000       1.002848396777475E-011   70.0000000000000     
   39.0000000000000       9.996625736815633E-012   70.0000000000000     
   39.2000000000000       9.965075409514281E-012   70.0000000000000     
   39.4000000000000       9.933828036649164E-012   70.0000000000000     
   39.6000000000000       9.902878779549842E-012   70.0000000000000     
   39.8000000000000       9.872222906985559E-012   70.0000000000000     
   40.0000000000000       9.841855792211786E-012   70.0000000000000     
   40.2000000000000       9.811772910143506E-012   70.0000000000000     
   40.4000000000000       9.781969834617924E-012   70.0000000000000     
   40.6000000000000       9.752442235712636E-012   70.0000000000000     
   40.8000000000000       9.723185877092857E-012   70.0000000000000     
   41.0000000000000       9.694196613375294E-012   70.0000000000000     
   41.2000000000000       9.665470387511461E-012   70.0000000000000     
   41.4000000000000       9.637003228207493E-012   70.0000000000000     
   41.6000000000000       9.608791247407803E-012   70.0000000000000     
   41.8000000000000       9.580830637873499E-012   70.0000000000000     
   42.0000000000000       9.553117670882892E-012   70.0000000000000     
   42.2000000000000       9.525648694072059E-012   70.0000000000000     
   42.4000000000000       9.498420129418970E-012   70.0000000000000     
   42.6000000000000       9.471428471359062E-012   70.0000000000000     
   42.8000000000000       9.444670285007062E-012   70.0000000000000     
   43.0000000000000       9.418142204450860E-012   70.0000000000000     
   43.2000000000000       9.391840931081582E-012   70.0000000000000     
   43.4000000000000       9.365763231928659E-012   70.0000000000000     
   43.6000000000000       9.339905937980583E-012   70.0000000000000     
   43.8000000000000       9.314265942486639E-012   70.0000000000000     
   44.0000000000000       9.288840199249878E-012   70.0000000000000     
   44.2000000000000       9.263625720935232E-012   70.0000000000000     
   44.4000000000000       9.238619577423023E-012   70.0000000000000     
   44.6000000000000       9.213818894238914E-012   70.0000000000000     
   44.8000000000000       9.189220851084754E-012   70.0000000000000     
   45.0000000000000       9.164822680482489E-012   70.0000000000000     
   45.2000000000000       9.140621666528155E-012   70.0000000000000     
   45.4000000000000       9.116615143738743E-012   70.0000000000000     
   45.6000000000000       9.092800495962968E-012   70.0000000000000     
   45.8000000000000       9.069175155322233E-012   70.0000000000000     
   46.0000000000000       9.045736601149445E-012   70.0000000000000     
   46.2000000000000       9.022482358902386E-012   70.0000000000000     
   46.4000000000000       8.999409999041249E-012   70.0000000000000     
   46.6000000000000       8.976517135875959E-012   70.0000000000000     
   46.8000000000000       8.953801426402390E-012   70.0000000000000     
   47.0000000000000       8.931260569157345E-012   70.0000000000000     
   47.2000000000000       8.908892303124466E-012   70.0000000000000     
   47.4000000000000       8.886694406720427E-012   70.0000000000000     
   47.6000000000000       8.864664696879174E-012   70.0000000000000     
   47.8000000000000       8.842801028238345E-012   70.0000000000000     
   48.0000000000000       8.821101292415323E-012   70.0000000000000     
   48.2000000000000       8.799563417346837E-012   70.0000000000000     
   48.4000000000000       8.778185366657308E-012   70.0000000000000     
   48.6000000000000       8.756965139019606E-012   70.0000000000000     
   48.8000000000000       8.735900767477765E-012   70.0000000000000     
   49.0000000000000       8.714990318713099E-012   70.0000000000000     
   49.2000000000000       8.694231892251952E-012   70.0000000000000     
   49.4000000000000       8.673623619628856E-012   70.0000000000000     
   49.6000000000000       8.653163663533741E-012   70.0000000000000     
   49.8000000000000       8.632850216978993E-012   70.0000000000000     
   50.0000000000000       8.612681502522764E-012   70.0000000000000     
   50.2000000000000       8.592655771578114E-012   70.0000000000000     
   50.4000000000000       8.572771303823732E-012   70.0000000000000     
   50.6000000000000       8.553026406715409E-012   70.0000000000000     
   50.8000000000000       8.533419415080675E-012   70.0000000000000     
   51.0000000000000       8.513948690765040E-012   70.0000000000000     
   51.2000000000000       8.494612622291931E-012   70.0000000000000     
   51.4000000000000       8.475409624498236E-012   70.0000000000000     
   51.6000000000000       8.456338138115638E-012   70.0000000000000     
   51.8000000000000       8.437396629282344E-012   70.0000000000000     
   52.0000000000000       8.418583588986358E-012   70.0000000000000     
   52.2000000000000       8.399897532458734E-012   70.0000000000000     
   52.4000000000000       8.381336998547444E-012   70.0000000000000     
   52.6000000000000       8.362900549109255E-012   70.0000000000000     
   52.8000000000000       8.344586768455140E-012   70.0000000000000     
   53.0000000000000       8.326394262876095E-012   70.0000000000000     
   53.2000000000000       8.308321660261725E-012   70.0000000000000     
   53.4000000000000       8.290367609806679E-012   70.0000000000000     
   53.6000000000000       8.272530781784423E-012   70.0000000000000     
   53.8000000000000       8.254809867355711E-012   70.0000000000000     
   54.0000000000000       8.237203578374478E-012   70.0000000000000     
   54.2000000000000       8.219710647156372E-012   70.0000000000000     
   54.4000000000000       8.202329826185345E-012   70.0000000000000     
   54.6000000000000       8.185059887748463E-012   70.0000000000000     
   54.8000000000000       8.167899623506316E-012   70.0000000000000     
   55.0000000000000       8.150847844021685E-012   70.0000000000000     
   55.2000000000000       8.133903378279381E-012   70.0000000000000     
   55.4000000000000       8.117065073234531E-012   70.0000000000000     
   55.6000000000000       8.100331793421228E-012   70.0000000000000     
   55.8000000000000       8.083702420643212E-012   70.0000000000000     
   56.0000000000000       8.067175853751840E-012   70.0000000000000     
   56.2000000000000       8.050751008499828E-012   70.0000000000000     
   56.4000000000000       8.034426817443570E-012   70.0000000000000     
   56.6000000000000       8.018202229858197E-012   70.0000000000000     
   56.8000000000000       8.002076211625952E-012   70.0000000000000     
   57.0000000000000       7.986047745065405E-012   70.0000000000000     
   57.2000000000000       7.970115828680392E-012   70.0000000000000     
   57.4000000000000       7.954279476825576E-012   70.0000000000000     
   57.6000000000000       7.938537719302217E-012   70.0000000000000     
   57.8000000000000       7.922889600914194E-012   70.0000000000000     
   58.0000000000000       7.907334181022694E-012   70.0000000000000     
   58.2000000000000       7.891870533140510E-012   70.0000000000000     
   58.4000000000000       7.876497744599962E-012   70.0000000000000     
   58.6000000000000       7.861214916315266E-012   70.0000000000000     
   58.8000000000000       7.846021162642468E-012   70.0000000000000     
   59.0000000000000       7.830915611321252E-012   70.0000000000000     
   59.2000000000000       7.815897403467929E-012   70.0000000000000     
   59.4000000000000       7.800965693577951E-012   70.0000000000000     
   59.6000000000000       7.786119649496096E-012   70.0000000000000     
   59.8000000000000       7.771358452317568E-012   70.0000000000000     
   60.0000000000000       7.756681296197683E-012   70.0000000000000     
   60.2000000000000       7.742087388065718E-012   70.0000000000000     
   60.4000000000000       7.727575947256806E-012   70.0000000000000     
   60.6000000000000       7.713146205092499E-012   70.0000000000000     
   60.8000000000000       7.698797404450229E-012   70.0000000000000     
   61.0000000000000       7.684528799364308E-012   70.0000000000000     
   61.2000000000000       7.670339654694887E-012   70.0000000000000     
   61.4000000000000       7.656229245887995E-012   70.0000000000000     
   61.6000000000000       7.642196858832588E-012   70.0000000000000     
   61.8000000000000       7.628241789801141E-012   70.0000000000000     
   62.0000000000000       7.614363345445360E-012   70.0000000000000     
   62.2000000000000       7.600560842807420E-012   70.0000000000000     
   62.4000000000000       7.586833609305460E-012   70.0000000000000     
   62.6000000000000       7.573180982657141E-012   70.0000000000000     
   62.8000000000000       7.559602310718305E-012   70.0000000000000     
   63.0000000000000       7.546096951230515E-012   70.0000000000000     
   63.2000000000000       7.532664271489389E-012   70.0000000000000     
   63.4000000000000       7.519303647961760E-012   70.0000000000000     
   63.6000000000000       7.506014465889175E-012   70.0000000000000     
   63.8000000000000       7.492796118918341E-012   70.0000000000000     
   64.0000000000000       7.479648008793287E-012   70.0000000000000     
   64.2000000000000       7.466569545132139E-012   70.0000000000000     
   64.4000000000000       7.453560145294279E-012   70.0000000000000     
   64.6000000000000       7.440619234326084E-012   70.0000000000000     
   64.8000000000000       7.427746244958118E-012   70.0000000000000     
   65.0000000000000       7.414940617615670E-012   70.0000000000000     
   65.2000000000000       7.402201800403425E-012   70.0000000000000     
   65.4000000000000       7.389529249028906E-012   70.0000000000000     
   65.6000000000000       7.376922426642043E-012   70.0000000000000     
   65.8000000000000       7.364380803585101E-012   70.0000000000000     
   66.0000000000000       7.351903857064749E-012   70.0000000000000     
   66.2000000000000       7.339491070774267E-012   70.0000000000000     
   66.4000000000000       7.327141934504156E-012   70.0000000000000     
   66.6000000000000       7.314855943782866E-012   70.0000000000000     
   66.8000000000000       7.302632599584388E-012   70.0000000000000     
   67.0000000000000       7.290471408127712E-012   70.0000000000000     
   67.2000000000000       7.278371880776455E-012   70.0000000000000     
   67.4000000000000       7.266333534027904E-012   70.0000000000000     
   67.6000000000000       7.254355889564989E-012   70.0000000000000     
   67.8000000000000       7.242438474331468E-012   70.0000000000000     
   68.0000000000000       7.230580820587541E-012   70.0000000000000     
   68.2000000000000       7.218782465905060E-012   70.0000000000000     
   68.4000000000000       7.207042953073830E-012   70.0000000000000     
   68.6000000000000       7.195361829906124E-012   70.0000000000000     
   68.8000000000000       7.183738648945611E-012   70.0000000000000     
   69.0000000000000       7.172172967105504E-012   70.0000000000000     
   69.2000000000000       7.160664345273183E-012   70.0000000000000     
   69.4000000000000       7.149212347926697E-012   70.0000000000000     
   69.6000000000000       7.137816542806074E-012   70.0000000000000     
   69.8000000000000       7.126476500674105E-012   70.0000000000000     
   70.0000000000000       7.115191795185570E-012   70.0000000000000     
