   10.0000000000000       5.189880994444904E-011   5.57052402574562     
   10.2000000000000       8.291343336161612E-011   5.76119368532575     
   10.4000000000000       6.427750973909406E-011   5.95247574025006     
   10.6000000000000       7.476813554231359E-012   6.14431299631567     
   10.8000000000000      -5.331872808272090E-011   6.33665502888724     
   11.0000000000000      -8.179414598075978E-011   6.52945722962867     
   11.2000000000000      -6.118982233033580E-011   6.72268000666239     
   11.4000000000000      -4.188904206347226E-012   6.91628811071419     
   11.6000000000000       5.485649766317137E-011   7.11025006514079     
   11.8000000000000       8.061364731481216E-011   7.30453768196611     
   12.0000000000000       5.791931019879724E-011   7.49912564941347     
   12.2000000000000       7.253402918957258E-013   7.69399117910329     
   12.4000000000000      -5.645004586580265E-011   7.88911370323355     
   12.6000000000000      -7.934289518277209E-011   8.08447461378756     
   12.8000000000000      -5.448319076376486E-011   8.28005703720716     
   13.0000000000000       2.863981660373733E-012   8.47584563909890     
   13.2000000000000       5.804752833638894E-011   8.67182645445930     
   13.4000000000000       7.795743119466269E-011   8.86798673965451     
   13.6000000000000       5.089599527614956E-011   9.06431484300476     
   13.8000000000000      -6.536847153929080E-012   9.26080009132821     
   14.0000000000000      -5.960521409282747E-011   9.45743269021635     
   14.2000000000000      -7.643709706287504E-011   9.65420363615772     
   14.4000000000000      -4.717096672882833E-011   9.85110463891381     
   14.6000000000000       1.025665795229610E-011   10.0481280527896     
   14.8000000000000       6.108592140880288E-011   10.2452668156415     
   15.0000000000000       7.476571842650297E-011   10.4425143946328     
   15.2000000000000       4.332092552307107E-011   10.6398647378875     
   15.4000000000000      -1.399098322032225E-011   10.8373122313132     
   15.6000000000000      -6.245785683753085E-011   11.0348516599635     
   15.8000000000000      -7.293076822736810E-011   11.2324781733964     
   16.0000000000000      -3.935880260521553E-011   11.4301872545578     
   16.2000000000000       1.771058885883898E-011   11.6279746917803     
   16.4000000000000       6.369374804027458E-011   11.8258365535429     
   16.6000000000000       7.092303514430650E-011   12.0237691656793     
   16.8000000000000       3.529795527514696E-011   12.2217690907645     
   17.0000000000000      -2.138873248589971E-011   12.4198331094422     
   17.2000000000000      -6.477019377359301E-011   12.6179582034822     
   17.4000000000000      -6.873635308614468E-011   12.8161415403877     
   17.6000000000000      -3.115234304463057E-011   13.0143804593872     
   17.8000000000000       2.500070753577880E-011   13.2126724586704     
   18.0000000000000       6.566717408655026E-011   13.4110151837412     
   18.2000000000000       6.636733544623762E-011   13.6094064167753     
   18.4000000000000       2.693657498078940E-011   13.8078440668843     
   18.6000000000000      -2.852351919599927E-011   14.0063261611966     
   18.8000000000000      -6.636767596418523E-011   14.2048508366772     
   19.0000000000000      -6.381515275125350E-011   14.4034163326163     
   19.2000000000000      -2.266594997684605E-011   14.6020209837236     
   19.4000000000000       3.193566450094811E-011   14.8006632137730     
   19.6000000000000       6.685741114446220E-011   14.9993415297460     
   19.8000000000000       6.108130795912467E-011   15.1980545164304     
   20.0000000000000       1.835639222678526E-011   15.3968008314331     
   20.2000000000000      -3.521700752164943E-011   15.5955792005698     
   20.4000000000000      -6.712459048192128E-011   15.7943884136004     
   20.6000000000000      -5.816946818407255E-011   15.9932273202785     
   20.8000000000000      -1.402442098454611E-011   16.1920948266903     
   21.0000000000000       3.834869590290009E-011   16.3909898918570     
   21.2000000000000       6.715975338344902E-011   16.5899115245799     
   21.4000000000000       5.508526437477658E-011   16.7888587805073     
   21.6000000000000       9.687016603805596E-012   16.9878307594067     
   21.8000000000000      -4.131311535472462E-011   17.1868266026242     
   22.0000000000000      -6.695563184998045E-011   17.3858454907174     
   22.2000000000000      -5.183616062904806E-011   17.5848866412476     
   22.4000000000000      -5.361567188524307E-012   17.7839493067191     
   22.6000000000000       4.409388318179804E-011   17.9830327726550     
   22.8000000000000       6.650702727098060E-011   18.1821363557975     
   23.0000000000000       4.843130078979659E-011   18.3812594024251     
   23.2000000000000       1.065746448688075E-012   18.5804012867771     
   23.4000000000000      -4.667584680618910E-011   18.7795614095776     
   23.6000000000000      -6.581071932019418E-011   18.9787391966518     
   23.8000000000000      -4.488133784422919E-011   19.1779340976278     
   24.0000000000000       3.182611270473534E-012   19.3771455847187     
   24.2000000000000       4.904510715406689E-011   19.5763731515777     
   24.4000000000000       6.486538727310797E-011   19.7756163122224     
   24.6000000000000       4.119830981887683E-011   19.9748746000236     
   24.8000000000000      -7.365598239027065E-012   20.1741475667522     
   25.0000000000000      -5.118904191833259E-011   20.3734347816838     
   25.2000000000000      -6.367152981411746E-011   20.5727358307531     
   25.4000000000000      -3.739551851998462E-011   20.7720503157579     
   25.6000000000000       1.146538225315167E-011   20.9713778536082     
   25.8000000000000       5.309634286760078E-011   21.1707180756165     
   26.0000000000000       6.223138014934518E-011   21.3700706268291     
   26.2000000000000       3.348738370200212E-011   21.5694351653930     
   26.4000000000000      -1.546429028421153E-011   21.7688113619582     
   26.6000000000000      -5.475704224387770E-011   21.9681988991121     
   26.8000000000000      -6.054886532403642E-011   22.1675974708442     
   27.0000000000000      -2.948930153962156E-011   22.3670067820396     
   27.2000000000000       1.934495772646101E-011   22.5664265479990     
   27.4000000000000       5.616254662575530E-011   22.7658564939837     
   27.6000000000000       5.862950687677249E-011   22.9652963547847     
   27.8000000000000       2.541753901434894E-011   23.1647458743134     
   28.0000000000000      -2.309040703228963E-011   23.3642048052132     
   28.2000000000000      -5.730566824410122E-011   23.5636729084914     
   28.4000000000000      -5.648036823931520E-011   23.7631499531691     
   28.6000000000000      -2.128908753292496E-011   23.9626357159481     
   28.8000000000000       2.668418118170151E-011   24.1621299808949     
   29.0000000000000       5.818064857711556E-011   24.3616325391400     
   29.2000000000000       5.410999055094347E-011   24.5611431885919     
   29.4000000000000       1.712155519933261E-011   24.7606617336642     
   29.6000000000000      -3.011044544933131E-011   24.9601879850167     
   29.8000000000000      -5.878318251171661E-011   25.1597217593081     
   30.0000000000000      -5.152828181130418E-011   25.3592628789606     
   30.2000000000000      -1.293300855640570E-011   25.5588111719355     
   30.4000000000000       3.335407192955431E-011   25.7583664715192     
   30.6000000000000       5.911043072477487E-011   25.9579286161187     
   30.8000000000000       4.874647733468349E-011   26.1574974490669     
   31.0000000000000       8.741892095976602E-012   26.3570728184366     
   31.2000000000000      -3.640075598229216E-011   26.5566545768626     
   31.4000000000000      -5.916103050893786E-011   26.7562425813720     
   31.6000000000000      -4.577704491820700E-011   26.9558366932220     
   31.8000000000000      -4.566857478354673E-012   27.1554367777445     
   32.0000000000000       3.923709836621997E-011   27.3550427041982     
   32.2000000000000       5.893509909969185E-011   27.5546543456262     
   32.4000000000000       4.263357618303055E-011   27.7542715787204     
   32.6000000000000       4.266697868221862E-013   27.9538942836914     
   32.8000000000000      -4.185069042823722E-011   28.1535223441441     
   33.0000000000000      -5.843422918768997E-011   28.3531556469584     
   33.2000000000000      -3.933073379393278E-011   28.5527940821748     
   33.4000000000000       3.659918641729323E-012   28.7524375428851     
   33.6000000000000       4.423019355467508E-011   28.9520859251270     
   33.8000000000000       5.766147599303046E-011   29.1517391277838     
   34.0000000000000       3.588412694305637E-011   29.3513970524878     
   34.2000000000000      -7.674291099728339E-012   29.5510596035272     
   34.4000000000000      -4.636540302243857E-011   29.7507266877575     
   34.6000000000000      -5.662133540932965E-011   29.9503982145159     
   34.8000000000000      -3.231023090702275E-011   30.1500740955392     
   35.0000000000000       1.159808103243149E-011   30.3497542448853     
   35.2000000000000       4.824732752163612E-011   30.5494385788571     
   35.4000000000000       5.531972906205388E-011   30.7491270159299     
   35.6000000000000       2.862627344743052E-011   30.9488194766814     
   35.8000000000000      -1.541328791175267E-011   31.1485158837246     
   36.0000000000000      -4.986823099689656E-011   31.3482161616426     
   36.2000000000000      -5.376395021071057E-011   31.5479202369269     
   36.4000000000000      -2.485014301233814E-011   31.7476280379169     
   36.6000000000000       1.910237659461690E-011   31.9473394947429     
   36.8000000000000       5.122169092338636E-011   32.1470545392698     
   37.0000000000000       5.196264145005261E-011   32.3467731050442     
   37.2000000000000       2.100028012188694E-011   32.5464951272428     
   37.4000000000000      -2.264840275751801E-011   32.7462205426225     
   37.6000000000000      -5.230263559516530E-011   32.9459492894726     
   37.8000000000000      -4.992574105233575E-011   33.1456813075690     
   38.0000000000000      -1.709555660914620E-011   33.3454165381294     
   38.2000000000000       2.603509845196103E-011   33.5451549237708     
   38.4000000000000       5.310737809381941E-011   33.7448964084676     
   38.6000000000000       4.766441971952443E-011   33.9446409375123     
   38.8000000000000       1.315518399361415E-011   34.1443884574767     
   39.0000000000000      -2.924696967153979E-011   34.3441389161746     
   39.2000000000000      -5.363364156702854E-011   34.5438922626262     
   39.4000000000000      -4.519101734419599E-011   34.7436484470234     
   39.6000000000000      -9.198585264352767E-012   34.9434074206964     
   39.8000000000000       3.226940422536276E-011   35.1431691360812     
   40.0000000000000       5.388057288662930E-011   35.3429335466885     
   40.2000000000000       4.251899743096972E-011   35.5427006070735     
   40.4000000000000       5.245301947276374E-012   35.7424702728070     
   40.6000000000000      -3.508873718074864E-011   35.9422425004468     
   40.8000000000000      -5.384875711380254E-011   36.1420172475105     
   41.0000000000000      -3.966283297021574E-011   36.3417944724497     
   41.2000000000000      -1.314860692096809E-012   36.5415741346238     
   41.4000000000000       3.769234641346035E-011   36.7413561942756     
   41.6000000000000       5.354020612243294E-011   36.9411406125077     
   41.8000000000000       3.663796377363626E-011   37.1409273512589     
   42.0000000000000      -2.573323843112945E-012   37.3407163732824     
   42.2000000000000      -4.006871415118765E-011   37.5405076421237     
   42.4000000000000      -5.295836381814141E-011   37.7403011220999     
   42.6000000000000      -3.346068797592919E-011   37.9400967782793     
   42.8000000000000       6.400064794079847E-012   38.1398945764619     
   43.0000000000000       4.220750616524636E-011   38.3396944831601     
   43.2000000000000       5.210807774257950E-011   38.5394964655804     
   43.4000000000000       3.014808439322927E-011   38.7393004916056     
   43.6000000000000      -1.014649902805495E-011   38.9391065297773     
   43.8000000000000      -4.409962246185026E-011   39.1389145492791     
   44.0000000000000      -5.099557475330159E-011   39.3387245199206     
   44.2000000000000      -2.671789248367137E-011   39.5385364121211     
   44.4000000000000       1.379421622405696E-011   39.7383501968949     
   44.6000000000000       4.573725354873325E-011   39.9381658458358     
   44.8000000000000       4.962843808215479E-011   40.1379833311031     
   45.0000000000000       2.318846170433532E-011   40.3378026254076     
   45.2000000000000      -1.732534069255319E-011   40.5376237019978     
   45.4000000000000      -4.711392417355442E-011   40.7374465346467     
   45.6000000000000      -4.801555370960912E-011   40.9372710976395     
   45.8000000000000      -1.957859617157112E-011   41.1370973657604     
   46.0000000000000       2.072264432263468E-011   41.3369253142814     
   46.2000000000000       4.822453079624292E-011   41.5367549189499     
   46.4000000000000       4.616706590427306E-011   41.7365861559776     
   46.6000000000000       1.590748851010686E-011   41.9364190020293     
   46.8000000000000      -2.396963183671054E-011   42.1362534342126     
   47.0000000000000      -4.906536950648877E-011   42.3360894300669     
   47.2000000000000      -4.409433111051325E-011   42.5359269675536     
   47.4000000000000      -1.219460358518210E-011   42.7357660250460     
   47.6000000000000       2.705064303212330E-011   42.9356065813202     
   47.8000000000000       4.963415821427467E-011   43.1354486155452     
   48.0000000000000       4.180983450842427E-011   43.3352921072740     
   48.2000000000000       8.459551244772020E-012   43.5351370364352     
   48.4000000000000      -2.995093267353913E-011   43.7349833833239     
   48.6000000000000      -4.993004703414972E-011   43.9348311285937     
   48.8000000000000      -3.932714237046924E-011   44.1346802532484     
   49.0000000000000      -4.722020414439320E-012   44.3345307386342     
   49.2000000000000       3.265675438218692E-011   44.5343825664321     
   49.4000000000000       4.995362568287496E-011   44.7342357186502     
   49.6000000000000       3.666081459906473E-011   44.9340901776167     
   49.8000000000000       1.001623309214259E-012   45.1339459259726     
   50.0000000000000      -3.515542908894144E-011   45.3338029466649     
   50.2000000000000      -4.970691520762190E-011   45.5336612229400     
   50.4000000000000      -3.382633274678937E-011   45.7335207383370     
   50.6000000000000       2.682184291812115E-012   45.9333814766813     
   50.8000000000000       3.743542374996029E-011   46.1332434220786     
   51.0000000000000       4.919335798730369E-011   46.3331065589087     
   51.2000000000000       3.084000076368285E-011   46.5329708718196     
   51.4000000000000      -6.310202590167609E-012   46.7328363457221     
   51.6000000000000      -3.948640716773344E-011   46.9327029657836     
   51.8000000000000      -4.841780011162883E-011   47.1325707174232     
   52.0000000000000      -2.771886688950602E-011   47.3324395863062     
   52.2000000000000       9.863623180869558E-012   47.5323095583389     
   52.4000000000000       4.129930993717688E-011   47.7321806196635     
   52.6000000000000       4.738645756207122E-011   47.9320527566535     
   52.8000000000000       2.448062423758193E-011   48.1319259559083     
   53.0000000000000      -1.332410629151079E-011   48.3318002042493     
   53.2000000000000      -4.286636653183828E-011   48.5316754887146     
   53.4000000000000      -4.610688584321634E-011   48.7315517965550     
   53.6000000000000      -2.114351752255682E-011   48.9314291152297     
   53.8000000000000       1.667388625882349E-011   49.1313074324018     
   54.0000000000000       4.418115959057815E-011   49.3311867359342     
   54.2000000000000       4.458792709172675E-011   49.5310670138857     
   54.4000000000000       1.772622748490408E-011   49.7309482545071     
   54.6000000000000      -1.989588219771117E-011   49.9308304462373     
   54.8000000000000      -4.523865315422446E-011   50.1307135776993     
   55.0000000000000      -4.283966930479368E-011   50.3305976376970     
   55.2000000000000      -1.424778105667358E-011   50.5304826152114     
   55.4000000000000       2.297376616350196E-011   50.7303684993970     
   55.6000000000000       4.603521523385116E-011   50.9302552795785     
   55.8000000000000       4.087338705592776E-011   51.1301429452477     
   56.0000000000000       1.072745466139721E-011   51.3300314860598     
   56.2000000000000      -2.589207207645104E-011   51.5299208918306     
   56.4000000000000      -4.656863667178111E-011   51.7298111525332     
   56.6000000000000      -3.870146634172303E-011   51.9297022582951     
   56.8000000000000      -7.184636151024474E-012   52.1295941993951     
   57.0000000000000       2.863627139886083E-011   52.3294869662605     
   57.2000000000000       4.683813987289203E-011   52.5293805494645     
   57.4000000000000       3.633734686314629E-011   52.7292749397229     
   57.6000000000000       3.638749029098981E-012   52.9291701278918     
   57.8000000000000      -3.119284369563123E-011   53.1290661049650     
   58.0000000000000      -4.684437622467201E-011   53.3289628620712     
   58.2000000000000      -3.379544236511738E-011   53.5288603904716     
   58.4000000000000      -1.091317240580276E-013   53.7287586815574     
   58.6000000000000       3.354936140582605E-011   53.9286577268474     
   58.8000000000000       4.658942382409678E-011   54.1285575179857     
   59.0000000000000       3.109104701148140E-011   54.3284580467393     
   59.2000000000000      -3.385064779725256E-012   54.5283593049960     
   59.4000000000000      -3.569454758775878E-011   54.7282612847619     
   59.6000000000000      -4.607676914437082E-011   54.9281639781597     
   59.8000000000000      -2.824026301341572E-011   55.1280673774261     
   60.0000000000000       6.824993974109035E-012   55.3279714749100     
   60.2000000000000       3.761833628568538E-011   55.5278762630706     
   60.4000000000000       4.531128239721351E-011   55.7277817344752     
   60.6000000000000       2.525990586092289E-011   55.9276878817973     
   60.8000000000000      -1.019219332605521E-011   56.1275946978148     
   61.0000000000000      -3.931192235218763E-011   56.3275021754080     
   61.2000000000000      -4.429918810185070E-011   56.5274103075581     
   61.4000000000000      -2.216740566233537E-011   56.7273190873450     
   61.6000000000000       1.346870886666513E-011   56.9272285079458     
   61.8000000000000       4.076780932410185E-011   57.1271385626333     
   62.0000000000000       4.304802769370152E-011   57.3270492447739     
   62.2000000000000       1.898070752707542E-011   57.5269605478263     
   62.4000000000000      -1.663718079059429E-011   57.7268724653397     
   62.6000000000000      -4.197984654398363E-011   57.9267849909523     
   62.8000000000000      -4.156661059173923E-011   58.1266981183901     
   63.0000000000000      -1.571817506717538E-011   58.3266118414646     
   63.2000000000000       1.968093512114166E-011   58.5265261540723     
   63.4000000000000       4.294325522186917E-011   58.7264410501925     
   63.6000000000000       3.986495959460411E-011   58.9263565238863     
   63.8000000000000       1.239848292827215E-011   59.1262725692952     
   64.0000000000000      -2.258408653321464E-011   59.3261891806394     
   64.2000000000000      -4.365465342185719E-011   59.5261063522170     
   64.4000000000000      -3.795425809157924E-011   59.7260240784022     
   64.6000000000000      -9.040524239648658E-012   59.9259423536443     
   64.8000000000000       2.533160558492429E-011   60.1258611724666     
   65.0000000000000       4.411206865414080E-011   60.3257805294648     
   65.2000000000000       3.584678005409936E-011   60.5257004193061     
   65.4000000000000       5.663283957303498E-012   60.7256208367277     
   65.6000000000000      -2.790941875438084E-011   60.9255417765361     
   65.8000000000000      -4.431494209078494E-011   61.1254632336056     
   66.0000000000000      -3.355580870676528E-011   61.3253852028775     
   66.2000000000000      -2.285745566058194E-012   61.5253076793585     
   66.4000000000000       3.030446694520038E-011   61.7252306581203     
   66.6000000000000       4.426412893643652E-011   61.9251541342982     
   66.8000000000000       3.109557363053802E-011   62.1250781030899     
   67.0000000000000      -1.073214781092062E-012   62.3250025597548     
   67.2000000000000      -3.250478059976544E-011   62.5249274996131     
   67.4000000000000      -4.396188780696462E-011   62.7248529180444     
   67.6000000000000      -2.848115514511470E-011   62.9247788104871     
   67.8000000000000       4.394929438283681E-012   63.1247051724375     
   68.0000000000000       3.449954402021064E-011   63.3246319994485     
   68.2000000000000       4.341185981881633E-011   63.5245592871293     
   68.4000000000000       2.572841476421101E-011   63.7244870311440     
   68.6000000000000      -7.661050806496526E-012   63.9244152272109     
   68.8000000000000      -3.627915150392010E-011   64.1243438711017     
   69.0000000000000      -4.261904372771214E-011   64.3242729586408     
   69.2000000000000      -2.285387312583469E-011   64.5242024857042     
   69.4000000000000       1.085365556671545E-011   64.7241324482189     
   69.6000000000000       3.783524987298136E-011   64.9240628421620     
   69.8000000000000       4.158976367091387E-011   65.1239936635603     
   70.0000000000000       1.987464894068128E-011   65.3239249084886     
