   10.0000000000000       8.376181213726698E-011   5.57052402574562     
   10.2000000000000       8.340441003299952E-011   5.76119368532575     
   10.4000000000000       8.304982416011750E-011   5.95247574025006     
   10.6000000000000       8.269812800574937E-011   6.14431299631567     
   10.8000000000000       8.234939336140162E-011   6.33665502888724     
   11.0000000000000       8.200367127697462E-011   6.52945722962867     
   11.2000000000000       8.166100406707113E-011   6.72268000666239     
   11.4000000000000       8.132143080617928E-011   6.91628811071419     
   11.6000000000000       8.098497409251310E-011   7.11025006514079     
   11.8000000000000       8.065165511539112E-011   7.30453768196611     
   12.0000000000000       8.032148721916295E-011   7.49912564941347     
   12.2000000000000       7.999447535076298E-011   7.69399117910329     
   12.4000000000000       7.967062398932125E-011   7.88911370323355     
   12.6000000000000       7.934992741606630E-011   8.08447461378756     
   12.8000000000000       7.903238394811161E-011   8.28005703720716     
   13.0000000000000       7.871797613933010E-011   8.47584563909890     
   13.2000000000000       7.840669634114615E-011   8.67182645445930     
   13.4000000000000       7.809852375731774E-011   8.86798673965451     
   13.6000000000000       7.779344001996347E-011   9.06431484300476     
   13.8000000000000       7.749142550042567E-011   9.26080009132821     
   14.0000000000000       7.719245460956310E-011   9.45743269021635     
   14.2000000000000       7.689650307804084E-011   9.65420363615772     
   14.4000000000000       7.660354324244532E-011   9.85110463891381     
   14.6000000000000       7.631354989754982E-011   10.0481280527896     
   14.8000000000000       7.602649100312743E-011   10.2452668156415     
   15.0000000000000       7.574233722549582E-011   10.4425143946328     
   15.2000000000000       7.546105933857064E-011   10.6398647378875     
   15.4000000000000       7.518262668450485E-011   10.8373122313132     
   15.6000000000000       7.490700116573317E-011   11.0348516599635     
   15.8000000000000       7.463415694239926E-011   11.2324781733964     
   16.0000000000000       7.436405684148037E-011   11.4301872545578     
   16.2000000000000       7.409667207600886E-011   11.6279746917803     
   16.4000000000000       7.383196444946120E-011   11.8258365535429     
   16.6000000000000       7.356990483168811E-011   12.0237691656793     
   16.8000000000000       7.331045531685053E-011   12.2217690907645     
   17.0000000000000       7.305358921693470E-011   12.4198331094422     
   17.2000000000000       7.279926426686453E-011   12.6179582034822     
   17.4000000000000       7.254745702545987E-011   12.8161415403877     
   17.6000000000000       7.229812799536455E-011   13.0143804593872     
   17.8000000000000       7.205124582232064E-011   13.2126724586704     
   18.0000000000000       7.180677745298489E-011   13.4110151837412     
   18.2000000000000       7.156468753260070E-011   13.6094064167753     
   18.4000000000000       7.132495240670462E-011   13.8078440668843     
   18.6000000000000       7.108753247242338E-011   14.0063261611966     
   18.8000000000000       7.085239912075766E-011   14.2048508366772     
   19.0000000000000       7.061951945852608E-011   14.4034163326163     
   19.2000000000000       7.038886718833222E-011   14.6020209837236     
   19.4000000000000       7.016040440489640E-011   14.8006632137730     
   19.6000000000000       6.993410787283085E-011   14.9993415297460     
   19.8000000000000       6.970994150669406E-011   15.1980545164304     
   20.0000000000000       6.948788106449117E-011   15.3968008314331     
   20.2000000000000       6.926789618063461E-011   15.5955792005698     
   20.4000000000000       6.904995770530658E-011   15.7943884136004     
   20.6000000000000       6.883403733646028E-011   15.9932273202785     
   20.8000000000000       6.862010510955685E-011   16.1920948266903     
   21.0000000000000       6.840813475449303E-011   16.3909898918570     
   21.2000000000000       6.819810078165600E-011   16.5899115245799     
   21.4000000000000       6.798997879853596E-011   16.7888587805073     
   21.6000000000000       6.778373625419920E-011   16.9878307594067     
   21.8000000000000       6.757935007551173E-011   17.1868266026242     
   22.0000000000000       6.737679552284321E-011   17.3858454907174     
   22.2000000000000       6.717604560634024E-011   17.5848866412476     
   22.4000000000000       6.697707949308599E-011   17.7839493067191     
   22.6000000000000       6.677986939674240E-011   17.9830327726550     
   22.8000000000000       6.658439266645728E-011   18.1821363557975     
   23.0000000000000       6.639062279177269E-011   18.3812594024251     
   23.2000000000000       6.619854186023423E-011   18.5804012867771     
   23.4000000000000       6.600812193815851E-011   18.7795614095776     
   23.6000000000000       6.581934394542333E-011   18.9787391966518     
   23.8000000000000       6.563218593391215E-011   19.1779340976278     
   24.0000000000000       6.544662193496942E-011   19.3771455847187     
   24.2000000000000       6.526263494429225E-011   19.5763731515777     
   24.4000000000000       6.508020230074181E-011   19.7756163122224     
   24.6000000000000       6.489930517153805E-011   19.9748746000236     
   24.8000000000000       6.471992013363903E-011   20.1741475667522     
   25.0000000000000       6.454202876620591E-011   20.3734347816838     
   25.2000000000000       6.436561178328420E-011   20.5727358307531     
   25.4000000000000       6.419064658494391E-011   20.7720503157579     
   25.6000000000000       6.401711763474481E-011   20.9713778536082     
   25.8000000000000       6.384500841145161E-011   21.1707180756165     
   26.0000000000000       6.367429351626776E-011   21.3700706268291     
   26.2000000000000       6.350496101350428E-011   21.5694351653930     
   26.4000000000000       6.333698826748864E-011   21.7688113619582     
   26.6000000000000       6.317036185272555E-011   21.9681988991121     
   26.8000000000000       6.300506302898949E-011   22.1675974708442     
   27.0000000000000       6.284107368944684E-011   22.3670067820396     
   27.2000000000000       6.267837574174939E-011   22.5664265479990     
   27.4000000000000       6.251695744592241E-011   22.7658564939837     
   27.6000000000000       6.235680213593168E-011   22.9652963547847     
   27.8000000000000       6.219788999620254E-011   23.1647458743134     
   28.0000000000000       6.204020557811790E-011   23.3642048052132     
   28.2000000000000       6.188373812493783E-011   23.5636729084914     
   28.4000000000000       6.172846704803875E-011   23.7631499531691     
   28.6000000000000       6.157438265610934E-011   23.9626357159481     
   28.8000000000000       6.142146769078991E-011   24.1621299808949     
   29.0000000000000       6.126970548596923E-011   24.3616325391400     
   29.2000000000000       6.111908729053967E-011   24.5611431885919     
   29.4000000000000       6.096959416414945E-011   24.7606617336642     
   29.6000000000000       6.082121320897432E-011   24.9601879850167     
   29.8000000000000       6.067393385564171E-011   25.1597217593081     
   30.0000000000000       6.052774119515034E-011   25.3592628789606     
   30.2000000000000       6.038261999338584E-011   25.5588111719355     
   30.4000000000000       6.023856087212252E-011   25.7583664715192     
   30.6000000000000       6.009555016257437E-011   25.9579286161187     
   30.8000000000000       5.995357328247255E-011   26.1574974490669     
   31.0000000000000       5.981262169608084E-011   26.3570728184366     
   31.2000000000000       5.967268002133076E-011   26.5566545768626     
   31.4000000000000       5.953373719561320E-011   26.7562425813720     
   31.6000000000000       5.939578317258285E-011   26.9558366932220     
   31.8000000000000       5.925880492913695E-011   27.1554367777445     
   32.0000000000000       5.912279077011068E-011   27.3550427041982     
   32.2000000000000       5.898772863098020E-011   27.5546543456262     
   32.4000000000000       5.885361087647679E-011   27.7542715787204     
   32.6000000000000       5.872042659278897E-011   27.9538942836914     
   32.8000000000000       5.858816169728987E-011   28.1535223441441     
   33.0000000000000       5.845680566267303E-011   28.3531556469584     
   33.2000000000000       5.832635173538770E-011   28.5527940821748     
   33.4000000000000       5.819678966343599E-011   28.7524375428851     
   33.6000000000000       5.806810414325331E-011   28.9520859251270     
   33.8000000000000       5.794029186515794E-011   29.1517391277838     
   34.0000000000000       5.781333840074902E-011   29.3513970524878     
   34.2000000000000       5.768723821955655E-011   29.5510596035272     
   34.4000000000000       5.756197750604906E-011   29.7507266877575     
   34.6000000000000       5.743754883831790E-011   29.9503982145159     
   34.8000000000000       5.731394516858209E-011   30.1500740955392     
   35.0000000000000       5.719115555998355E-011   30.3497542448853     
   35.2000000000000       5.706916871163151E-011   30.5494385788571     
   35.4000000000000       5.694798220170646E-011   30.7491270159299     
   35.6000000000000       5.682758128695683E-011   30.9488194766814     
   35.8000000000000       5.670795982567032E-011   31.1485158837246     
   36.0000000000000       5.658910941466503E-011   31.3482161616426     
   36.2000000000000       5.647102411038497E-011   31.5479202369269     
   36.4000000000000       5.635369185352629E-011   31.7476280379169     
   36.6000000000000       5.623710667918905E-011   31.9473394947429     
   36.8000000000000       5.612125964773343E-011   32.1470545392698     
   37.0000000000000       5.600614447620986E-011   32.3467731050442     
   37.2000000000000       5.589175448696502E-011   32.5464951272428     
   37.4000000000000       5.577807827696728E-011   32.7462205426225     
   37.6000000000000       5.566511065921152E-011   32.9459492894726     
   37.8000000000000       5.555284476466106E-011   33.1456813075690     
   38.0000000000000       5.544127382094723E-011   33.3454165381294     
   38.2000000000000       5.533038716777622E-011   33.5451549237708     
   38.4000000000000       5.522018248969376E-011   33.7448964084676     
   38.6000000000000       5.511065106146027E-011   33.9446409375123     
   38.8000000000000       5.500178478776656E-011   34.1443884574767     
   39.0000000000000       5.489357764904215E-011   34.3441389161746     
   39.2000000000000       5.478602320499283E-011   34.5438922626262     
   39.4000000000000       5.467911365923569E-011   34.7436484470234     
   39.6000000000000       5.457284545076796E-011   34.9434074206964     
   39.8000000000000       5.446721070425637E-011   35.1431691360812     
   40.0000000000000       5.436220165342666E-011   35.3429335466885     
   40.2000000000000       5.425781521530014E-011   35.5427006070735     
   40.4000000000000       5.415404163013193E-011   35.7424702728070     
   40.6000000000000       5.405087796515678E-011   35.9422425004468     
   40.8000000000000       5.394831679707933E-011   36.1420172475105     
   41.0000000000000       5.384635129420786E-011   36.3417944724497     
   41.2000000000000       5.374497798906961E-011   36.5415741346238     
   41.4000000000000       5.364418881242083E-011   36.7413561942756     
   41.6000000000000       5.354398018967972E-011   36.9411406125077     
   41.8000000000000       5.344434584041865E-011   37.1409273512589     
   42.0000000000000       5.334528093782139E-011   37.3407163732824     
   42.2000000000000       5.324677750711234E-011   37.5405076421237     
   42.4000000000000       5.314883247908406E-011   37.7403011220999     
   42.6000000000000       5.305143987434288E-011   37.9400967782793     
   42.8000000000000       5.295459561994327E-011   38.1398945764619     
   43.0000000000000       5.285829315752092E-011   38.3396944831601     
   43.2000000000000       5.276252830430187E-011   38.5394964655804     
   43.4000000000000       5.266729559796418E-011   38.7393004916056     
   43.6000000000000       5.257258917379542E-011   38.9391065297773     
   43.8000000000000       5.247840456506945E-011   39.1389145492791     
   44.0000000000000       5.238473853936108E-011   39.3387245199206     
   44.2000000000000       5.229158518128970E-011   39.5385364121211     
   44.4000000000000       5.219894089684306E-011   39.7383501968949     
   44.6000000000000       5.210679812621976E-011   39.9381658458358     
   44.8000000000000       5.201515563554936E-011   40.1379833311031     
   45.0000000000000       5.192400775508696E-011   40.3378026254076     
   45.2000000000000       5.183334935021816E-011   40.5376237019978     
   45.4000000000000       5.174317511923185E-011   40.7374465346467     
   45.6000000000000       5.165348377216061E-011   40.9372710976395     
   45.8000000000000       5.156426859447853E-011   41.1370973657604     
   46.0000000000000       5.147552595729747E-011   41.3369253142814     
   46.2000000000000       5.138725146706192E-011   41.5367549189499     
   46.4000000000000       5.129944158956787E-011   41.7365861559776     
   46.6000000000000       5.121209180281565E-011   41.9364190020293     
   46.8000000000000       5.112519934882328E-011   42.1362534342126     
   47.0000000000000       5.103875741606743E-011   42.3360894300669     
   47.2000000000000       5.095276527362493E-011   42.5359269675536     
   47.4000000000000       5.086721621885897E-011   42.7357660250460     
   47.6000000000000       5.078210812990275E-011   42.9356065813202     
   47.8000000000000       5.069743610547026E-011   43.1354486155452     
   48.0000000000000       5.061319765072411E-011   43.3352921072740     
   48.2000000000000       5.052938695830561E-011   43.5351370364352     
   48.4000000000000       5.044600450764501E-011   43.7349833833239     
   48.6000000000000       5.036304147370749E-011   43.9348311285937     
   48.8000000000000       5.028049840559770E-011   44.1346802532484     
   49.0000000000000       5.019836968426256E-011   44.3345307386342     
   49.2000000000000       5.011665118199651E-011   44.5343825664321     
   49.4000000000000       5.003534254088202E-011   44.7342357186502     
   49.6000000000000       4.995443642458826E-011   44.9340901776167     
   49.8000000000000       4.987393351670461E-011   45.1339459259726     
   50.0000000000000       4.979382561123108E-011   45.3338029466649     
   50.2000000000000       4.971411507272830E-011   45.5336612229400     
   50.4000000000000       4.963479357610706E-011   45.7335207383370     
   50.6000000000000       4.955586029880538E-011   45.9333814766813     
   50.8000000000000       4.947731207961664E-011   46.1332434220786     
   51.0000000000000       4.939914631491476E-011   46.3331065589087     
   51.2000000000000       4.932135852884349E-011   46.5329708718196     
   51.4000000000000       4.924394640704642E-011   46.7328363457221     
   51.6000000000000       4.916690650141444E-011   46.9327029657836     
   51.8000000000000       4.909023540259576E-011   47.1325707174232     
   52.0000000000000       4.901393131837774E-011   47.3324395863062     
   52.2000000000000       4.893799090169380E-011   47.5323095583389     
   52.4000000000000       4.886241084270699E-011   47.7321806196635     
   52.6000000000000       4.878718786825612E-011   47.9320527566535     
   52.8000000000000       4.871232030247728E-011   48.1319259559083     
   53.0000000000000       4.863780514207010E-011   48.3318002042493     
   53.2000000000000       4.856363878475805E-011   48.5316754887146     
   53.4000000000000       4.848982005614086E-011   48.7315517965550     
   53.6000000000000       4.841634428774842E-011   48.9314291152297     
   53.8000000000000       4.834320994125061E-011   49.1313074324018     
   54.0000000000000       4.827041375045897E-011   49.3311867359342     
   54.2000000000000       4.819795290076513E-011   49.5310670138857     
   54.4000000000000       4.812582613514481E-011   49.7309482545071     
   54.6000000000000       4.805402895697622E-011   49.9308304462373     
   54.8000000000000       4.798256126714221E-011   50.1307135776993     
   55.0000000000000       4.791141752759646E-011   50.3305976376970     
   55.2000000000000       4.784059768442403E-011   50.5304826152114     
   55.4000000000000       4.777009928708781E-011   50.7303684993970     
   55.6000000000000       4.769991758849479E-011   50.9302552795785     
   55.8000000000000       4.763005340993403E-011   51.1301429452477     
   56.0000000000000       4.756050205981036E-011   51.3300314860598     
   56.2000000000000       4.749126120064147E-011   51.5299208918306     
   56.4000000000000       4.742232811325034E-011   51.7298111525332     
   56.6000000000000       4.735370327535404E-011   51.9297022582951     
   56.8000000000000       4.728538231769827E-011   52.1295941993951     
   57.0000000000000       4.721736152164528E-011   52.3294869662605     
   57.2000000000000       4.714964269026606E-011   52.5293805494645     
   57.4000000000000       4.708221900277323E-011   52.7292749397229     
   57.6000000000000       4.701509209083658E-011   52.9291701278918     
   57.8000000000000       4.694825706872232E-011   53.1290661049650     
   58.0000000000000       4.688171412815164E-011   53.3289628620712     
   58.2000000000000       4.681545929931496E-011   53.5288603904716     
   58.4000000000000       4.674949069828392E-011   53.7287586815574     
   58.6000000000000       4.668380691398347E-011   53.9286577268474     
   58.8000000000000       4.661840589913632E-011   54.1285575179857     
   59.0000000000000       4.655328542977716E-011   54.3284580467393     
   59.2000000000000       4.648844330429112E-011   54.5283593049960     
   59.4000000000000       4.642387694952161E-011   54.7282612847619     
   59.6000000000000       4.635958563789844E-011   54.9281639781597     
   59.8000000000000       4.629556619276709E-011   55.1280673774261     
   60.0000000000000       4.623181733312160E-011   55.3279714749100     
   60.2000000000000       4.616833734837535E-011   55.5278762630706     
   60.4000000000000       4.610512518032933E-011   55.7277817344752     
   60.6000000000000       4.604217593818052E-011   55.9276878817973     
   60.8000000000000       4.597949060070029E-011   56.1275946978148     
   61.0000000000000       4.591706573332095E-011   56.3275021754080     
   61.2000000000000       4.585490174942858E-011   56.5274103075581     
   61.4000000000000       4.579299404855259E-011   56.7273190873450     
   61.6000000000000       4.573134206323317E-011   56.9272285079458     
   61.8000000000000       4.566994364945859E-011   57.1271385626333     
   62.0000000000000       4.560879845372853E-011   57.3270492447739     
   62.2000000000000       4.554790316766923E-011   57.5269605478263     
   62.4000000000000       4.548725570415883E-011   57.7268724653397     
   62.6000000000000       4.542685556345617E-011   57.9267849909523     
   62.8000000000000       4.536670225087230E-011   58.1266981183901     
   63.0000000000000       4.530679116367879E-011   58.3266118414646     
   63.2000000000000       4.524712203480951E-011   58.5265261540723     
   63.4000000000000       4.518769285795496E-011   58.7264410501925     
   63.6000000000000       4.512850300700499E-011   58.9263565238863     
   63.8000000000000       4.506954970895961E-011   59.1262725692952     
   64.0000000000000       4.501083236469849E-011   59.3261891806394     
   64.2000000000000       4.495234921574044E-011   59.5261063522170     
   64.4000000000000       4.489409735759154E-011   59.7260240784022     
   64.6000000000000       4.483607739164626E-011   59.9259423536443     
   64.8000000000000       4.477828662899587E-011   60.1258611724666     
   65.0000000000000       4.472072318844481E-011   60.3257805294648     
   65.2000000000000       4.466338539127132E-011   60.5257004193061     
   65.4000000000000       4.460627309345871E-011   60.7256208367277     
   65.6000000000000       4.454938330557931E-011   60.9255417765361     
   65.8000000000000       4.449271553747986E-011   61.1254632336056     
   66.0000000000000       4.443626834610018E-011   61.3253852028775     
   66.2000000000000       4.438004011806336E-011   61.5253076793585     
   66.4000000000000       4.432402793488646E-011   61.7252306581203     
   66.6000000000000       4.426823285439043E-011   61.9251541342982     
   66.8000000000000       4.421265329778834E-011   62.1250781030899     
   67.0000000000000       4.415728526040031E-011   62.3250025597548     
   67.2000000000000       4.410212982404492E-011   62.5249274996131     
   67.4000000000000       4.404718526926298E-011   62.7248529180444     
   67.6000000000000       4.399244895123839E-011   62.9247788104871     
   67.8000000000000       4.393792084820900E-011   63.1247051724375     
   68.0000000000000       4.388360057835092E-011   63.3246319994485     
   68.2000000000000       4.382948424039105E-011   63.5245592871293     
   68.4000000000000       4.377557148219888E-011   63.7244870311440     
   68.6000000000000       4.372186120422631E-011   63.9244152272109     
   68.8000000000000       4.366835306598292E-011   64.1243438711017     
   69.0000000000000       4.361504434177329E-011   64.3242729586408     
   69.2000000000000       4.356193396683013E-011   64.5242024857042     
   69.4000000000000       4.350902145201048E-011   64.7241324482189     
   69.6000000000000       4.345630574775722E-011   64.9240628421620     
   69.8000000000000       4.340378400881899E-011   65.1239936635603     
   70.0000000000000       4.335145757890161E-011   65.3239249084886     
