   10.0000000000000      -6.574613828103338E-011   5.57052402574562     
   10.2000000000000      -9.036491638990980E-012   5.76119368532575     
   10.4000000000000       5.258968563099712E-011   5.95247574025006     
   10.6000000000000       8.235944168539859E-011   6.14431299631567     
   10.8000000000000       6.275775507960532E-011   6.33665502888724     
   11.0000000000000       5.858309157109463E-012   6.52945722962867     
   11.2000000000000      -5.407703050671464E-011   6.72268000666239     
   11.4000000000000      -8.121347295808899E-011   6.91628811071419     
   11.6000000000000      -5.957625947384992E-011   7.11025006514079     
   11.8000000000000      -2.475750281242814E-012   7.30453768196611     
   12.0000000000000       5.564975125904571E-011   7.49912564941347     
   12.2000000000000       7.999118681520346E-011   7.69399117910329     
   12.4000000000000       5.622099828886524E-011   7.88911370323355     
   12.6000000000000      -1.056392422649758E-012   8.08447461378756     
   12.8000000000000      -5.725119768809153E-011   8.28005703720716     
   13.0000000000000      -7.866585902741536E-011   8.47584563909890     
   13.2000000000000      -5.270763213395972E-011   8.67182645445930     
   13.4000000000000       4.692369827896702E-012   8.86798673965451     
   13.6000000000000       5.883380809525944E-011   9.06431484300476     
   13.8000000000000       7.721522295101005E-011   9.26080009132821     
   14.0000000000000       4.904990827308101E-011   9.45743269021635     
   14.2000000000000      -8.392995784090661E-012   9.65420363615772     
   14.4000000000000      -6.035729231140972E-011   9.85110463891381     
   14.6000000000000      -7.562115355914262E-011   10.0481280527896     
   14.8000000000000      -4.526077263907648E-011   10.2452668156415     
   15.0000000000000       1.212390186984384E-011   10.4425143946328     
   15.2000000000000       6.178728743296478E-011   10.6398647378875     
   15.4000000000000       7.386934238038324E-011   10.8373122313132     
   15.6000000000000       4.135305240131193E-011   11.0348516599635     
   15.8000000000000      -1.585435045243415E-011   11.2324781733964     
   16.0000000000000      -6.309435479824327E-011   11.4301872545578     
   16.2000000000000      -7.194895311964421E-011   11.6279746917803     
   16.4000000000000      -3.733986388631486E-011   11.8258365535429     
   16.6000000000000       1.955643072912615E-011   12.0237691656793     
   16.8000000000000       6.425322725091450E-011   12.2217690907645     
   17.0000000000000       6.985233725598060E-011   12.4198331094422     
   17.2000000000000       3.323484431027160E-011   12.6179582034822     
   17.4000000000000      -2.320446692509431E-011   12.8161415403877     
   17.6000000000000      -6.524224731310053E-011   13.0143804593872     
   17.8000000000000      -6.757474859190326E-011   13.2126724586704     
   18.0000000000000      -2.905228968031953E-011   13.4110151837412     
   18.2000000000000       2.677463888468612E-011   13.6094064167753     
   18.4000000000000       6.604293879078208E-011   13.8078440668843     
   18.6000000000000       6.511410082073859E-011   14.0063261611966     
   18.8000000000000       2.480713704319889E-011   14.2048508366772     
   19.0000000000000      -3.024471537124009E-011   14.4034163326163     
   19.2000000000000      -6.663968289018028E-011   14.6020209837236     
   19.4000000000000      -6.247075859265268E-011   14.8006632137730     
   19.6000000000000      -2.051501935239360E-011   14.9993415297460     
   19.8000000000000       3.359389472611475E-011   15.1980545164304     
   20.0000000000000       6.701946343599960E-011   15.3968008314331     
   20.2000000000000       5.964732871228403E-011   15.5955792005698     
   20.4000000000000       1.619215895855119E-011   15.7943884136004     
   20.6000000000000      -3.680268559792041E-011   15.9932273202785     
   20.8000000000000      -6.717167886315521E-011   16.1920948266903     
   21.0000000000000      -5.664848120767027E-011   16.3909898918570     
   21.2000000000000      -1.185531423873772E-011   16.5899115245799     
   21.4000000000000       3.985286521426458E-011   16.7888587805073     
   21.6000000000000       6.708797664184271E-011   16.9878307594067     
   21.8000000000000       5.348079147054374E-011   17.1868266026242     
   22.0000000000000       7.521697846690468E-012   17.3858454907174     
   22.2000000000000      -4.272743327821870E-011   17.5848866412476     
   22.4000000000000      -6.676213578598351E-011   17.7839493067191     
   22.6000000000000      -5.015257144549939E-011   17.9830327726550     
   22.8000000000000      -3.208842523093322E-012   18.1821363557975     
   23.0000000000000       4.541061438130623E-011   18.3812594024251     
   23.2000000000000       6.618996244845809E-011   18.5804012867771     
   23.4000000000000       4.667373444163183E-011   18.7795614095776     
   23.6000000000000      -1.065485788058240E-012   18.9787391966518     
   23.8000000000000      -4.788788305799054E-011   19.1779340976278     
   24.0000000000000      -6.536919234777094E-011   19.3771455847187     
   24.2000000000000      -4.305564985130350E-011   19.5763731515777     
   24.4000000000000       5.283395254493287E-012   19.7756163122224     
   24.6000000000000       5.014597770326411E-011   19.9748746000236     
   24.8000000000000       6.429942476170261E-011   20.1741475667522     
   25.0000000000000       3.931100945970404E-011   20.3734347816838     
   25.2000000000000      -9.426996943163084E-012   20.5727358307531     
   25.4000000000000      -5.217292692206043E-011   20.7720503157579     
   25.6000000000000      -6.298203204128833E-011   20.9713778536082     
   25.8000000000000      -3.545368067132814E-011   21.1707180756165     
   26.0000000000000       1.347853773610126E-011   21.3700706268291     
   26.2000000000000       5.395808749503249E-011   21.5694351653930     
   26.4000000000000       6.142010915654282E-011   21.7688113619582     
   26.6000000000000       3.149858633822280E-011   21.9681988991121     
   26.8000000000000      -1.742047287700992E-011   22.1675974708442     
   27.0000000000000      -5.549217635980554E-011   22.3670067820396     
   27.2000000000000      -5.961838136166862E-011   22.5664265479990     
   27.4000000000000      -2.746157906612685E-011   22.7658564939837     
   27.6000000000000       2.123562327802557E-011   22.9652963547847     
   27.8000000000000       5.676729895312760E-011   23.1647458743134     
   28.0000000000000       5.758315909411640E-011   23.3642048052132     
   28.2000000000000       2.335931144988853E-011   23.5636729084914     
   28.4000000000000      -2.490726094238710E-011   23.7631499531691     
   28.6000000000000      -5.777697942516932E-011   23.9626357159481     
   28.8000000000000      -5.532224839929117E-011   24.1621299808949     
   29.0000000000000      -1.920908486845716E-011   24.3616325391400     
   29.2000000000000       2.841921451774160E-011   24.5611431885919     
   29.4000000000000       5.851618374515971E-011   24.7606617336642     
   29.6000000000000       5.284487724514416E-011   24.9601879850167     
   29.8000000000000       1.502876253432062E-011   25.1597217593081     
   30.0000000000000      -3.175600144479651E-011   25.3592628789606     
   30.2000000000000      -5.898133676804534E-011   25.5588111719355     
   30.4000000000000      -5.016163974256153E-011   25.7583664715192     
   30.6000000000000      -1.083661058053128E-011   25.9579286161187     
   30.8000000000000       3.490289238438550E-011   26.1574974490669     
   31.0000000000000       5.917033916364500E-011   26.3570728184366     
   31.2000000000000       4.728439176774667E-011   26.5566545768626     
   31.4000000000000       6.651190389461380E-012   26.7562425813720     
   31.6000000000000      -3.784601983354305E-011   26.9558366932220     
   31.8000000000000      -5.908256743238145E-011   27.1554367777445     
   32.0000000000000      -4.422617437949909E-011   27.3550427041982     
   32.2000000000000      -2.491229245103968E-012   27.5546543456262     
   32.4000000000000       4.057247459849445E-011   27.7542715787204     
   32.6000000000000       5.871887645495384E-011   27.9538942836914     
   32.8000000000000       4.100112683509610E-011   28.1535223441441     
   33.0000000000000      -1.624496083110990E-012   28.3531556469584     
   33.2000000000000      -4.307036900226138E-011   28.5527940821748     
   33.4000000000000      -5.808159194328382E-011   28.7524375428851     
   33.6000000000000      -3.762438965495242E-011   28.9520859251270     
   33.8000000000000       5.677288765322765E-012   29.1517391277838     
   34.0000000000000       4.532892598081426E-011   29.3513970524878     
   34.2000000000000       5.717449352216857E-011   29.5510596035272     
   34.4000000000000       3.411203097110669E-011   29.7507266877575     
   34.6000000000000      -9.648647211829547E-012   29.9503982145159     
   34.8000000000000      -4.733853915703468E-011   30.1500740955392     
   35.0000000000000      -5.600279270403745E-011   30.3497542448853     
   35.2000000000000      -3.048090229072353E-011   30.5494385788571     
   35.4000000000000       1.352036439401054E-011   30.7491270159299     
   35.6000000000000       4.909083889524216E-011   30.9488194766814     
   35.8000000000000       5.457310018075991E-011   31.1485158837246     
   36.0000000000000       2.674858578663730E-011   31.3482161616426     
   36.2000000000000      -1.727466994810366E-011   31.5479202369269     
   36.4000000000000      -5.057874037368405E-011   31.7476280379169     
   36.6000000000000      -5.289339633719810E-011   31.9473394947429     
   36.8000000000000      -2.293325453130000E-011   32.1470545392698     
   37.0000000000000       2.089430813938014E-011   32.3467731050442     
   37.2000000000000       5.179649075404100E-011   32.5464951272428     
   37.4000000000000       5.097297194400911E-011   32.7462205426225     
   37.6000000000000       1.905357852219920E-011   32.9459492894726     
   37.8000000000000      -2.436265465464809E-011   33.1456813075690     
   38.0000000000000      -5.273970787853044E-011   33.3454165381294     
   38.2000000000000      -4.882238618433876E-011   33.5451549237708     
   38.4000000000000      -1.512861349216085E-011   33.7448964084676     
   38.6000000000000       2.766382029328275E-011   33.9446409375123     
   38.8000000000000       5.340540669196282E-011   34.1443884574767     
   39.0000000000000       4.645341356825622E-011   34.3441389161746     
   39.2000000000000       1.117769345068656E-011   34.5438922626262     
   39.4000000000000      -3.078274552336409E-011   34.7436484470234     
   39.6000000000000      -5.379202068827529E-011   34.9434074206964     
   39.8000000000000      -4.387895387132651E-011   35.1431691360812     
   40.0000000000000      -7.220307058321848E-012   35.3429335466885     
   40.2000000000000       3.370527213067484E-011   35.5427006070735     
   40.4000000000000       5.389941588143568E-011   35.7424702728070     
   40.6000000000000       4.111298981909026E-011   35.9422425004468     
   40.8000000000000       3.276010155163162E-012   36.1420172475105     
   41.0000000000000      -3.641825405584413E-011   36.3417944724497     
   41.2000000000000      -5.372889167297197E-011   36.5415741346238     
   41.4000000000000      -3.817048617964355E-011   36.7413561942756     
   41.6000000000000       6.357223609473935E-013   36.9411406125077     
   41.8000000000000       3.890960951785549E-011   37.1409273512589     
   42.0000000000000       5.328317748345679E-011   37.3407163732824     
   42.2000000000000       3.506732754519995E-011   37.5405076421237     
   42.4000000000000      -4.495563990770407E-012   37.7403011220999     
   42.6000000000000      -4.116840576119660E-011   37.9400967782793     
   42.8000000000000      -5.256641863303314E-011   38.1398945764619     
   43.0000000000000      -3.182020708350455E-011   38.3396944831601     
   43.2000000000000       8.284481096335921E-012   38.5394964655804     
   43.4000000000000       4.318491673052135E-011   38.7393004916056     
   43.6000000000000       5.158416123104408E-011   38.9391065297773     
   43.8000000000000       2.844655065939233E-011   39.1389145492791     
   44.0000000000000      -1.198383024819913E-011   39.3387245199206     
   44.2000000000000      -4.495068522284230E-011   39.5385364121211     
   44.4000000000000      -5.034331166615958E-011   39.7383501968949     
   44.6000000000000      -2.496441565079198E-011   39.9381658458358     
   44.8000000000000       1.557544700212967E-011   40.1379833311031     
   45.0000000000000       4.645856029987267E-011   40.3378026254076     
   45.2000000000000       4.885211023844029E-011   40.5376237019978     
   45.4000000000000       2.139238930994053E-011   40.7374465346467     
   45.6000000000000      -1.904176955433770E-011   40.9372710976395     
   45.8000000000000      -4.770275010556588E-011   41.1370973657604     
   46.0000000000000      -4.712007836217999E-011   41.3369253142814     
   46.2000000000000      -1.774948570582470E-011   41.5367549189499     
   46.4000000000000       2.236592795284815E-011   41.7365861559776     
   46.6000000000000       4.867884711166479E-011   41.9364190020293     
   46.8000000000000       4.515797557541162E-011   42.1362534342126     
   47.0000000000000       1.405504442425920E-011   42.3360894300669     
   47.2000000000000      -2.553182823351161E-011   42.5359269675536     
   47.4000000000000      -4.938385697023282E-011   42.7357660250460     
   47.6000000000000      -4.297772932189152E-011   42.9356065813202     
   47.8000000000000      -1.032861878610059E-011   43.1354486155452     
   48.0000000000000       2.852426186265720E-011   43.3352921072740     
   48.2000000000000       4.981621160946767E-011   43.5351370364352     
   48.4000000000000       4.059237616561104E-011   43.7349833833239     
   48.6000000000000       6.589867195170030E-012   43.9348311285937     
   48.8000000000000      -3.132897050476053E-011   44.1346802532484     
   49.0000000000000      -4.997578255678953E-011   44.3345307386342     
   49.2000000000000      -3.801598504470755E-011   44.5343825664321     
   49.4000000000000      -2.858458381473051E-012   44.7342357186502     
   49.6000000000000       3.393273333274571E-011   44.9340901776167     
   49.8000000000000       4.986387465064373E-011   45.1339459259726     
   50.0000000000000       3.526359134538202E-011   45.3338029466649     
   50.2000000000000      -8.460602855341454E-013   45.5336612229400     
   50.4000000000000      -3.632343522089072E-011   45.7335207383370     
   50.6000000000000      -4.948322117020548E-011   45.9333814766813     
   50.8000000000000      -3.235109672460405E-011   46.1332434220786     
   51.0000000000000       4.504351959532217E-012   46.3331065589087     
   51.2000000000000       3.849013847762519E-011   46.5329708718196     
   51.4000000000000       4.883797294125854E-011   46.7328363457221     
   51.6000000000000       2.929519318766815E-011   46.9327029657836     
   51.8000000000000      -8.097397374009866E-012   47.1325707174232     
   52.0000000000000      -4.042313547517680E-011   47.3324395863062     
   52.2000000000000      -4.793366135859097E-011   47.5323095583389     
   52.4000000000000      -2.611325701773894E-011   47.7321806196635     
   52.6000000000000       1.160660759268360E-011   47.9320527566535     
   52.8000000000000       4.211400225803119E-011   48.1319259559083     
   53.0000000000000       4.677717691963147E-011   48.3318002042493     
   53.2000000000000       2.282326953735049E-011   48.5316754887146     
   53.4000000000000      -1.501391777377034E-011   48.7315517965550     
   53.6000000000000      -4.355564327343957E-011   48.9314291152297     
   53.8000000000000      -4.537672822550838E-011   49.1313074324018     
   54.0000000000000      -1.944371314518815E-011   49.3311867359342     
   54.2000000000000       1.830189666365848E-011   49.5310670138857     
   54.4000000000000       4.474232895529264E-011   49.7309482545071     
   54.6000000000000       4.374178289202109E-011   49.9308304462373     
   54.8000000000000       1.599345011393206E-011   50.1307135776993     
   55.0000000000000      -2.145382631046490E-011   50.3305976376970     
   55.2000000000000      -4.566972215553770E-011   50.5304826152114     
   55.4000000000000      -4.188303301055166E-011   50.7303684993970     
   55.6000000000000      -1.249164105801128E-011   50.9302552795785     
   55.8000000000000       2.445379762755646E-011   51.1301429452477     
   56.0000000000000       4.633490123728433E-011   51.3300314860598     
   56.2000000000000       3.981231585848049E-011   51.5299208918306     
   56.4000000000000       8.957638205041382E-012   51.7298111525332     
   56.6000000000000      -2.728680481278003E-011   51.9297022582951     
   56.8000000000000      -4.673637110761044E-011   52.1295941993951     
   57.0000000000000      -3.754255171717199E-011   52.3294869662605     
   57.2000000000000      -5.410864909343166E-012   52.5293805494645     
   57.4000000000000       2.993881375693589E-011   52.7292749397229     
   57.6000000000000       4.687406948210359E-011   52.9291701278918     
   57.8000000000000       3.508768080068494E-011   53.1290661049650     
   58.0000000000000       1.870704603917119E-012   53.3289628620712     
   58.2000000000000      -3.239684096870936E-011   53.5288603904716     
   58.4000000000000      -4.674936331989708E-011   53.7287586815574     
   58.6000000000000      -3.246256578342754E-011   53.9286577268474     
   58.8000000000000       1.643580334304384E-012   54.1285575179857     
   59.0000000000000       3.464902855833272E-011   54.3284580467393     
   59.2000000000000       4.636503744518442E-011   54.5283593049960     
   59.4000000000000       2.968291804269836E-011   54.7282612847619     
   59.6000000000000      -5.112976210975009E-012   54.9281639781597     
   59.8000000000000      -3.668469700082016E-011   55.1280673774261     
   60.0000000000000      -4.572527081578083E-011   55.3279714749100     
   60.2000000000000      -2.676520406442808E-011   55.5278762630706     
   60.4000000000000       8.518817723945456E-012   55.7277817344752     
   60.6000000000000       3.849440376236113E-011   55.9276878817973     
   60.8000000000000       4.483561922293705E-011   56.1275946978148     
   61.0000000000000       2.372656078182609E-011   56.3275021754080     
   61.2000000000000      -1.184288596443442E-011   56.5274103075581     
   61.4000000000000      -4.006999413691291E-011   56.7273190873450     
   61.6000000000000      -4.370296933126462E-011   56.9272285079458     
   61.8000000000000      -2.058469032699782E-011   57.1271385626333     
   62.0000000000000       1.506750835656436E-011   57.3270492447739     
   62.2000000000000       4.140464013541230E-011   57.5269605478263     
   62.4000000000000       4.233550102262415E-011   57.7268724653397     
   62.6000000000000       1.735775591851363E-011   57.9267849909523     
   62.8000000000000      -1.817565836590285E-011   58.1266981183901     
   63.0000000000000      -4.249287349787996E-011   58.3266118414646     
   63.2000000000000      -4.074264160790703E-011   58.5265261540723     
   63.4000000000000      -1.406429581508721E-011   58.7264410501925     
   63.6000000000000       2.115104678671580E-011   58.9263565238863     
   63.8000000000000       4.333061195097209E-011   59.1262725692952     
   64.0000000000000       3.893499795329727E-011   59.3261891806394     
   64.2000000000000       1.072310284532475E-011   59.5261063522170     
   64.4000000000000      -2.397820406683325E-011   59.7260240784022     
   64.6000000000000      -4.391517684516388E-011   59.9259423536443     
   64.8000000000000      -3.692431058149012E-011   60.1258611724666     
   65.0000000000000      -7.353127331270262E-012   60.3257805294648     
   65.2000000000000       2.664256658736640E-011   60.5257004193061     
   65.4000000000000       4.424530273494766E-011   60.7256208367277     
   65.6000000000000       3.472336241927103E-011   60.9255417765361     
   65.8000000000000       3.973366757483935E-012   61.1254632336056     
   66.0000000000000      -2.913056207081490E-011   61.3253852028775     
   66.2000000000000      -4.432113861452748E-011   61.5253076793585     
   66.4000000000000      -3.234592301264337E-011   61.7252306581203     
   66.6000000000000      -6.027682382598331E-013   61.9251541342982     
   66.8000000000000       3.142966770772836E-011   62.1250781030899     
   67.0000000000000       4.414424143194684E-011   62.3250025597548     
   67.2000000000000       2.980666189257067E-011   62.5249274996131     
   67.4000000000000      -2.739881492443307E-012   62.7248529180444     
   67.6000000000000      -3.352848589374746E-011   62.9247788104871     
   67.8000000000000      -4.371756493328496E-011   63.1247051724375     
   68.0000000000000      -2.712105938413523E-011   63.3246319994485     
   68.2000000000000       6.036067912981727E-012   63.5245592871293     
   68.4000000000000       3.541679449518029E-011   63.7244870311440     
   68.6000000000000       4.304543469059069E-011   63.9244152272109     
   68.8000000000000       2.430531270424126E-011   64.1243438711017     
   69.0000000000000      -9.267642886419953E-012   64.3242729586408     
   69.2000000000000      -3.708561141573264E-011   64.5242024857042     
   69.4000000000000      -4.213351526458023E-011   64.7241324482189     
   69.6000000000000      -2.137625730317683E-011   64.9240628421620     
   69.8000000000000       1.241692490440945E-011   65.1239936635603     
   70.0000000000000       3.852722678444404E-011   65.3239249084886     
