   10.0000000000000       8.506713611477493E-011   70.0000000000000     
   10.2000000000000       8.467093772111129E-011   70.0000000000000     
   10.4000000000000       8.427910854576340E-011   70.0000000000000     
   10.6000000000000       8.389164691169092E-011   70.0000000000000     
   10.8000000000000       8.350853540252801E-011   70.0000000000000     
   11.0000000000000       8.312974122067773E-011   70.0000000000000     
   11.2000000000000       8.275521990898534E-011   70.0000000000000     
   11.4000000000000       8.238492315303503E-011   70.0000000000000     
   11.6000000000000       8.201880834832192E-011   70.0000000000000     
   11.8000000000000       8.165684561925823E-011   70.0000000000000     
   12.0000000000000       8.129901864463202E-011   70.0000000000000     
   12.2000000000000       8.094531875318706E-011   70.0000000000000     
   12.4000000000000       8.059573533228932E-011   70.0000000000000     
   12.6000000000000       8.025024733264418E-011   70.0000000000000     
   12.8000000000000       7.990881953686446E-011   70.0000000000000     
   13.0000000000000       7.957140420623138E-011   70.0000000000000     
   13.2000000000000       7.923794580983829E-011   70.0000000000000     
   13.4000000000000       7.890838550356292E-011   70.0000000000000     
   13.6000000000000       7.858266313728936E-011   70.0000000000000     
   13.8000000000000       7.826071669731271E-011   70.0000000000000     
   14.0000000000000       7.794248071533860E-011   70.0000000000000     
   14.2000000000000       7.762788547645823E-011   70.0000000000000     
   14.4000000000000       7.731685808161881E-011   70.0000000000000     
   14.6000000000000       7.700932538572530E-011   70.0000000000000     
   14.8000000000000       7.670521815535451E-011   70.0000000000000     
   15.0000000000000       7.640447550446355E-011   70.0000000000000     
   15.2000000000000       7.610704848556781E-011   70.0000000000000     
   15.4000000000000       7.581290154908428E-011   70.0000000000000     
   15.6000000000000       7.552201074944790E-011   70.0000000000000     
   15.8000000000000       7.523435845503941E-011   70.0000000000000     
   16.0000000000000       7.494992581096456E-011   70.0000000000000     
   16.2000000000000       7.466868554215035E-011   70.0000000000000     
   16.4000000000000       7.439059788467642E-011   70.0000000000000     
   16.6000000000000       7.411561108160095E-011   70.0000000000000     
   16.8000000000000       7.384366560209335E-011   70.0000000000000     
   17.0000000000000       7.357469940531288E-011   70.0000000000000     
   17.2000000000000       7.330865136042710E-011   70.0000000000000     
   17.4000000000000       7.304546149618790E-011   70.0000000000000     
   17.6000000000000       7.278506904711947E-011   70.0000000000000     
   17.8000000000000       7.252741077164268E-011   70.0000000000000     
   18.0000000000000       7.227242179203207E-011   70.0000000000000     
   18.2000000000000       7.202003948680966E-011   70.0000000000000     
   18.4000000000000       7.177020894841585E-011   70.0000000000000     
   18.6000000000000       7.152288748396364E-011   70.0000000000000     
   18.8000000000000       7.127804610592058E-011   70.0000000000000     
   19.0000000000000       7.103566745862780E-011   70.0000000000000     
   19.2000000000000       7.079574114860351E-011   70.0000000000000     
   19.4000000000000       7.055825818884307E-011   70.0000000000000     
   19.6000000000000       7.032320608558521E-011   70.0000000000000     
   19.8000000000000       7.009056541329576E-011   70.0000000000000     
   20.0000000000000       6.986030807877557E-011   70.0000000000000     
   20.2000000000000       6.963239712790202E-011   70.0000000000000     
   20.4000000000000       6.940678782364090E-011   70.0000000000000     
   20.6000000000000       6.918342964420717E-011   70.0000000000000     
   20.8000000000000       6.896226877149191E-011   70.0000000000000     
   21.0000000000000       6.874325066278634E-011   70.0000000000000     
   21.2000000000000       6.852632248418492E-011   70.0000000000000     
   21.4000000000000       6.831143540199607E-011   70.0000000000000     
   21.6000000000000       6.809854673313513E-011   70.0000000000000     
   21.8000000000000       6.788762164106809E-011   70.0000000000000     
   22.0000000000000       6.767863365389832E-011   70.0000000000000     
   22.2000000000000       6.747156322785560E-011   70.0000000000000     
   22.4000000000000       6.726639419943178E-011   70.0000000000000     
   22.6000000000000       6.706310909864569E-011   70.0000000000000     
   22.8000000000000       6.686168527881764E-011   70.0000000000000     
   23.0000000000000       6.666209390462934E-011   70.0000000000000     
   23.2000000000000       6.646430273327566E-011   70.0000000000000     
   23.4000000000000       6.626828177121822E-011   70.0000000000000     
   23.6000000000000       6.607400927615030E-011   70.0000000000000     
   23.8000000000000       6.588147512913205E-011   70.0000000000000     
   24.0000000000000       6.569067961963480E-011   70.0000000000000     
   24.2000000000000       6.550162765045419E-011   70.0000000000000     
   24.4000000000000       6.531432028369175E-011   70.0000000000000     
   24.6000000000000       6.512874652860011E-011   70.0000000000000     
   24.8000000000000       6.494487800404859E-011   70.0000000000000     
   25.0000000000000       6.476266791711240E-011   70.0000000000000     
   25.2000000000000       6.458205434790793E-011   70.0000000000000     
   25.4000000000000       6.440296671251707E-011   70.0000000000000     
   25.6000000000000       6.422533376214215E-011   70.0000000000000     
   25.8000000000000       6.404909151768134E-011   70.0000000000000     
   26.0000000000000       6.387418992100217E-011   70.0000000000000     
   26.2000000000000       6.370059748237596E-011   70.0000000000000     
   26.4000000000000       6.352830364404689E-011   70.0000000000000     
   26.6000000000000       6.335731884425538E-011   70.0000000000000     
   26.8000000000000       6.318767230974762E-011   70.0000000000000     
   27.0000000000000       6.301940750524482E-011   70.0000000000000     
   27.2000000000000       6.285257513509328E-011   70.0000000000000     
   27.4000000000000       6.268722386930590E-011   70.0000000000000     
   27.6000000000000       6.252338964678978E-011   70.0000000000000     
   27.8000000000000       6.236108529142248E-011   70.0000000000000     
   28.0000000000000       6.220029280359724E-011   70.0000000000000     
   28.2000000000000       6.204096059061648E-011   70.0000000000000     
   28.4000000000000       6.188300690450314E-011   70.0000000000000     
   28.6000000000000       6.172632916025479E-011   70.0000000000000     
   28.8000000000000       6.157081724884584E-011   70.0000000000000     
   29.0000000000000       6.141636807033050E-011   70.0000000000000     
   29.2000000000000       6.126289857017187E-011   70.0000000000000     
   29.4000000000000       6.111035536104737E-011   70.0000000000000     
   29.6000000000000       6.095872003772349E-011   70.0000000000000     
   29.8000000000000       6.080801006047007E-011   70.0000000000000     
   30.0000000000000       6.065827541674537E-011   70.0000000000000     
   30.2000000000000       6.050959134321039E-011   70.0000000000000     
   30.4000000000000       6.036204752849929E-011   70.0000000000000     
   30.6000000000000       6.021573463927906E-011   70.0000000000000     
   30.8000000000000       6.007072966843354E-011   70.0000000000000     
   31.0000000000000       5.992708221594079E-011   70.0000000000000     
   31.2000000000000       5.978480405049795E-011   70.0000000000000     
   31.4000000000000       5.964386396931004E-011   70.0000000000000     
   31.6000000000000       5.950418910451337E-011   70.0000000000000     
   31.8000000000000       5.936567263887404E-011   70.0000000000000     
   32.0000000000000       5.922818670264721E-011   70.0000000000000     
   32.2000000000000       5.909159832440714E-011   70.0000000000000     
   32.4000000000000       5.895578590365613E-011   70.0000000000000     
   32.6000000000000       5.882065381958468E-011   70.0000000000000     
   32.8000000000000       5.868614338000888E-011   70.0000000000000     
   33.0000000000000       5.855223910081045E-011   70.0000000000000     
   33.2000000000000       5.841896999950676E-011   70.0000000000000     
   33.4000000000000       5.828640599376999E-011   70.0000000000000     
   33.6000000000000       5.815464963223570E-011   70.0000000000000     
   33.8000000000000       5.802382347485697E-011   70.0000000000000     
   34.0000000000000       5.789405377585448E-011   70.0000000000000     
   34.2000000000000       5.776545185156340E-011   70.0000000000000     
   34.4000000000000       5.763809548837451E-011   70.0000000000000     
   34.6000000000000       5.751201353759813E-011   70.0000000000000     
   34.8000000000000       5.738717696108950E-011   70.0000000000000     
   35.0000000000000       5.726349875110373E-011   70.0000000000000     
   35.2000000000000       5.714084346292925E-011   70.0000000000000     
   35.4000000000000       5.701904505533241E-011   70.0000000000000     
   35.6000000000000       5.689792997336316E-011   70.0000000000000     
   35.8000000000000       5.677734144227031E-011   70.0000000000000     
   36.0000000000000       5.665716095431132E-011   70.0000000000000     
   36.2000000000000       5.653732375925156E-011   70.0000000000000     
   36.4000000000000       5.641782644224445E-011   70.0000000000000     
   36.6000000000000       5.629872600300321E-011   70.0000000000000     
   36.8000000000000       5.618013098088098E-011   70.0000000000000     
   37.0000000000000       5.606218601505086E-011   70.0000000000000     
   37.2000000000000       5.594505182210795E-011   70.0000000000000     
   37.4000000000000       5.582888298549054E-011   70.0000000000000     
   37.6000000000000       5.571380621641316E-011   70.0000000000000     
   37.8000000000000       5.559990183065592E-011   70.0000000000000     
   38.0000000000000       5.548719099934649E-011   70.0000000000000     
   38.2000000000000       5.537563077590410E-011   70.0000000000000     
   38.4000000000000       5.526511793639253E-011   70.0000000000000     
   38.6000000000000       5.515550137951719E-011   70.0000000000000     
   38.8000000000000       5.504660144093758E-011   70.0000000000000     
   39.0000000000000       5.493823330432749E-011   70.0000000000000     
   39.2000000000000       5.483023104085279E-011   70.0000000000000     
   39.4000000000000       5.472246883652922E-011   70.0000000000000     
   39.6000000000000       5.461487661266805E-011   70.0000000000000     
   39.8000000000000       5.450744826103642E-011   70.0000000000000     
   40.0000000000000       5.440024179319123E-011   70.0000000000000     
   40.2000000000000       5.429337162028523E-011   70.0000000000000     
   40.4000000000000       5.418699388489590E-011   70.0000000000000     
   40.6000000000000       5.408128635256220E-011   70.0000000000000     
   40.8000000000000       5.397642495364811E-011   70.0000000000000     
   41.0000000000000       5.387255965605880E-011   70.0000000000000     
   41.2000000000000       5.376979279871210E-011   70.0000000000000     
   41.4000000000000       5.366816308070501E-011   70.0000000000000     
   41.6000000000000       5.356763787990412E-011   70.0000000000000     
   41.8000000000000       5.346811543890402E-011   70.0000000000000     
   42.0000000000000       5.336943689918997E-011   70.0000000000000     
   42.2000000000000       5.327140653998854E-011   70.0000000000000     
   42.4000000000000       5.317381726772817E-011   70.0000000000000     
   42.6000000000000       5.307647767642719E-011   70.0000000000000     
   42.8000000000000       5.297923694220051E-011   70.0000000000000     
   43.0000000000000       5.288200432822818E-011   70.0000000000000     
   43.2000000000000       5.278476095264253E-011   70.0000000000000     
   43.4000000000000       5.268756249204588E-011   70.0000000000000     
   43.6000000000000       5.259053250614814E-011   70.0000000000000     
   43.8000000000000       5.249384702016232E-011   70.0000000000000     
   44.0000000000000       5.239771190856139E-011   70.0000000000000     
   44.2000000000000       5.230233550886373E-011   70.0000000000000     
   44.4000000000000       5.220789971095055E-011   70.0000000000000     
   44.6000000000000       5.211453336288260E-011   70.0000000000000     
   44.8000000000000       5.202229197637337E-011   70.0000000000000     
   45.0000000000000       5.193114718783664E-011   70.0000000000000     
   45.2000000000000       5.184098815647189E-011   70.0000000000000     
   45.4000000000000       5.175163520716554E-011   70.0000000000000     
   45.6000000000000       5.166286392399678E-011   70.0000000000000     
   45.8000000000000       5.157443605763034E-011   70.0000000000000     
   46.0000000000000       5.148613246405411E-011   70.0000000000000     
   46.2000000000000       5.139778307808704E-011   70.0000000000000     
   46.4000000000000       5.130928961065896E-011   70.0000000000000     
   46.6000000000000       5.122063799035408E-011   70.0000000000000     
   46.8000000000000       5.113189919589899E-011   70.0000000000000     
   47.0000000000000       5.104321873214470E-011   70.0000000000000     
   47.2000000000000       5.095479638888235E-011   70.0000000000000     
   47.4000000000000       5.086685900846019E-011   70.0000000000000     
   47.6000000000000       5.077962975522975E-011   70.0000000000000     
   47.8000000000000       5.069329780439370E-011   70.0000000000000     
   48.0000000000000       5.060799239294815E-011   70.0000000000000     
   48.2000000000000       5.052376473047096E-011   70.0000000000000     
   48.4000000000000       5.044058032287809E-011   70.0000000000000     
   48.6000000000000       5.035832288351059E-011   70.0000000000000     
   48.8000000000000       5.027680937464282E-011   70.0000000000000     
   49.0000000000000       5.019581410909954E-011   70.0000000000000     
   49.2000000000000       5.011509853823509E-011   70.0000000000000     
   49.4000000000000       5.003444259172161E-011   70.0000000000000     
   49.6000000000000       4.995367332614584E-011   70.0000000000000     
   49.8000000000000       4.987268714865303E-011   70.0000000000000     
   50.0000000000000       4.979146285775426E-011   70.0000000000000     
   50.2000000000000       4.971006398214199E-011   70.0000000000000     
   50.4000000000000       4.962863021284355E-011   70.0000000000000     
   50.6000000000000       4.954735898659888E-011   70.0000000000000     
   50.8000000000000       4.946647941826448E-011   70.0000000000000     
   51.0000000000000       4.938622174324585E-011   70.0000000000000     
   51.2000000000000       4.930678613229945E-011   70.0000000000000     
   51.4000000000000       4.922831504666265E-011   70.0000000000000     
   51.6000000000000       4.915087306246374E-011   70.0000000000000     
   51.8000000000000       4.907443722059789E-011   70.0000000000000     
   52.0000000000000       4.899889949929414E-011   70.0000000000000     
   52.2000000000000       4.892408117828384E-011   70.0000000000000     
   52.4000000000000       4.884975701328181E-011   70.0000000000000     
   52.6000000000000       4.877568564551315E-011   70.0000000000000     
   52.8000000000000       4.870164182363433E-011   70.0000000000000     
   53.0000000000000       4.862744593269817E-011   70.0000000000000     
   53.2000000000000       4.855298693698508E-011   70.0000000000000     
   53.4000000000000       4.847823594564214E-011   70.0000000000000     
   53.6000000000000       4.840324895194040E-011   70.0000000000000     
   53.8000000000000       4.832815866527552E-011   70.0000000000000     
   54.0000000000000       4.825315661412642E-011   70.0000000000000     
   54.2000000000000       4.817846778054282E-011   70.0000000000000     
   54.4000000000000       4.810432089071300E-011   70.0000000000000     
   54.6000000000000       4.803091807211298E-011   70.0000000000000     
   54.8000000000000       4.795840780160789E-011   70.0000000000000     
   55.0000000000000       4.788686480552794E-011   70.0000000000000     
   55.2000000000000       4.781627977001083E-011   70.0000000000000     
   55.4000000000000       4.774656041628029E-011   70.0000000000000     
   55.6000000000000       4.767754386033965E-011   70.0000000000000     
   55.8000000000000       4.760901849055217E-011   70.0000000000000     
   56.0000000000000       4.754075218376517E-011   70.0000000000000     
   56.2000000000000       4.747252281455630E-011   70.0000000000000     
   56.4000000000000       4.740414683489869E-011   70.0000000000000     
   56.6000000000000       4.733550218868285E-011   70.0000000000000     
   56.8000000000000       4.726654281143011E-011   70.0000000000000     
   57.0000000000000       4.719730321381738E-011   70.0000000000000     
   57.2000000000000       4.712789293349365E-011   70.0000000000000     
   57.4000000000000       4.705848180655692E-011   70.0000000000000     
   57.6000000000000       4.698927798064192E-011   70.0000000000000     
   57.8000000000000       4.692050133798801E-011   70.0000000000000     
   58.0000000000000       4.685235549637411E-011   70.0000000000000     
   58.2000000000000       4.678500176251834E-011   70.0000000000000     
   58.4000000000000       4.671853826322223E-011   70.0000000000000     
   58.6000000000000       4.665298692935404E-011   70.0000000000000     
   58.8000000000000       4.658829007363524E-011   70.0000000000000     
   59.0000000000000       4.652431708774494E-011   70.0000000000000     
   59.2000000000000       4.646088046466694E-011   70.0000000000000     
   59.4000000000000       4.639775913686553E-011   70.0000000000000     
   59.6000000000000       4.633472619380281E-011   70.0000000000000     
   59.8000000000000       4.627157751961901E-011   70.0000000000000     
   60.0000000000000       4.620815780742017E-011   70.0000000000000     
   60.2000000000000       4.614438072805672E-011   70.0000000000000     
   60.4000000000000       4.608024069222220E-011   70.0000000000000     
   60.6000000000000       4.601581457402753E-011   70.0000000000000     
   60.8000000000000       4.595125289596763E-011   70.0000000000000     
   61.0000000000000       4.588676123585233E-011   70.0000000000000     
   61.2000000000000       4.582257390020533E-011   70.0000000000000     
   61.4000000000000       4.575892306130189E-011   70.0000000000000     
   61.6000000000000       4.569600738175111E-011   70.0000000000000     
   61.8000000000000       4.563396445737539E-011   70.0000000000000     
   62.0000000000000       4.557285106460078E-011   70.0000000000000     
   62.2000000000000       4.551263419191526E-011   70.0000000000000     
   62.4000000000000       4.545319430292050E-011   70.0000000000000     
   62.6000000000000       4.539434048414274E-011   70.0000000000000     
   62.8000000000000       4.533583539777047E-011   70.0000000000000     
   63.0000000000000       4.527742658653452E-011   70.0000000000000     
   63.2000000000000       4.521887986602136E-011   70.0000000000000     
   63.4000000000000       4.516001035910859E-011   70.0000000000000     
   63.6000000000000       4.510070713116729E-011   70.0000000000000     
   63.8000000000000       4.504094825512360E-011   70.0000000000000     
   64.0000000000000       4.498080433373942E-011   70.0000000000000     
   64.2000000000000       4.492042990414400E-011   70.0000000000000     
   64.4000000000000       4.486004362968647E-011   70.0000000000000     
   64.6000000000000       4.479989962115959E-011   70.0000000000000     
   64.8000000000000       4.474025346988586E-011   70.0000000000000     
   65.0000000000000       4.468132743877655E-011   70.0000000000000     
   65.2000000000000       4.462327956801900E-011   70.0000000000000     
   65.4000000000000       4.456618108957547E-011   70.0000000000000     
   65.6000000000000       4.451000549753556E-011   70.0000000000000     
   65.8000000000000       4.445463101365920E-011   70.0000000000000     
   66.0000000000000       4.439985626633772E-011   70.0000000000000     
   66.2000000000000       4.434542708523661E-011   70.0000000000000     
   66.4000000000000       4.429107071932590E-011   70.0000000000000     
   66.6000000000000       4.423653275701607E-011   70.0000000000000     
   66.8000000000000       4.418161169220485E-011   70.0000000000000     
   67.0000000000000       4.412618644516058E-011   70.0000000000000     
   67.2000000000000       4.407023311961966E-011   70.0000000000000     
   67.4000000000000       4.401382870398550E-011   70.0000000000000     
   67.6000000000000       4.395714112454033E-011   70.0000000000000     
   67.8000000000000       4.390040684197122E-011   70.0000000000000     
   68.0000000000000       4.384389885293881E-011   70.0000000000000     
   68.2000000000000       4.378788931423136E-011   70.0000000000000     
   68.4000000000000       4.373261185332405E-011   70.0000000000000     
   68.6000000000000       4.367822880768055E-011   70.0000000000000     
   68.8000000000000       4.362480806642573E-011   70.0000000000000     
   69.0000000000000       4.357231290890480E-011   70.0000000000000     
   69.2000000000000       4.352060641215643E-011   70.0000000000000     
   69.4000000000000       4.346946990934609E-011   70.0000000000000     
   69.6000000000000       4.341863295483067E-011   70.0000000000000     
   69.8000000000000       4.336781060581866E-011   70.0000000000000     
   70.0000000000000       4.331674280647694E-011   70.0000000000000     
