   10.0000000000000      -5.584079229137844E-011   70.0000000000000     
   10.2000000000000       6.342764724089208E-012   70.0000000000000     
   10.4000000000000       6.422137868178817E-011   70.0000000000000     
   10.6000000000000       8.357149558434796E-011   70.0000000000000     
   10.8000000000000       5.323918271850183E-011   70.0000000000000     
   11.0000000000000      -8.394413272107264E-012   70.0000000000000     
   11.2000000000000      -6.450950686824344E-011   70.0000000000000     
   11.4000000000000      -8.182978724640385E-011   70.0000000000000     
   11.6000000000000      -5.037174145904821E-011   70.0000000000000     
   11.8000000000000       1.077212006278980E-011   70.0000000000000     
   12.0000000000000       6.498493211717010E-011   70.0000000000000     
   12.2000000000000       8.004216541363415E-011   70.0000000000000     
   12.4000000000000       4.727994177705289E-011   70.0000000000000     
   12.6000000000000      -1.339720210724721E-011   70.0000000000000     
   12.8000000000000      -6.557856634090930E-011   70.0000000000000     
   13.0000000000000      -7.818636229667168E-011   70.0000000000000     
   13.2000000000000      -4.399656445191987E-011   70.0000000000000     
   13.4000000000000       1.620462238228574E-011   70.0000000000000     
   13.6000000000000       6.623184587278296E-011   70.0000000000000     
   13.8000000000000       7.624232989831142E-011   70.0000000000000     
   14.0000000000000       4.054824338169680E-011   70.0000000000000     
   14.2000000000000      -1.913946940908469E-011   70.0000000000000     
   14.4000000000000      -6.689432121463638E-011   70.0000000000000     
   14.6000000000000      -7.419184170018238E-011   70.0000000000000     
   14.8000000000000      -3.695661355320202E-011   70.0000000000000     
   15.0000000000000       2.215553016462431E-011   70.0000000000000     
   15.2000000000000       6.752312991409506E-011   70.0000000000000     
   15.4000000000000       7.201926637775369E-011   70.0000000000000     
   15.6000000000000       3.323985425046947E-011   70.0000000000000     
   15.8000000000000      -2.521405269183595E-011   70.0000000000000     
   16.0000000000000      -6.808303159032217E-011   70.0000000000000     
   16.2000000000000      -6.971319323133548E-011   70.0000000000000     
   16.4000000000000      -2.941541600013462E-011   70.0000000000000     
   16.6000000000000       2.828095154119871E-011   70.0000000000000     
   16.8000000000000       6.854462135724032E-011   70.0000000000000     
   17.0000000000000       6.726630083260986E-011   70.0000000000000     
   17.2000000000000       2.550154574689240E-011   70.0000000000000     
   17.4000000000000      -3.132417266201072E-011   70.0000000000000     
   17.6000000000000      -6.888136498340786E-011   70.0000000000000     
   17.8000000000000      -6.467273147523325E-011   70.0000000000000     
   18.0000000000000      -2.151534837491205E-011   70.0000000000000     
   18.2000000000000       3.431492748845065E-011   70.0000000000000     
   18.4000000000000       6.907029782989673E-011   70.0000000000000     
   18.6000000000000       6.192842935374678E-011   70.0000000000000     
   18.8000000000000       1.747283506976961E-011   70.0000000000000     
   19.0000000000000      -3.722795537637772E-011   70.0000000000000     
   19.2000000000000      -6.909261012948251E-011   70.0000000000000     
   19.4000000000000      -5.903194149626593E-011   70.0000000000000     
   19.6000000000000      -1.338967179492681E-011   70.0000000000000     
   19.8000000000000       4.004119665979232E-011   70.0000000000000     
   20.0000000000000       6.893407593784791E-011   70.0000000000000     
   20.2000000000000       5.598575730248479E-011   70.0000000000000     
   20.4000000000000       9.283320180802269E-012   70.0000000000000     
   20.6000000000000      -4.273320827411513E-011   70.0000000000000     
   20.8000000000000      -6.858252473572277E-011   70.0000000000000     
   21.0000000000000      -5.279432475565297E-011   70.0000000000000     
   21.2000000000000      -5.171938448687449E-012   70.0000000000000     
   21.4000000000000       4.528326265699009E-011   70.0000000000000     
   21.6000000000000       6.802704743658483E-011   70.0000000000000     
   21.8000000000000       4.946262894399484E-011   70.0000000000000     
   22.0000000000000       1.072663440505998E-012   70.0000000000000     
   22.2000000000000      -4.767304953217691E-011   70.0000000000000     
   22.4000000000000      -6.725943938621956E-011   70.0000000000000     
   22.6000000000000      -4.599721904390930E-011   70.0000000000000     
   22.8000000000000       2.997860006614148E-012   70.0000000000000     
   23.0000000000000       4.988666713533117E-011   70.0000000000000     
   23.2000000000000       6.627468743353042E-011   70.0000000000000     
   23.4000000000000       4.240712050520856E-011   70.0000000000000     
   23.6000000000000      -7.022258238580554E-012   70.0000000000000     
   23.8000000000000      -5.190924445066236E-011   70.0000000000000     
   24.0000000000000      -6.506959385427458E-011   70.0000000000000     
   24.2000000000000      -3.870258378084004E-011   70.0000000000000     
   24.4000000000000       1.098350883678318E-011   70.0000000000000     
   24.6000000000000       5.372789926017598E-011   70.0000000000000     
   24.8000000000000       6.364373790080573E-011   70.0000000000000     
   25.0000000000000       3.489619263202372E-011   70.0000000000000     
   25.2000000000000      -1.486360440903565E-011   70.0000000000000     
   25.4000000000000      -5.533022478513771E-011   70.0000000000000     
   25.6000000000000      -6.199799568165716E-011   70.0000000000000     
   25.8000000000000      -3.100175500404568E-011   70.0000000000000     
   26.0000000000000       1.864391238700619E-011   70.0000000000000     
   26.2000000000000       5.670359482625764E-011   70.0000000000000     
   26.4000000000000       6.013265995924694E-011   70.0000000000000     
   26.6000000000000       2.703133775742503E-011   70.0000000000000     
   26.8000000000000      -2.230889812301852E-011   70.0000000000000     
   27.0000000000000      -5.783914767550601E-011   70.0000000000000     
   27.2000000000000      -5.805110611423137E-011   70.0000000000000     
   27.4000000000000      -2.299804828588150E-011   70.0000000000000     
   27.6000000000000       2.584469747924002E-011   70.0000000000000     
   27.8000000000000       5.873201611622106E-011   70.0000000000000     
   28.0000000000000       5.576175802967133E-011   70.0000000000000     
   28.2000000000000       1.891954587636732E-011   70.0000000000000     
   28.4000000000000      -2.923453710509312E-011   70.0000000000000     
   28.6000000000000      -5.937641414900477E-011   70.0000000000000     
   28.8000000000000      -5.327374080536937E-011   70.0000000000000     
   29.0000000000000      -1.481516836801847E-011   70.0000000000000     
   29.2000000000000       3.245941038530535E-011   70.0000000000000     
   29.4000000000000       5.976375733582399E-011   70.0000000000000     
   29.6000000000000       5.059256645120717E-011   70.0000000000000     
   29.8000000000000       1.069979139554339E-011   70.0000000000000     
   30.0000000000000      -3.550505435185347E-011   70.0000000000000     
   30.2000000000000      -5.988929478319366E-011   70.0000000000000     
   30.4000000000000      -4.772527646474407E-011   70.0000000000000     
   30.6000000000000      -6.586583710363488E-012   70.0000000000000     
   30.8000000000000       3.836207949115751E-011   70.0000000000000     
   31.0000000000000       5.975514278086847E-011   70.0000000000000     
   31.2000000000000       4.468591353962128E-011   70.0000000000000     
   31.4000000000000       2.494027726473896E-012   70.0000000000000     
   31.6000000000000      -4.101859229537119E-011   70.0000000000000     
   31.8000000000000      -5.936386970573984E-011   70.0000000000000     
   32.0000000000000      -4.149129695211112E-011   70.0000000000000     
   32.2000000000000       1.555211767876660E-012   70.0000000000000     
   32.4000000000000       4.345785983300697E-011   70.0000000000000     
   32.6000000000000       5.871296933977803E-011   70.0000000000000     
   32.8000000000000       3.815321892358300E-011   70.0000000000000     
   33.0000000000000      -5.542968921748431E-012   70.0000000000000     
   33.2000000000000      -4.566625554466217E-011   70.0000000000000     
   33.4000000000000      -5.780057008934660E-011   70.0000000000000     
   33.6000000000000      -3.468083121163029E-011   70.0000000000000     
   33.8000000000000       9.456972693068736E-012   70.0000000000000     
   34.0000000000000       4.763819086597693E-011   70.0000000000000     
   34.2000000000000       5.663300341663796E-011   70.0000000000000     
   34.4000000000000       3.108946409693611E-011   70.0000000000000     
   34.6000000000000      -1.328241250909516E-011   70.0000000000000     
   34.8000000000000      -4.936967573991542E-011   70.0000000000000     
   35.0000000000000      -5.522166914070872E-011   70.0000000000000     
   35.2000000000000      -2.740156347209525E-011   70.0000000000000     
   35.4000000000000       1.699687741618337E-011   70.0000000000000     
   35.6000000000000       5.084985829517368E-011   70.0000000000000     
   35.8000000000000       5.357259504250292E-011   70.0000000000000     
   36.0000000000000       2.363615481147427E-011   70.0000000000000     
   36.2000000000000      -2.057898619553989E-011   70.0000000000000     
   36.4000000000000      -5.206602767454308E-011   70.0000000000000     
   36.6000000000000      -5.168672783503743E-011   70.0000000000000     
   36.8000000000000      -1.980420561808915E-011   70.0000000000000     
   37.0000000000000       2.401724991066504E-011   70.0000000000000     
   37.2000000000000       5.301521122391810E-011   70.0000000000000     
   37.4000000000000       4.957226942203914E-011   70.0000000000000     
   37.6000000000000       1.591956452463184E-011   70.0000000000000     
   37.8000000000000      -2.730243092960416E-011   70.0000000000000     
   38.0000000000000      -5.370117136142079E-011   70.0000000000000     
   38.2000000000000      -4.724685852228952E-011   70.0000000000000     
   38.4000000000000      -1.200597414365224E-011   70.0000000000000     
   38.6000000000000       3.041691823581924E-011   70.0000000000000     
   38.8000000000000       5.412207160632468E-011   70.0000000000000     
   39.0000000000000       4.472579602383144E-011   70.0000000000000     
   39.2000000000000       8.088080688429465E-012   70.0000000000000     
   39.4000000000000      -3.333918279704268E-011   70.0000000000000     
   39.6000000000000      -5.426948104435708E-011   70.0000000000000     
   39.8000000000000      -4.201572181649711E-011   70.0000000000000     
   40.0000000000000      -4.180938555240642E-012   70.0000000000000     
   40.2000000000000       3.605648018596766E-011   70.0000000000000     
   40.4000000000000       5.414089746840715E-011   70.0000000000000     
   40.6000000000000       3.912461551972880E-011   70.0000000000000     
   40.8000000000000       2.956324026954411E-013   70.0000000000000     
   41.0000000000000      -3.856464078246639E-011   70.0000000000000     
   41.2000000000000      -5.374498476544579E-011   70.0000000000000     
   41.4000000000000      -3.607151873410676E-011   70.0000000000000     
   41.6000000000000       3.548306285644848E-012   70.0000000000000     
   41.8000000000000       4.085527034633190E-011   70.0000000000000     
   42.0000000000000       5.309082047749143E-011   70.0000000000000     
   42.2000000000000       3.287993747723392E-011   70.0000000000000     
   42.4000000000000      -7.323962825761325E-012   70.0000000000000     
   42.6000000000000      -4.291092363008573E-011   70.0000000000000     
   42.8000000000000      -5.217795682080214E-011   70.0000000000000     
   43.0000000000000      -2.956458749720025E-011   70.0000000000000     
   43.2000000000000       1.101112385974256E-011   70.0000000000000     
   43.4000000000000       4.471732846207034E-011   70.0000000000000     
   43.6000000000000       5.100442436944191E-011   70.0000000000000     
   43.8000000000000       2.613361539424128E-011   70.0000000000000     
   44.0000000000000      -1.460030158615751E-011   70.0000000000000     
   44.2000000000000      -4.627293828130322E-011   70.0000000000000     
   44.4000000000000      -4.958006005508598E-011   70.0000000000000     
   44.6000000000000      -2.260324143880235E-011   70.0000000000000     
   44.8000000000000       1.807949995366129E-011   70.0000000000000     
   45.0000000000000       4.757960985387299E-011   70.0000000000000     
   45.2000000000000       4.792292842308646E-011   70.0000000000000     
   45.4000000000000       1.900074102505427E-011   70.0000000000000     
   45.6000000000000      -2.142505269230005E-011   70.0000000000000     
   45.8000000000000      -4.862881090746421E-011   70.0000000000000     
   46.0000000000000      -4.604337259557932E-011   70.0000000000000     
   46.2000000000000      -1.534929631285750E-011   70.0000000000000     
   46.4000000000000       2.461308870109586E-011   70.0000000000000     
   46.6000000000000       4.940716155858695E-011   70.0000000000000     
   46.8000000000000       4.394248327350069E-011   70.0000000000000     
   47.0000000000000       1.165957205892619E-011   70.0000000000000     
   47.2000000000000      -2.763337422858041E-011   70.0000000000000     
   47.4000000000000      -4.991321035447934E-011   70.0000000000000     
   47.6000000000000      -4.162878970913094E-011   70.0000000000000     
   47.8000000000000      -7.943328041831835E-012   70.0000000000000     
   48.0000000000000       3.048120800580976E-011   70.0000000000000     
   48.2000000000000       5.015627483268832E-011   70.0000000000000     
   48.4000000000000       3.912424185268465E-011   70.0000000000000     
   48.6000000000000       4.225457328704919E-012   70.0000000000000     
   48.8000000000000      -3.314151631700977E-011   70.0000000000000     
   49.0000000000000      -5.013958918941762E-011   70.0000000000000     
   49.2000000000000      -3.644954073216305E-011   70.0000000000000     
   49.4000000000000      -5.342600693759224E-013   70.0000000000000     
   49.6000000000000       3.559177863136112E-011   70.0000000000000     
   49.8000000000000       4.985585185352556E-011   70.0000000000000     
   50.0000000000000       3.361314016754744E-011   70.0000000000000     
   50.2000000000000      -3.114012190905978E-012   70.0000000000000     
   50.4000000000000      -3.781900474882135E-011   70.0000000000000     
   50.6000000000000      -4.930251659833634E-011   70.0000000000000     
   50.8000000000000      -3.062199155360791E-011   70.0000000000000     
   51.0000000000000       6.710936535884275E-012   70.0000000000000     
   51.2000000000000       3.982278478656419E-011   70.0000000000000     
   51.4000000000000       4.849150927482448E-011   70.0000000000000     
   51.6000000000000       2.749610278564696E-011   70.0000000000000     
   51.8000000000000      -1.023922747920276E-011   70.0000000000000     
   52.0000000000000      -4.159957582167744E-011   70.0000000000000     
   52.2000000000000      -4.743744525574000E-011   70.0000000000000     
   52.4000000000000      -2.426294114289402E-011   70.0000000000000     
   52.6000000000000       1.367102418506079E-011   70.0000000000000     
   52.8000000000000       4.313392180745674E-011   70.0000000000000     
   53.0000000000000       4.614337408368361E-011   70.0000000000000     
   53.2000000000000       2.094035902568326E-011   70.0000000000000     
   53.4000000000000      -1.698456986142546E-011   70.0000000000000     
   53.6000000000000      -4.441159489031197E-011   70.0000000000000     
   53.8000000000000      -4.460792582442040E-011   70.0000000000000     
   54.0000000000000      -1.753644666834563E-011   70.0000000000000     
   54.2000000000000       2.017156056663410E-011   70.0000000000000     
   54.4000000000000       4.543270680497076E-011   70.0000000000000     
   54.6000000000000       4.284169592997154E-011   70.0000000000000     
   54.8000000000000       1.406612932365524E-011   70.0000000000000     
   55.0000000000000      -2.322340475021238E-011   70.0000000000000     
   55.2000000000000      -4.620335077395738E-011   70.0000000000000     
   55.4000000000000      -4.086580124936038E-011   70.0000000000000     
   55.6000000000000      -1.055689609174357E-011   70.0000000000000     
   55.8000000000000       2.611939537878677E-011   70.0000000000000     
   56.0000000000000       4.671990080984800E-011   70.0000000000000     
   56.2000000000000       3.869528377573177E-011   70.0000000000000     
   56.4000000000000       7.034476142887126E-012   70.0000000000000     
   56.6000000000000      -2.883601812545660E-011   70.0000000000000     
   56.8000000000000      -4.697153060279181E-011   70.0000000000000     
   57.0000000000000      -3.633438955099500E-011   70.0000000000000     
   57.2000000000000      -3.511832927419880E-012   70.0000000000000     
   57.4000000000000       3.136208525971397E-011   70.0000000000000     
   57.6000000000000       4.695655962779898E-011   70.0000000000000     
   57.8000000000000       3.379103001302274E-011   70.0000000000000     
   58.0000000000000      -9.456179755542925E-016   70.0000000000000     
   58.2000000000000      -3.369520046590993E-011   70.0000000000000     
   58.4000000000000      -4.668584434253423E-011   70.0000000000000     
   58.6000000000000      -3.108637260296232E-011   70.0000000000000     
   58.8000000000000       3.482739166731031E-012   70.0000000000000     
   59.0000000000000       3.582622560894708E-011   70.0000000000000     
   59.2000000000000       4.616862791551581E-011   70.0000000000000     
   59.4000000000000       2.824483458762545E-011   70.0000000000000     
   59.6000000000000      -6.905278775445579E-012   70.0000000000000     
   59.8000000000000      -3.773624949187822E-011   70.0000000000000     
   60.0000000000000      -4.540316644150793E-011   70.0000000000000     
   60.2000000000000      -2.528020924162725E-011   70.0000000000000     
   60.4000000000000       1.024876904976078E-011   70.0000000000000     
   60.6000000000000       3.941085185778508E-011   70.0000000000000     
   60.8000000000000       4.438680108219661E-011   70.0000000000000     
   61.0000000000000       2.219954960772620E-011   70.0000000000000     
   61.2000000000000      -1.350496802762710E-011   70.0000000000000     
   61.4000000000000      -4.084956708834599E-011   70.0000000000000     
   61.6000000000000      -4.312999927894977E-011   70.0000000000000     
   61.8000000000000      -1.901910643053264E-011   70.0000000000000     
   62.0000000000000       1.666240598258863E-011   70.0000000000000     
   62.2000000000000       4.205512387645658E-011   70.0000000000000     
   62.4000000000000       4.165176031084621E-011   70.0000000000000     
   62.6000000000000       1.576691460780621E-011   70.0000000000000     
   62.8000000000000      -1.969695132832201E-011   70.0000000000000     
   63.0000000000000      -4.301882036739228E-011   70.0000000000000     
   63.2000000000000      -3.996250000549777E-011   70.0000000000000     
   63.4000000000000      -1.246643260337222E-011   70.0000000000000     
   63.6000000000000       2.258425468439711E-011   70.0000000000000     
   63.8000000000000       4.372660365139124E-011   70.0000000000000     
   64.0000000000000       3.806252796951657E-011   70.0000000000000     
   64.2000000000000       9.127643237418193E-012   70.0000000000000     
   64.4000000000000      -2.531437888150377E-011   70.0000000000000     
   64.6000000000000      -4.417669024469522E-011   70.0000000000000     
   64.8000000000000      -3.595935423587212E-011   70.0000000000000     
   65.0000000000000      -5.760802013186050E-012   70.0000000000000     
   65.2000000000000       2.788419629839938E-011   70.0000000000000     
   65.4000000000000       4.437957132531455E-011   70.0000000000000     
   65.6000000000000       3.367537379439275E-011   70.0000000000000     
   65.8000000000000       2.390457056806767E-012   70.0000000000000     
   66.0000000000000      -3.027957043483593E-011   70.0000000000000     
   66.2000000000000      -4.433968570980393E-011   70.0000000000000     
   66.4000000000000      -3.123248069763840E-011   70.0000000000000     
   66.6000000000000       9.540334953052168E-013   70.0000000000000     
   66.8000000000000       3.247704072373960E-011   70.0000000000000     
   67.0000000000000       4.404887117085871E-011   70.0000000000000     
   67.2000000000000       2.863842017094482E-011   70.0000000000000     
   67.4000000000000      -4.256746611781420E-012   70.0000000000000     
   67.6000000000000      -3.446327339804666E-011   70.0000000000000     
   67.8000000000000      -4.350339340028325E-011   70.0000000000000     
   68.0000000000000      -2.589822269022370E-011   70.0000000000000     
   68.2000000000000       7.511483725049102E-012   70.0000000000000     
   68.4000000000000       3.623977751745260E-011   70.0000000000000     
   68.6000000000000       4.271625291253038E-011   70.0000000000000     
   68.8000000000000       2.303188664013326E-011   70.0000000000000     
   69.0000000000000      -1.070191096954270E-011   70.0000000000000     
   69.2000000000000      -3.780448689717743E-011   70.0000000000000     
   69.4000000000000      -4.170360615214173E-011   70.0000000000000     
   69.6000000000000      -2.006819796787815E-011   70.0000000000000     
   69.8000000000000       1.379910531760460E-011   70.0000000000000     
   70.0000000000000       3.914101894117356E-011   70.0000000000000     
