   10.0000000000000       6.417338671942423E-011   70.0000000000000     
   10.2000000000000       8.443303281433846E-011   70.0000000000000     
   10.4000000000000       5.457639285880785E-011   70.0000000000000     
   10.6000000000000      -7.322127242210950E-012   70.0000000000000     
   10.8000000000000      -6.433711921232757E-011   70.0000000000000     
   11.0000000000000      -8.270482272052769E-011   70.0000000000000     
   11.2000000000000      -5.183579791804673E-011   70.0000000000000     
   11.4000000000000       9.547852226536097E-012   70.0000000000000     
   11.6000000000000       6.472845267161547E-011   70.0000000000000     
   11.8000000000000       8.094320148005152E-011   70.0000000000000     
   12.0000000000000       4.885170447698850E-011   70.0000000000000     
   12.2000000000000      -1.205804229348551E-011   70.0000000000000     
   12.4000000000000      -6.527081782321191E-011   70.0000000000000     
   12.6000000000000      -7.912406190690753E-011   70.0000000000000     
   12.8000000000000      -4.566038848330277E-011   70.0000000000000     
   13.0000000000000       1.478178332154320E-011   70.0000000000000     
   13.2000000000000       6.590109538232980E-011   70.0000000000000     
   13.4000000000000       7.722657260442432E-011   70.0000000000000     
   13.6000000000000       4.229157762525084E-011   70.0000000000000     
   13.8000000000000      -1.765918768386839E-011   70.0000000000000     
   14.0000000000000      -6.656478242073364E-011   70.0000000000000     
   14.2000000000000      -7.523143833720598E-011   70.0000000000000     
   14.4000000000000      -3.876914150256919E-011   70.0000000000000     
   14.6000000000000       2.063993269125634E-011   70.0000000000000     
   14.8000000000000       6.721531973396997E-011   70.0000000000000     
   15.0000000000000       7.312165452338036E-011   70.0000000000000     
   15.2000000000000       3.511281469476364E-011   70.0000000000000     
   15.4000000000000      -2.368166615129314E-011   70.0000000000000     
   15.6000000000000      -6.781361365572013E-011   70.0000000000000     
   15.8000000000000      -7.088342711095931E-011   70.0000000000000     
   16.0000000000000      -3.133994557334593E-011   70.0000000000000     
   16.2000000000000       2.674851939982873E-011   70.0000000000000     
   16.4000000000000       6.832784465485976E-011   70.0000000000000     
   16.6000000000000       6.850774836413396E-011   70.0000000000000     
   16.8000000000000       2.746856080223968E-011   70.0000000000000     
   17.0000000000000      -2.980740117620080E-011   70.0000000000000     
   17.2000000000000      -6.873012097184032E-011   70.0000000000000     
   17.4000000000000      -6.598814781634358E-011   70.0000000000000     
   17.6000000000000      -2.351645879414036E-011   70.0000000000000     
   17.8000000000000       3.282777965033527E-011   70.0000000000000     
   18.0000000000000       6.899559939584236E-011   70.0000000000000     
   18.2000000000000       6.331960075003630E-011   70.0000000000000     
   18.4000000000000       1.950017564507135E-011   70.0000000000000     
   18.6000000000000      -3.578258056403586E-011   70.0000000000000     
   18.8000000000000      -6.910325528730443E-011   70.0000000000000     
   19.0000000000000      -6.049913544660934E-011   70.0000000000000     
   19.2000000000000      -1.543529041759183E-011   70.0000000000000     
   19.4000000000000       3.864838524214015E-011   70.0000000000000     
   19.6000000000000       6.903672937922124E-011   70.0000000000000     
   19.8000000000000       5.752729725971252E-011   70.0000000000000     
   20.0000000000000       1.133824587211142E-011   70.0000000000000     
   20.2000000000000      -4.140369197360458E-011   70.0000000000000     
   20.4000000000000      -6.878315318751108E-011   70.0000000000000     
   20.6000000000000      -5.440790244014248E-011   70.0000000000000     
   20.8000000000000      -7.227158154175305E-012   70.0000000000000     
   21.0000000000000       4.402719370208964E-011   70.0000000000000     
   21.2000000000000       6.833087095807791E-011   70.0000000000000     
   21.4000000000000       5.114565797620682E-011   70.0000000000000     
   21.6000000000000       3.119757077983080E-012   70.0000000000000     
   21.8000000000000      -4.649922053141859E-011   70.0000000000000     
   22.0000000000000      -6.767013260221957E-011   70.0000000000000     
   22.2000000000000      -4.774612227933409E-011   70.0000000000000     
   22.4000000000000       9.672652401509909E-013   70.0000000000000     
   22.6000000000000       4.880283231743298E-011   70.0000000000000     
   22.8000000000000       6.679444433262697E-011   70.0000000000000     
   23.0000000000000       4.421713701584817E-011   70.0000000000000     
   23.2000000000000      -5.016905760362500E-012   70.0000000000000     
   23.4000000000000      -5.092269925452000E-011   70.0000000000000     
   23.6000000000000      -6.569979140800587E-011   70.0000000000000     
   23.8000000000000      -4.056844963455989E-011   70.0000000000000     
   24.0000000000000       9.011844679601069E-012   70.0000000000000     
   24.2000000000000       5.284480327852308E-011   70.0000000000000     
   24.4000000000000       6.438418258977103E-011   70.0000000000000     
   24.6000000000000       3.681122743776718E-011   70.0000000000000     
   24.8000000000000      -1.293490645402199E-011   70.0000000000000     
   25.0000000000000      -5.455693260742279E-011   70.0000000000000     
   25.2000000000000      -6.284834928435138E-011   70.0000000000000     
   25.4000000000000      -3.295919214118747E-011   70.0000000000000     
   25.6000000000000       1.676729042856286E-011   70.0000000000000     
   25.8000000000000       5.604620692704770E-011   70.0000000000000     
   26.0000000000000       6.109268916138732E-011   70.0000000000000     
   26.2000000000000       2.902530711967214E-011   70.0000000000000     
   26.4000000000000      -2.049167074974125E-011   70.0000000000000     
   26.6000000000000      -5.730145399705531E-011   70.0000000000000     
   26.8000000000000      -5.911848269755260E-011   70.0000000000000     
   27.0000000000000      -2.502156506861862E-011   70.0000000000000     
   27.2000000000000       2.409388470186564E-011   70.0000000000000     
   27.4000000000000       5.831618824546695E-011   70.0000000000000     
   27.6000000000000       5.693176499223315E-011   70.0000000000000     
   27.8000000000000       2.096318777400084E-011   70.0000000000000     
   28.0000000000000      -2.755907774751571E-011   70.0000000000000     
   28.2000000000000      -5.908579841923489E-011   70.0000000000000     
   28.4000000000000      -5.454217069198582E-011   70.0000000000000     
   28.6000000000000      -1.686953331915222E-011   70.0000000000000     
   28.8000000000000       3.086865849519693E-011   70.0000000000000     
   29.0000000000000       5.960269333828445E-011   70.0000000000000     
   29.2000000000000       5.195699585866660E-011   70.0000000000000     
   29.4000000000000       1.275808925577163E-011   70.0000000000000     
   29.6000000000000      -3.400526089471656E-011   70.0000000000000     
   29.8000000000000      -5.985923948402689E-011   70.0000000000000     
   30.0000000000000      -4.918147508977000E-011   70.0000000000000     
   30.2000000000000      -8.641933515947375E-012   70.0000000000000     
   30.4000000000000       3.695774300733953E-011   70.0000000000000     
   30.6000000000000       5.985442016404842E-011   70.0000000000000     
   30.8000000000000       4.622600372098084E-011   70.0000000000000     
   31.0000000000000       4.536308428022639E-012   70.0000000000000     
   31.2000000000000      -3.971639367422383E-011   70.0000000000000     
   31.4000000000000      -5.959169686197181E-011   70.0000000000000     
   31.6000000000000      -4.310711782399518E-011   70.0000000000000     
   31.8000000000000      -4.626677273176948E-013   70.0000000000000     
   32.0000000000000       4.226642139234608E-011   70.0000000000000     
   32.2000000000000       5.907112923323993E-011   70.0000000000000     
   32.4000000000000       3.983966754696201E-011   70.0000000000000     
   32.6000000000000      -3.557604119306534E-012   70.0000000000000     
   32.8000000000000      -4.459142642468513E-011   70.0000000000000     
   33.0000000000000      -5.828928031165772E-011   70.0000000000000     
   33.2000000000000      -3.643307783227877E-011   70.0000000000000     
   33.4000000000000       7.509941478940943E-012   70.0000000000000     
   33.6000000000000       4.668193676700338E-011   70.0000000000000     
   33.8000000000000       5.724796728377275E-011   70.0000000000000     
   34.0000000000000       3.289869653372734E-011   70.0000000000000     
   34.2000000000000      -1.138201878518757E-011   70.0000000000000     
   34.4000000000000      -4.853447510473662E-011   70.0000000000000     
   34.6000000000000      -5.595720882144769E-011   70.0000000000000     
   34.8000000000000      -2.925616510923823E-011   70.0000000000000     
   35.0000000000000       1.515505019891905E-011   70.0000000000000     
   35.2000000000000       5.014210118193812E-011   70.0000000000000     
   35.4000000000000       5.442681009503738E-011   70.0000000000000     
   35.6000000000000       2.552775639601912E-011   70.0000000000000     
   35.8000000000000      -1.880541309474845E-011   70.0000000000000     
   36.0000000000000      -5.149141747059175E-011   70.0000000000000     
   36.2000000000000      -5.265903820829060E-011   70.0000000000000     
   36.4000000000000      -2.172786005710023E-011   70.0000000000000     
   36.6000000000000       2.231655697611073E-011   70.0000000000000     
   36.8000000000000       5.257376300841883E-011   70.0000000000000     
   37.0000000000000       5.065708644913192E-011   70.0000000000000     
   37.2000000000000       1.786718226978423E-011   70.0000000000000     
   37.4000000000000      -2.567984189508101E-011   70.0000000000000     
   37.6000000000000      -5.339096991501579E-011   70.0000000000000     
   37.8000000000000      -4.843476384698050E-011   70.0000000000000     
   38.0000000000000      -1.396468973551785E-011   70.0000000000000     
   38.2000000000000       2.888243140049010E-011   70.0000000000000     
   38.4000000000000       5.394524858952204E-011   70.0000000000000     
   38.6000000000000       4.601022079344338E-011   70.0000000000000     
   38.8000000000000       1.004637721954012E-011   70.0000000000000     
   39.0000000000000      -3.190317615278051E-011   70.0000000000000     
   39.2000000000000      -5.423040832199912E-011   70.0000000000000     
   39.4000000000000      -4.339409505900872E-011   70.0000000000000     
   39.6000000000000      -6.132550415049511E-012   70.0000000000000     
   39.8000000000000       3.472378199690078E-011   70.0000000000000     
   40.0000000000000       5.423934051917457E-011   70.0000000000000     
   40.2000000000000       4.059187650869709E-011   70.0000000000000     
   40.4000000000000       2.234620235558924E-012   70.0000000000000     
   40.6000000000000      -3.733697890806414E-011   70.0000000000000     
   40.8000000000000      -5.397561534859313E-011   70.0000000000000     
   41.0000000000000      -3.761676707553354E-011   70.0000000000000     
   41.2000000000000       1.633165692277515E-012   70.0000000000000     
   41.4000000000000       3.973810846872475E-011   70.0000000000000     
   41.6000000000000       5.344998924729351E-011   70.0000000000000     
   41.8000000000000       3.449182879344179E-011   70.0000000000000     
   42.0000000000000      -5.446244207102483E-012   70.0000000000000     
   42.2000000000000      -4.191363103146662E-011   70.0000000000000     
   42.4000000000000      -5.266701445258325E-011   70.0000000000000     
   42.6000000000000      -3.123723924659835E-011   70.0000000000000     
   42.8000000000000       9.179344692532859E-012   70.0000000000000     
   43.0000000000000       4.384565597514918E-011   70.0000000000000     
   43.2000000000000       5.162350375723275E-011   70.0000000000000     
   43.4000000000000       2.786287452092036E-011   70.0000000000000     
   43.6000000000000      -1.281845560206473E-011   70.0000000000000     
   43.8000000000000      -4.552623552856176E-011   70.0000000000000     
   44.0000000000000      -5.032247417253888E-011   70.0000000000000     
   44.2000000000000      -2.437928387989382E-011   70.0000000000000     
   44.4000000000000       1.635489031338145E-011   70.0000000000000     
   44.6000000000000       4.695761987250005E-011   70.0000000000000     
   44.8000000000000       4.877961196955755E-011   70.0000000000000     
   45.0000000000000       2.080924732896375E-011   70.0000000000000     
   45.2000000000000      -1.977071026531901E-011   70.0000000000000     
   45.4000000000000      -4.813734088121565E-011   70.0000000000000     
   45.6000000000000      -4.701083519744756E-011   70.0000000000000     
   45.8000000000000      -1.718025623757372E-011   70.0000000000000     
   46.0000000000000       2.303974123402391E-011   70.0000000000000     
   46.2000000000000       4.905233132117361E-011   70.0000000000000     
   46.4000000000000       4.502042941757067E-011   70.0000000000000     
   46.6000000000000       1.350874320070493E-011   70.0000000000000     
   46.8000000000000      -2.614439288141317E-011   70.0000000000000     
   47.0000000000000      -4.969370742800616E-011   70.0000000000000     
   47.2000000000000      -4.281107221006834E-011   70.0000000000000     
   47.4000000000000      -9.803508427908037E-012   70.0000000000000     
   47.6000000000000       2.907945435236309E-011   70.0000000000000     
   47.8000000000000       5.006709480192350E-011   70.0000000000000     
   48.0000000000000       4.039882241540287E-011   70.0000000000000     
   48.2000000000000       6.082671900391940E-012   70.0000000000000     
   48.4000000000000      -3.183623474535509E-011   70.0000000000000     
   48.6000000000000      -5.018073528759019E-011   70.0000000000000     
   48.8000000000000      -3.780737305213822E-011   70.0000000000000     
   49.0000000000000      -2.375152624930060E-012   70.0000000000000     
   49.2000000000000       3.439409952174063E-011   70.0000000000000     
   49.4000000000000       5.003159013705797E-011   70.0000000000000     
   49.6000000000000       3.505131627530528E-011   70.0000000000000     
   49.8000000000000      -1.295746652217613E-012   70.0000000000000     
   50.0000000000000      -3.673345316726881E-011   70.0000000000000     
   50.2000000000000      -4.961243180074466E-011   70.0000000000000     
   50.4000000000000      -3.213602054722700E-011   70.0000000000000     
   50.6000000000000       4.919617832481462E-012   70.0000000000000     
   50.8000000000000       3.884876084675480E-011   70.0000000000000     
   51.0000000000000       4.892813330676312E-011   70.0000000000000     
   51.2000000000000       2.907412888702444E-011   70.0000000000000     
   51.4000000000000      -8.485312639089000E-012   70.0000000000000     
   51.6000000000000      -4.074030749029222E-011   70.0000000000000     
   51.8000000000000      -4.799436018062479E-011   70.0000000000000     
   52.0000000000000      -2.589145503053926E-011   70.0000000000000     
   52.2000000000000       1.196889747420276E-011   70.0000000000000     
   52.4000000000000       4.239821278489385E-011   70.0000000000000     
   52.6000000000000       4.682062160972877E-011   70.0000000000000     
   52.8000000000000       2.261226892255124E-011   70.0000000000000     
   53.0000000000000      -1.534332187339886E-011   70.0000000000000     
   53.2000000000000      -4.380518125037870E-011   70.0000000000000     
   53.4000000000000      -4.540554753577703E-011   70.0000000000000     
   53.6000000000000      -1.924798037203736E-011   70.0000000000000     
   53.8000000000000       1.859418924339143E-011   70.0000000000000     
   54.0000000000000       4.495375581056251E-011   70.0000000000000     
   54.2000000000000       4.375240452806469E-011   70.0000000000000     
   54.4000000000000       1.580806252297385E-011   70.0000000000000     
   54.6000000000000      -2.171539041080979E-011   70.0000000000000     
   54.8000000000000      -4.584924083030744E-011   70.0000000000000     
   55.0000000000000      -4.187869736167451E-011   70.0000000000000     
   55.2000000000000      -1.231450316913348E-011   70.0000000000000     
   55.4000000000000       2.469251546184146E-011   70.0000000000000     
   55.6000000000000       4.649408708064650E-011   70.0000000000000     
   55.8000000000000       3.980446993341766E-011   70.0000000000000     
   56.0000000000000       8.796248434198331E-012   70.0000000000000     
   56.2000000000000      -2.750118971779508E-011   70.0000000000000     
   56.4000000000000      -4.687930548269447E-011   70.0000000000000     
   56.6000000000000      -3.753843132208828E-011   70.0000000000000     
   56.8000000000000      -5.272701601242777E-012   70.0000000000000     
   57.0000000000000       3.012304046097542E-011   70.0000000000000     
   57.2000000000000       4.699686502141106E-011   70.0000000000000     
   57.4000000000000       3.508447403197717E-011   70.0000000000000     
   57.6000000000000       1.753212212767688E-012   70.0000000000000     
   57.8000000000000      -3.255302960504800E-011   70.0000000000000     
   58.0000000000000      -4.685235548683143E-011   70.0000000000000     
   58.2000000000000      -3.245720036418711E-011   70.0000000000000     
   58.4000000000000       1.747499778776492E-012   70.0000000000000     
   58.6000000000000       3.478704683959638E-011   70.0000000000000     
   58.8000000000000       4.645793043046254E-011   70.0000000000000     
   59.0000000000000       2.968153700699916E-011   70.0000000000000     
   59.2000000000000      -5.203000091363117E-012   70.0000000000000     
   59.4000000000000      -3.681007161145256E-011   70.0000000000000     
   59.6000000000000      -4.581728905651290E-011   70.0000000000000     
   59.8000000000000      -2.677749727739379E-011   70.0000000000000     
   60.0000000000000       8.587568051560011E-012   70.0000000000000     
   60.2000000000000       3.860330158775797E-011   70.0000000000000     
   60.4000000000000       4.492606498701835E-011   70.0000000000000     
   60.6000000000000       2.375373542740179E-011   70.0000000000000     
   60.8000000000000      -1.188820980630321E-011   70.0000000000000     
   61.0000000000000      -4.015936819635268E-011   70.0000000000000     
   61.2000000000000      -4.378725976140262E-011   70.0000000000000     
   61.4000000000000      -2.062018206575456E-011   70.0000000000000     
   61.6000000000000       1.509729289743179E-011   70.0000000000000     
   61.8000000000000       4.148171045992525E-011   70.0000000000000     
   62.0000000000000       4.241755510431594E-011   70.0000000000000     
   62.2000000000000       1.740018467784137E-011   70.0000000000000     
   62.4000000000000      -1.819680563579390E-011   70.0000000000000     
   62.6000000000000      -4.256818708543304E-011   70.0000000000000     
   62.8000000000000      -4.083341866147691E-011   70.0000000000000     
   63.0000000000000      -1.412184309844356E-011   70.0000000000000     
   63.2000000000000       2.116000211834257E-011   70.0000000000000     
   63.4000000000000       4.340523693957185E-011   70.0000000000000     
   63.6000000000000       3.903876565776141E-011   70.0000000000000     
   63.8000000000000       1.080144216458432E-011   70.0000000000000     
   64.0000000000000      -2.396907847790399E-011   70.0000000000000     
   64.2000000000000      -4.398330537492070E-011   70.0000000000000     
   64.4000000000000      -3.703519591282123E-011   70.0000000000000     
   64.6000000000000      -7.446545849602070E-012   70.0000000000000     
   64.8000000000000       2.661982575992373E-011   70.0000000000000     
   65.0000000000000       4.430839854763470E-011   70.0000000000000     
   65.2000000000000       3.483832194865178E-011   70.0000000000000     
   65.4000000000000       4.074082214456753E-012   70.0000000000000     
   65.6000000000000      -2.910515056134518E-011   70.0000000000000     
   65.8000000000000      -4.439031351117216E-011   70.0000000000000     
   66.0000000000000      -3.247298647727459E-011   70.0000000000000     
   66.2000000000000      -7.135646626942475E-013   70.0000000000000     
   66.4000000000000       3.140431650165266E-011   70.0000000000000     
   66.6000000000000       4.422624391074140E-011   70.0000000000000     
   66.8000000000000       2.995424239651759E-011   70.0000000000000     
   67.0000000000000      -2.610991912313332E-012   70.0000000000000     
   67.2000000000000      -3.349666158485114E-011   70.0000000000000     
   67.4000000000000      -4.380750193136862E-011   70.0000000000000     
   67.6000000000000      -2.728576629919424E-011   70.0000000000000     
   67.8000000000000       5.890711633647116E-012   70.0000000000000     
   68.0000000000000       3.537752857555643E-011   70.0000000000000     
   68.2000000000000       4.313880924230175E-011   70.0000000000000     
   68.4000000000000       2.447896780910168E-011   70.0000000000000     
   68.6000000000000      -9.116436194524430E-012   70.0000000000000     
   68.8000000000000      -3.704937349846194E-011   70.0000000000000     
   69.0000000000000      -4.223760828730118E-011   70.0000000000000     
   69.2000000000000      -2.156070390601780E-011   70.0000000000000     
   69.4000000000000       1.226393281564245E-011   70.0000000000000     
   69.6000000000000       3.850253391646269E-011   70.0000000000000     
   69.8000000000000       4.111388681669266E-011   70.0000000000000     
   70.0000000000000       1.855588433918373E-011   70.0000000000000     
