   10.0000000000000      -1.281022724289452E-011   5.57052402574562     
   10.2000000000000      -1.810137759204915E-011   5.76119368532575     
   10.4000000000000      -2.022906134574725E-011   5.95247574025006     
   10.6000000000000      -1.903660558476149E-011   6.14431299631567     
   10.8000000000000      -1.488862150256351E-011   6.33665502888724     
   11.0000000000000      -8.588386501621635E-012   6.52945722962867     
   11.2000000000000      -1.232810664028491E-012   6.72268000666239     
   11.4000000000000       5.970397339292280E-012   6.91628811071419     
   11.6000000000000       1.189410650177607E-011   7.11025006514079     
   11.8000000000000       1.566230224575650E-011   7.30453768196611     
   12.0000000000000       1.677473732968468E-011   7.49912564941347     
   12.2000000000000       1.516854414004940E-011   7.69399117910329     
   12.4000000000000       1.120987786841810E-011   7.88911370323355     
   12.6000000000000       5.619586314047231E-012   8.08447461378756     
   12.8000000000000      -6.531750088687129E-013   8.28005703720716     
   13.0000000000000      -6.588026813582931E-012   8.47584563909890     
   13.2000000000000      -1.125573109260085E-011   8.67182645445930     
   13.4000000000000      -1.396057536214872E-011   8.86798673965451     
   13.6000000000000      -1.434134690476845E-011   9.06431484300476     
   13.8000000000000      -1.241662289156777E-011   9.26080009132821     
   14.0000000000000      -8.569129797568888E-012   9.45743269021635     
   14.2000000000000      -3.473574042628737E-012   9.65420363615772     
   14.4000000000000       2.019058333597081E-012   9.85110463891381     
   14.6000000000000       7.021277838370050E-012   10.0481280527896     
   14.8000000000000       1.075039664269578E-011   10.2452668156415     
   15.0000000000000       1.264913808639152E-011   10.4425143946328     
   15.2000000000000       1.246726133236659E-011   10.6398647378875     
   15.4000000000000       1.029243392889754E-011   10.8373122313132     
   15.6000000000000       6.526942393181468E-012   11.0348516599635     
   15.8000000000000       1.815310369902242E-012   11.2324781733964     
   16.0000000000000      -3.064426901923461E-012   11.4301872545578     
   16.2000000000000      -7.327751202169859E-012   11.6279746917803     
   16.4000000000000      -1.030845478617807E-011   11.8258365535429     
   16.6000000000000      -1.156157244226092E-011   12.0237691656793     
   16.8000000000000      -1.092869264732648E-011   12.2217690907645     
   17.0000000000000      -8.556237415221973E-012   12.4198331094422     
   17.2000000000000      -4.864931141110495E-012   12.6179582034822     
   17.4000000000000      -4.763920849351704E-013   12.8161415403877     
   17.6000000000000       3.890507057196596E-012   13.0143804593872     
   17.8000000000000       7.536429293064489E-012   13.2126724586704     
   18.0000000000000       9.892676524718478E-012   13.4110151837412     
   18.2000000000000       1.060910138086049E-011   13.6094064167753     
   18.4000000000000       9.605341150263029E-012   13.8078440668843     
   18.6000000000000       7.078007199271720E-012   14.0063261611966     
   18.8000000000000       3.463586889979030E-012   14.2048508366772     
   19.0000000000000      -6.361538060046802E-013   14.4034163326163     
   19.2000000000000      -4.553642971984949E-012   14.6020209837236     
   19.4000000000000      -7.663524439272104E-012   14.8006632137730     
   19.6000000000000      -9.481865312716794E-012   14.9993415297460     
   19.8000000000000      -9.740888113161638E-012   15.1980545164304     
   20.0000000000000      -8.427797855385431E-012   15.3968008314331     
   20.2000000000000      -5.782133823159958E-012   15.5955792005698     
   20.4000000000000      -2.252853817463317E-012   15.7943884136004     
   20.6000000000000       1.577301714896857E-012   15.9932273202785     
   20.8000000000000       5.087513638697537E-012   16.1920948266903     
   21.0000000000000       7.719016309776917E-012   16.3909898918570     
   21.2000000000000       9.063590317349532E-012   16.5899115245799     
   21.4000000000000       8.926473293624218E-012   16.7888587805073     
   21.6000000000000       7.354039475265445E-012   16.9878307594067     
   21.8000000000000       4.622429873040675E-012   17.1868266026242     
   22.0000000000000       1.189542995212348E-012   17.3858454907174     
   22.2000000000000      -2.381314004770661E-012   17.5848866412476     
   22.4000000000000      -5.513472666929739E-012   17.7839493067191     
   22.6000000000000      -7.709660975741062E-012   17.9830327726550     
   22.8000000000000      -8.630615720707565E-012   18.1821363557975     
   23.0000000000000      -8.147162194550578E-012   18.3812594024251     
   23.2000000000000      -6.357836978149241E-012   18.5804012867771     
   23.4000000000000      -3.569703969583634E-012   18.7795614095776     
   23.6000000000000      -2.460111513389109E-013   18.9787391966518     
   23.8000000000000       3.070472179906034E-012   19.1779340976278     
   24.0000000000000       5.845795793948347E-012   19.3771455847187     
   24.2000000000000       7.640506805000548E-012   19.5763731515777     
   24.4000000000000       8.178976418652359E-012   19.7756163122224     
   24.6000000000000       7.391467977176750E-012   19.9748746000236     
   24.8000000000000       5.422569647046792E-012   20.1741475667522     
   25.0000000000000       2.605087967299663E-012   20.3734347816838     
   25.2000000000000      -5.959498126217098E-013   20.5727358307531     
   25.4000000000000      -3.659811549985585E-012   20.7720503157579     
   25.6000000000000      -6.094531368497841E-012   20.9713778536082     
   25.8000000000000      -7.515687216785151E-012   21.1707180756165     
   26.0000000000000      -7.706891623227054E-012   21.3700706268291     
   26.2000000000000      -6.652514701890423E-012   21.5694351653930     
   26.4000000000000      -4.537727387660673E-012   21.7688113619582     
   26.6000000000000      -1.716250470229906E-012   21.9681988991121     
   26.8000000000000       1.348607393935778E-012   22.1675974708442     
   27.0000000000000       4.159838659439291E-012   22.3670067820396     
   27.2000000000000       6.267143543915938E-012   22.5664265479990     
   27.4000000000000       7.338880149769623E-012   22.7658564939837     
   27.6000000000000       7.214101186948621E-012   22.9652963547847     
   27.8000000000000       5.926502697438360E-012   23.1647458743134     
   28.0000000000000       3.696808822491031E-012   23.3642048052132     
   28.2000000000000       8.951126376099069E-013   23.5636729084914     
   28.4000000000000      -2.020388461664216E-012   23.7631499531691     
   28.6000000000000      -4.578169931085882E-012   23.9626357159481     
   28.8000000000000      -6.369489817726293E-012   24.1621299808949     
   29.0000000000000      -7.113563887534751E-012   24.3616325391400     
   29.2000000000000      -6.701438593030092E-012   24.5611431885919     
   29.4000000000000      -5.211735885855500E-012   24.7606617336642     
   29.6000000000000      -2.896010328122850E-012   24.9601879850167     
   29.8000000000000      -1.364242686042056E-013   25.1597217593081     
   30.0000000000000       2.617197908932119E-012   25.3592628789606     
   30.2000000000000       4.920557450475971E-012   25.5588111719355     
   30.4000000000000       6.406444504108119E-012   25.7583664715192     
   30.6000000000000       6.843167580934109E-012   25.9579286161187     
   30.8000000000000       6.170557481379042E-012   26.1574974490669     
   31.0000000000000       4.507985698191595E-012   26.3570728184366     
   31.2000000000000       2.133372363032400E-012   26.5566545768626     
   31.4000000000000      -5.631613765070582E-013   26.7562425813720     
   31.6000000000000      -3.143274156889415E-012   26.9558366932220     
   31.8000000000000      -5.191550850341507E-012   27.1554367777445     
   32.0000000000000      -6.382282990427925E-012   27.3550427041982     
   32.2000000000000      -6.531166725660754E-012   27.5546543456262     
   32.4000000000000      -5.623722468172975E-012   27.7542715787204     
   32.6000000000000      -3.816070800261815E-012   27.9538942836914     
   32.8000000000000      -1.408202673344314E-012   28.1535223441441     
   33.0000000000000       1.205712526907632E-012   28.3531556469584     
   33.2000000000000       3.601761609227839E-012   28.5527940821748     
   33.4000000000000       5.394943325245954E-012   28.7524375428851     
   33.6000000000000       6.300942967162840E-012   28.9520859251270     
   33.8000000000000       6.181129841614818E-012   29.1517391277838     
   34.0000000000000       5.063669207755021E-012   29.3513970524878     
   34.2000000000000       3.137541335682208E-012   29.5510596035272     
   34.4000000000000       7.206737828776507E-013   29.7507266877575     
   34.6000000000000      -1.792449814139455E-012   29.9503982145159     
   34.8000000000000      -3.995104742936336E-012   30.1500740955392     
   35.0000000000000      -5.534067771050980E-012   30.3497542448853     
   35.2000000000000      -6.166190400739999E-012   30.5494385788571     
   35.4000000000000      -5.796742219562054E-012   30.7491270159299     
   35.6000000000000      -4.493492788024059E-012   30.9488194766814     
   35.8000000000000      -2.474466410705237E-012   31.1485158837246     
   36.0000000000000      -7.153697616072159E-014   31.3482161616426     
   36.2000000000000       2.324051947603560E-012   31.5479202369269     
   36.4000000000000       4.325323512067221E-012   31.7476280379169     
   36.6000000000000       5.612007870244546E-012   31.9473394947429     
   36.8000000000000       5.981737961123930E-012   32.1470545392698     
   37.0000000000000       5.381809601397267E-012   32.3467731050442     
   37.2000000000000       3.916548188543955E-012   32.5464951272428     
   37.4000000000000       1.829262533598190E-012   32.7462205426225     
   37.6000000000000      -5.380915801550715E-013   32.9459492894726     
   37.8000000000000      -2.800877646358393E-012   33.1456813075690     
   38.0000000000000      -4.594209686419404E-012   33.3454165381294     
   38.2000000000000      -5.631735233373627E-012   33.5451549237708     
   38.4000000000000      -5.751307929731531E-012   33.7448964084676     
   38.6000000000000      -4.940263892290892E-012   33.9446409375123     
   38.8000000000000      -3.336386426818549E-012   34.1443884574767     
   39.0000000000000      -1.204567466459209E-012   34.3441389161746     
   39.2000000000000       1.106890866266549E-012   34.5438922626262     
   39.4000000000000       3.223129026778992E-012   34.7436484470234     
   39.6000000000000       4.803470579564840E-012   34.9434074206964     
   39.8000000000000       5.596216594465029E-012   35.1431691360812     
   40.0000000000000       5.478684052299109E-012   35.3429335466885     
   40.2000000000000       4.476136695413292E-012   35.5427006070735     
   40.4000000000000       2.756680749419051E-012   35.7424702728070     
   40.6000000000000       6.031312365867324E-013   35.9422425004468     
   40.8000000000000      -1.633457125878172E-012   36.1420172475105     
   41.0000000000000      -3.590972727642179E-012   36.3417944724497     
   41.2000000000000      -4.954827884729809E-012   36.5415741346238     
   41.4000000000000      -5.508471749425305E-012   36.7413561942756     
   41.6000000000000      -5.167733318354624E-012   36.9411406125077     
   41.8000000000000      -3.993549458871330E-012   37.1409273512589     
   42.0000000000000      -2.181171083582743E-012   37.3407163732824     
   42.2000000000000      -2.773642591629680E-014   37.5405076421237     
   42.4000000000000       2.116400917374258E-012   37.7403011220999     
   42.6000000000000       3.904634978646405E-012   37.9400967782793     
   42.8000000000000       5.050095186433524E-012   38.1398945764619     
   43.0000000000000       5.371629037536228E-012   38.3396944831601     
   43.2000000000000       4.822416345276855E-012   38.5394964655804     
   43.4000000000000       3.496685677270383E-012   38.7393004916056     
   43.6000000000000       1.613613939732767E-012   38.9391065297773     
   43.8000000000000      -5.188730902926203E-013   39.1389145492791     
   44.0000000000000      -2.554422733131702E-012   39.3387245199206     
   44.2000000000000      -4.164466875833781E-012   39.5385364121211     
   44.4000000000000      -5.091225030939553E-012   39.7383501968949     
   44.6000000000000      -5.188945212459016E-012   39.9381658458358     
   44.8000000000000      -4.446785233522454E-012   40.1379833311031     
   45.0000000000000      -2.989762674958583E-012   40.3378026254076     
   45.2000000000000      -1.057735457009275E-012   40.5376237019978     
   45.4000000000000       1.034052195868615E-012   40.7374465346467     
   45.6000000000000       2.946373651747391E-012   40.9372710976395     
   45.8000000000000       4.371000350510202E-012   41.1370973657604     
   46.0000000000000       5.080351396476771E-012   41.3369253142814     
   46.2000000000000       4.963819673824521E-012   41.5367549189499     
   46.4000000000000       4.044979192486231E-012   41.7365861559776     
   46.6000000000000       2.477008589976944E-012   41.9364190020293     
   46.8000000000000       5.171833707511585E-013   42.1362534342126     
   47.0000000000000      -1.515303320074508E-012   42.3360894300669     
   47.2000000000000      -3.291303061321279E-012   42.5359269675536     
   47.4000000000000      -4.524983478384273E-012   42.7357660250460     
   47.6000000000000      -5.019805286857552E-012   42.9356065813202     
   47.8000000000000      -4.699802685238204E-012   43.1354486155452     
   48.0000000000000      -3.621206959915219E-012   43.3352921072740     
   48.2000000000000      -1.962624240211620E-012   43.5351370364352     
   48.4000000000000       4.507472918300331E-015   43.7349833833239     
   48.6000000000000       1.960320012279633E-012   43.9348311285937     
   48.8000000000000       3.588497736874683E-012   44.1346802532484     
   49.0000000000000       4.627409730744027E-012   44.3345307386342     
   49.2000000000000       4.912128420664424E-012   44.5343825664321     
   49.4000000000000       4.400584358298659E-012   44.7342357186502     
   49.6000000000000       3.179722538098070E-012   44.9340901776167     
   49.8000000000000       1.450758518486164E-012   45.1339459259726     
   50.0000000000000      -5.039560418509558E-013   45.3338029466649     
   50.2000000000000      -2.367022944804797E-012   45.5336612229400     
   50.4000000000000      -3.837509488939127E-012   45.7335207383370     
   50.6000000000000      -4.679533361035071E-012   45.9333814766813     
   50.8000000000000      -4.760080691329021E-012   46.1332434220786     
   51.0000000000000      -4.069990638423236E-012   46.3331065589087     
   51.2000000000000      -2.724810521516392E-012   46.5329708718196     
   51.4000000000000      -9.454723253642282E-013   46.7328363457221     
   51.6000000000000       9.779671031155074E-013   46.9327029657836     
   51.8000000000000       2.733590218994567E-012   47.1325707174232     
   52.0000000000000       4.038178616944617E-012   47.3324395863062     
   52.2000000000000       4.682882977326022E-012   47.5323095583389     
   52.4000000000000       4.566632582877898E-012   47.7321806196635     
   52.6000000000000       3.711962505407468E-012   47.9320527566535     
   52.8000000000000       2.260753489199062E-012   48.1319259559083     
   53.0000000000000       4.507095045681032E-013   48.3318002042493     
   53.2000000000000      -1.423562736304486E-012   48.5316754887146     
   53.4000000000000      -3.058483282460791E-012   48.7315517965550     
   53.6000000000000      -4.190651156960730E-012   48.9314291152297     
   53.8000000000000      -4.639259905076295E-012   49.1313074324018     
   54.0000000000000      -4.334958056416112E-012   49.3311867359342     
   54.2000000000000      -3.330534274442476E-012   49.5310670138857     
   54.4000000000000      -1.791807471050444E-012   49.7309482545071     
   54.6000000000000       2.973303629115738E-014   49.9308304462373     
   54.8000000000000       1.838010625966267E-012   50.1307135776993     
   55.0000000000000       3.340468435162241E-012   50.3305976376970     
   55.2000000000000       4.295385090439022E-012   50.5304826152114     
   55.4000000000000       4.550743749240628E-012   50.7303684993970     
   55.6000000000000       4.068418051220876E-012   50.9302552795785     
   55.8000000000000       2.929815874146821E-012   51.1301429452477     
   56.0000000000000       1.322170592964028E-012   51.3300314860598     
   56.2000000000000      -4.922369655646700E-013   51.5299208918306     
   56.4000000000000      -2.218848480632140E-012   51.7298111525332     
   56.6000000000000      -3.578632035045493E-012   51.9297022582951     
   56.8000000000000      -4.353159016931622E-012   52.1295941993951     
   57.0000000000000      -4.419676175165372E-012   52.3294869662605     
   57.2000000000000      -3.770544249039027E-012   52.5293805494645     
   57.4000000000000      -2.513962097076489E-012   52.7292749397229     
   57.6000000000000      -8.559559532259400E-013   52.9291701278918     
   57.8000000000000       9.333886412213300E-013   53.1290661049650     
   58.0000000000000       2.563906589847321E-012   53.3289628620712     
   58.2000000000000       3.772391986014924E-012   53.5288603904716     
   58.4000000000000       4.365069810878125E-012   53.7287586815574     
   58.6000000000000       4.248656195746474E-012   53.9286577268474     
   58.8000000000000       3.445017296100979E-012   54.1285575179857     
   59.0000000000000       2.087145465208055E-012   54.3284580467393     
   59.2000000000000       3.971600926469088E-013   54.5283593049960     
   59.4000000000000      -1.350006371104185E-012   54.7282612847619     
   59.6000000000000      -2.871325682581212E-012   54.9281639781597     
   59.8000000000000      -3.921506325111549E-012   55.1280673774261     
   60.0000000000000      -4.332529687467835E-012   55.3279714749100     
   60.2000000000000      -4.040518590469792E-012   55.5278762630706     
   60.4000000000000      -3.095642380324640E-012   55.7277817344752     
   60.6000000000000      -1.653526803195806E-012   55.9276878817973     
   60.8000000000000       5.036516538776744E-014   56.1275946978148     
   61.0000000000000       1.739164448450744E-012   56.3275021754080     
   61.2000000000000       3.139573258768505E-012   56.5274103075581     
   61.4000000000000       4.026079772047215E-012   56.7273190873450     
   61.6000000000000       4.257258221223834E-012   56.9272285079458     
   61.8000000000000       3.798321474568559E-012   57.1271385626333     
   62.0000000000000       2.726321145037821E-012   57.3270492447739     
   62.2000000000000       1.217227004065978E-012   57.5269605478263     
   62.4000000000000      -4.829421062978401E-013   57.7268724653397     
   62.6000000000000      -2.098215763663812E-012   57.9267849909523     
   62.8000000000000      -3.367455086945302E-012   58.1266981183901     
   63.0000000000000      -4.086557588097543E-012   58.3266118414646     
   63.2000000000000      -4.141267738199633E-012   58.5265261540723     
   63.4000000000000      -3.525318736940787E-012   58.7264410501925     
   63.6000000000000      -2.341023195222472E-012   58.9263565238863     
   63.8000000000000      -7.822943089490473E-013   59.1262725692952     
   64.0000000000000       8.970930058403149E-013   59.3261891806394     
   64.2000000000000       2.424810244188083E-012   59.5261063522170     
   64.4000000000000       3.554122632376760E-012   59.7260240784022     
   64.6000000000000       4.103728169068210E-012   59.9259423536443     
   64.8000000000000       3.986852341253083E-012   60.1258611724666     
   65.0000000000000       3.224937178598476E-012   60.3257805294648     
   65.2000000000000       1.943757742667043E-012   60.5257004193061     
   65.4000000000000       3.526757876551562E-013   60.7256208367277     
   65.6000000000000      -1.289567245286926E-012   60.9255417765361     
   65.8000000000000      -2.716913510645144E-012   61.1254632336056     
   66.0000000000000      -3.699082184747115E-012   61.3253852028775     
   66.2000000000000      -4.078712355083875E-012   61.5253076793585     
   66.4000000000000      -3.796564906500010E-012   61.7252306581203     
   66.6000000000000      -2.900749625396555E-012   61.9251541342982     
   66.8000000000000      -1.538542787962368E-012   62.1250781030899     
   67.0000000000000       6.781394279754105E-014   62.3250025597548     
   67.2000000000000       1.657364262275659E-012   62.5249274996131     
   67.4000000000000       2.972819182524406E-012   62.7248529180444     
   67.6000000000000       3.802192833041580E-012   62.9247788104871     
   67.8000000000000       4.012954861485676E-012   63.1247051724375     
   68.0000000000000       3.573198907704043E-012   63.3246319994485     
   68.2000000000000       2.556447507557023E-012   63.5245592871293     
   68.4000000000000       1.129370877875781E-012   63.7244870311440     
   68.6000000000000      -4.755211506971142E-013   63.9244152272109     
   68.8000000000000      -1.997755906936778E-012   64.1243438711017     
   69.0000000000000      -3.191160857783280E-012   64.3242729586408     
   69.2000000000000      -3.863666376402011E-012   64.5242024857042     
   69.4000000000000      -3.908208739105352E-012   64.7241324482189     
   69.6000000000000      -3.319764348702488E-012   64.9240628421620     
   69.8000000000000      -2.195809041749970E-012   65.1239936635603     
   70.0000000000000      -7.201813729118610E-013   65.3239249084886     
