   10.0000000000000      -1.739107732122380E-011   5.57052402574562     
   10.2000000000000      -1.058735076598479E-011   5.76119368532575     
   10.4000000000000      -2.492308880902931E-012   5.95247574025006     
   10.6000000000000       5.557090207910946E-012   6.14431299631567     
   10.8000000000000       1.230306048612719E-011   6.33665502888724     
   11.0000000000000       1.675513589757913E-011   6.52945722962867     
   11.2000000000000       1.832868302063465E-011   6.72268000666239     
   11.4000000000000       1.691520300272732E-011   6.91628811071419     
   11.6000000000000       1.287678285531868E-011   7.11025006514079     
   11.8000000000000       6.968806750827252E-012   7.30453768196611     
   12.0000000000000       2.056525484151004E-013   7.49912564941347     
   12.2000000000000      -6.307817224664137E-012   7.69399117910329     
   12.4000000000000      -1.155183974315750E-011   7.88911370323355     
   12.6000000000000      -1.474720432055834E-011   8.08447461378756     
   12.8000000000000      -1.546745402711748E-011   8.28005703720716     
   13.0000000000000      -1.369208887722615E-011   8.47584563909890     
   13.2000000000000      -9.794728125325756E-012   8.67182645445930     
   13.4000000000000      -4.470302907434942E-012   8.86798673965451     
   13.6000000000000       1.385343981634984E-012   9.06431484300476     
   13.8000000000000       6.823131019392795E-012   9.26080009132821     
   14.0000000000000       1.099184509486878E-011   9.45743269021635     
   14.2000000000000       1.326901738637717E-011   9.65420363615772     
   14.4000000000000       1.335175876819370E-011   9.85110463891381     
   14.6000000000000       1.129461528632006E-011   10.0481280527896     
   14.8000000000000       7.490071477429857E-012   10.2452668156415     
   15.0000000000000       2.596435866296274E-012   10.4425143946328     
   15.2000000000000      -2.574032810591698E-012   10.6398647378875     
   15.4000000000000      -7.188133747099779E-012   10.8373122313132     
   15.6000000000000      -1.052432994237274E-011   11.0348516599635     
   15.8000000000000      -1.208411362787865E-011   11.2324781733964     
   16.0000000000000      -1.166515538238018E-011   11.4301872545578     
   16.2000000000000      -9.385671040498186E-012   11.6279746917803     
   16.4000000000000      -5.657430438424275E-012   11.8258365535429     
   16.6000000000000      -1.112930126880484E-012   12.0237691656793     
   16.8000000000000       3.500649140620305E-012   12.2217690907645     
   17.0000000000000       7.443103172559757E-012   12.4198331094422     
   17.2000000000000       1.009888551447106E-011   12.6179582034822     
   17.4000000000000       1.107224804580825E-011   12.8161415403877     
   17.6000000000000       1.024528717790046E-011   13.0143804593872     
   17.8000000000000       7.790497909395175E-012   13.2126724586704     
   18.0000000000000       4.136870652096834E-012   13.4110151837412     
   18.2000000000000      -1.041121512289736E-013   13.6094064167753     
   18.4000000000000      -4.239962859593495E-012   13.8078440668843     
   18.6000000000000      -7.609450970026537E-012   14.0063261611966     
   18.8000000000000      -9.687579405460049E-012   14.2048508366772     
   19.0000000000000      -1.016671622069599E-011   14.4034163326163     
   19.2000000000000      -9.001440163173241E-012   14.6020209837236     
   19.4000000000000      -6.410666981917787E-012   14.8006632137730     
   19.6000000000000      -2.837555517899968E-012   14.9993415297460     
   19.8000000000000       1.125654739947735E-012   15.1980545164304     
   20.0000000000000       4.835190185538298E-012   15.3968008314331     
   20.2000000000000       7.699745755124767E-012   15.5955792005698     
   20.4000000000000       9.274207257120147E-012   15.7943884136004     
   20.6000000000000       9.328334605629378E-012   15.9932273202785     
   20.8000000000000       7.879866023664072E-012   16.1920948266903     
   21.0000000000000       5.187387037140208E-012   16.3909898918570     
   21.2000000000000       1.704773899140496E-012   16.5899115245799     
   21.4000000000000      -1.994845003794981E-012   16.7888587805073     
   21.6000000000000      -5.312964905762921E-012   16.9878307594067     
   21.8000000000000      -7.722100129177939E-012   17.1868266026242     
   22.0000000000000      -8.849248959295689E-012   17.3858454907174     
   22.2000000000000      -8.533280208037012E-012   17.5848866412476     
   22.4000000000000      -6.847458038394111E-012   17.7839493067191     
   22.6000000000000      -4.084061596432135E-012   17.9830327726550     
   22.8000000000000      -7.041144096728086E-013   18.1821363557975     
   23.0000000000000       2.739178995512532E-012   18.3812594024251     
   23.2000000000000       5.690634988266574E-012   18.5804012867771     
   23.4000000000000       7.682285939664610E-012   18.7795614095776     
   23.6000000000000       8.407281180315099E-012   18.9787391966518     
   23.8000000000000       7.766879201199671E-012   19.1779340976278     
   24.0000000000000       5.883357101507672E-012   19.3771455847187     
   24.2000000000000       3.077274235028763E-012   19.5763731515777     
   24.4000000000000      -1.867891227386394E-013   19.7756163122224     
   24.6000000000000      -3.376879428885899E-012   19.9748746000236     
   24.8000000000000      -5.980098785358145E-012   20.1741475667522     
   25.0000000000000      -7.584817674450241E-012   20.3734347816838     
   25.2000000000000      -7.945536129342919E-012   20.5727358307531     
   25.4000000000000      -7.020195145324678E-012   20.7720503157579     
   25.6000000000000      -4.974327252761067E-012   20.9713778536082     
   25.8000000000000      -2.151781969332781E-012   21.1707180756165     
   26.0000000000000       9.828431935914094E-013   21.3700706268291     
   26.2000000000000       3.920459486181512E-012   21.5694351653930     
   26.4000000000000       6.189957549436580E-012   21.7688113619582     
   26.6000000000000       7.433562359377248E-012   21.9681988991121     
   26.8000000000000       7.463054126144268E-012   22.1675974708442     
   27.0000000000000       6.288038059050328E-012   22.3670067820396     
   27.2000000000000       4.112067528174086E-012   22.5664265479990     
   27.4000000000000       1.297600511803847E-012   22.7658564939837     
   27.6000000000000      -1.694191037433056E-012   22.9652963547847     
   27.8000000000000      -4.378822154086289E-012   23.1647458743134     
   28.0000000000000      -6.326777327620907E-012   23.3642048052132     
   28.2000000000000      -7.232072486225080E-012   23.5636729084914     
   28.4000000000000      -6.960167437902063E-012   23.7631499531691     
   28.6000000000000      -5.567756181903395E-012   23.9626357159481     
   28.8000000000000      -3.291552269453408E-012   24.1621299808949     
   29.0000000000000      -5.082073685596723E-013   24.3616325391400     
   29.2000000000000       2.327868426248375E-012   24.5611431885919     
   29.4000000000000       4.758550374959857E-012   24.7606617336642     
   29.6000000000000       6.395863600829541E-012   24.9601879850167     
   29.8000000000000       6.983785796565508E-012   25.1597217593081     
   30.0000000000000       6.438146295735691E-012   25.3592628789606     
   30.2000000000000       4.858453405662319E-012   25.5588111719355     
   30.4000000000000       2.509988907492184E-012   25.7583664715192     
   30.6000000000000      -2.206030651967193E-013   25.9579286161187     
   30.8000000000000      -2.888860876178676E-012   26.1574974490669     
   31.0000000000000      -5.064727047822293E-012   26.3570728184366     
   31.2000000000000      -6.401751424124642E-012   26.5566545768626     
   31.4000000000000      -6.692147792054324E-012   26.7562425813720     
   31.6000000000000      -5.898972477941496E-012   26.9558366932220     
   31.8000000000000      -4.160466628628867E-012   27.1554367777445     
   32.0000000000000      -1.766109679884221E-012   27.3550427041982     
   32.2000000000000       8.914742295104273E-013   27.5546543456262     
   32.4000000000000       3.380801092564448E-012   27.7542715787204     
   32.6000000000000       5.301481021836478E-012   27.9538942836914     
   32.8000000000000       6.348522340878615E-012   28.1535223441441     
   33.0000000000000       6.360675544795003E-012   28.3531556469584     
   33.2000000000000       5.345161968057878E-012   28.5527940821748     
   33.4000000000000       3.475013287829717E-012   28.7524375428851     
   33.6000000000000       1.059697117299351E-012   28.9520859251270     
   33.8000000000000      -1.506005703920546E-012   29.1517391277838     
   34.0000000000000      -3.806442433991851E-012   29.3513970524878     
   34.2000000000000      -5.472342870037578E-012   29.5510596035272     
   34.4000000000000      -6.240010612033146E-012   29.7507266877575     
   34.6000000000000      -5.992994600678791E-012   29.9503982145159     
   34.8000000000000      -4.779642133935662E-012   30.1500740955392     
   35.0000000000000      -2.803926777691695E-012   30.3497542448853     
   35.2000000000000      -3.912430657715664E-013   30.5494385788571     
   35.4000000000000       2.065115138729355E-012   30.7491270159299     
   35.6000000000000       4.167989314173369E-012   30.9488194766814     
   35.8000000000000       5.580499573128886E-012   31.1485158837246     
   36.0000000000000       6.079944816376974E-012   31.3482161616426     
   36.2000000000000       5.592849978049153E-012   31.5479202369269     
   36.4000000000000       4.205648456845940E-012   31.7476280379169     
   36.6000000000000       2.149469601790982E-012   31.9473394947429     
   36.8000000000000      -2.382951454512623E-013   32.1470545392698     
   37.0000000000000      -2.569297218004119E-012   32.3467731050442     
   37.2000000000000      -4.467325547102046E-012   32.5464951272428     
   37.4000000000000      -5.628963086901430E-012   32.7462205426225     
   37.6000000000000      -5.872035717170041E-012   32.9459492894726     
   37.8000000000000      -5.164113361337080E-012   33.1456813075690     
   38.0000000000000      -3.626642318578570E-012   33.3454165381294     
   38.2000000000000      -1.514181137174816E-012   33.5451549237708     
   38.4000000000000       8.276819777455747E-013   33.7448964084676     
   38.6000000000000       3.018815113915202E-012   33.9446409375123     
   38.8000000000000       4.706186856722007E-012   34.1443884574767     
   39.0000000000000       5.620694905198340E-012   34.3441389161746     
   39.2000000000000       5.620031159582311E-012   34.5438922626262     
   39.4000000000000       4.710767571506174E-012   34.7436484470234     
   39.6000000000000       3.046243841143230E-012   34.9434074206964     
   39.8000000000000       9.007680589219229E-013   35.1431691360812     
   40.0000000000000      -1.375541279207509E-012   35.3429335466885     
   40.2000000000000      -3.413839862520292E-012   35.5427006070735     
   40.4000000000000      -4.886276977944786E-012   35.7424702728070     
   40.6000000000000      -5.558679815052025E-012   35.9422425004468     
   40.8000000000000      -5.327754270798767E-012   36.1420172475105     
   41.0000000000000      -4.236890283833099E-012   36.3417944724497     
   41.2000000000000      -2.468165986324568E-012   36.5415741346238     
   41.4000000000000      -3.120053898555763E-013   36.7413561942756     
   41.6000000000000       1.880465921589780E-012   36.9411406125077     
   41.8000000000000       3.754558121389492E-012   37.1409273512589     
   42.0000000000000       5.009354754120912E-012   37.3407163732824     
   42.2000000000000       5.445987755730674E-012   37.5405076421237     
   42.4000000000000       4.999119353679234E-012   37.7403011220999     
   42.6000000000000       3.746639183658269E-012   37.9400967782793     
   42.8000000000000       1.896164575849059E-012   38.1398945764619     
   43.0000000000000      -2.493348589560465E-013   38.3396944831601     
   43.2000000000000      -2.341103103434352E-012   38.5394964655804     
   43.4000000000000      -4.041251389494881E-012   38.7393004916056     
   43.6000000000000      -5.077297914754966E-012   38.9391065297773     
   43.8000000000000      -5.285808998860762E-012   39.1389145492791     
   44.0000000000000      -4.638133059799078E-012   39.3387245199206     
   44.2000000000000      -3.244216940968790E-012   39.5385364121211     
   44.4000000000000      -1.333984529721595E-012   39.7383501968949     
   44.6000000000000       7.805515890445829E-013   39.9381658458358     
   44.8000000000000       2.756221509459485E-012   40.1379833311031     
   45.0000000000000       4.274354500035594E-012   40.3378026254076     
   45.2000000000000       5.092148441787374E-012   40.5376237019978     
   45.4000000000000       5.081469514697673E-012   40.7374465346467     
   45.6000000000000       4.248893104677192E-012   40.9372710976395     
   45.8000000000000       2.733851028920896E-012   41.1370973657604     
   46.0000000000000       7.853194380896415E-013   41.3369253142814     
   46.2000000000000      -1.279067837592900E-012   41.5367549189499     
   46.4000000000000      -3.124766283176640E-012   41.7365861559776     
   46.6000000000000      -4.454504922963792E-012   41.9364190020293     
   46.8000000000000      -5.056133102909130E-012   42.1362534342126     
   47.0000000000000      -4.836444937065405E-012   42.3360894300669     
   47.2000000000000      -3.835573870856537E-012   42.5359269675536     
   47.4000000000000      -2.219759043320361E-012   42.7357660250460     
   47.6000000000000      -2.537651906704897E-013   42.9356065813202     
   47.8000000000000       1.742476697295743E-012   43.1354486155452     
   48.0000000000000       3.445901974116688E-012   43.3352921072740     
   48.2000000000000       4.582569009066596E-012   43.5351370364352     
   48.4000000000000       4.971690537924194E-012   43.7349833833239     
   48.6000000000000       4.554357364492931E-012   43.9348311285937     
   48.8000000000000       3.402411244861406E-012   44.1346802532484     
   49.0000000000000       1.706120472868910E-012   44.3345307386342     
   49.2000000000000      -2.572165266478536E-013   44.5343825664321     
   49.4000000000000      -2.168580818281585E-012   44.7342357186502     
   49.6000000000000      -3.719043267503329E-012   44.9340901776167     
   49.8000000000000      -4.659670415058190E-012   45.1339459259726     
   50.0000000000000      -4.841470594132926E-012   45.3338029466649     
   50.2000000000000      -4.238966469694705E-012   45.5336612229400     
   50.4000000000000      -2.953677172578476E-012   45.7335207383370     
   50.6000000000000      -1.197043191244983E-012   45.9333814766813     
   50.8000000000000       7.443328609290212E-013   46.1332434220786     
   51.0000000000000       2.555426305161593E-012   46.3331065589087     
   51.2000000000000       3.943885161504723E-012   46.5329708718196     
   51.4000000000000       4.687198961752714E-012   46.7328363457221     
   51.6000000000000       4.668338284183210E-012   46.9327029657836     
   51.8000000000000       3.894156127027811E-012   47.1325707174232     
   52.0000000000000       2.493657882133336E-012   47.3324395863062     
   52.2000000000000       6.965344764629645E-013   47.5323095583389     
   52.4000000000000      -1.204493669761595E-012   47.7321806196635     
   52.6000000000000      -2.901330609616706E-012   47.9320527566535     
   52.8000000000000      -4.120418362593752E-012   48.1319259559083     
   53.0000000000000      -4.666819287416706E-012   48.3318002042493     
   53.2000000000000      -4.455368036714096E-012   48.5316754887146     
   53.4000000000000      -3.523917485026849E-012   48.7315517965550     
   53.6000000000000      -2.026627525661643E-012   48.9314291152297     
   53.8000000000000      -2.084674127407858E-013   49.1313074324018     
   54.0000000000000       1.634840605982916E-012   49.3311867359342     
   54.2000000000000       3.204904289276156E-012   49.5310670138857     
   54.4000000000000       4.248944461145704E-012   49.7309482545071     
   54.6000000000000       4.600473967059730E-012   49.9308304462373     
   54.8000000000000       4.205829483631576E-012   50.1307135776993     
   55.0000000000000       3.132327315215417E-012   50.3305976376970     
   55.2000000000000       1.556815872531445E-012   50.5304826152114     
   55.4000000000000      -2.634459129674557E-013   50.7303684993970     
   55.6000000000000      -2.032773521163646E-012   50.9302552795785     
   55.8000000000000      -3.465072073156827E-012   51.1301429452477     
   56.0000000000000      -4.330080856677023E-012   51.3300314860598     
   56.2000000000000      -4.490372791210981E-012   51.5299208918306     
   56.4000000000000      -3.923170780703801E-012   51.7298111525332     
   56.6000000000000      -2.723520586528492E-012   51.9297022582951     
   56.8000000000000      -1.088382745627474E-012   52.1295941993951     
   57.0000000000000       7.156864584987577E-013   52.3294869662605     
   57.2000000000000       2.395973743007881E-012   52.5293805494645     
   57.4000000000000       3.681085264767615E-012   52.7292749397229     
   57.6000000000000       4.364766168982595E-012   52.9291701278918     
   57.8000000000000       4.338988570959788E-012   53.1290661049650     
   58.0000000000000       3.611002185669713E-012   53.3289628620712     
   58.2000000000000       2.301663678419355E-012   53.5288603904716     
   58.4000000000000       6.253862752474626E-013   53.7287586815574     
   58.6000000000000      -1.144953364609412E-012   53.9286577268474     
   58.8000000000000      -2.722424609227088E-012   54.1285575179857     
   59.0000000000000      -3.852531712071734E-012   54.3284580467393     
   59.2000000000000      -4.354255592825194E-012   54.5283593049960     
   59.4000000000000      -4.149041119545572E-012   54.7282612847619     
   59.6000000000000      -3.273068792097223E-012   54.9281639781597     
   59.8000000000000      -1.870927044026251E-012   55.1280673774261     
   60.0000000000000      -1.717543330847910E-013   55.3279714749100     
   60.2000000000000       1.548190060033867E-012   55.5278762630706     
   60.4000000000000       3.010428745229135E-012   55.7277817344752     
   60.6000000000000       3.979341122881143E-012   55.9276878817973     
   60.8000000000000       4.300116631618906E-012   56.1275946978148     
   61.0000000000000       3.923478442899545E-012   56.3275021754080     
   61.2000000000000       2.913227836630774E-012   56.5274103075581     
   61.4000000000000       1.435457016023637E-012   56.7273190873450     
   61.6000000000000      -2.687445441342221E-013   56.9272285079458     
   61.8000000000000      -1.922607458899927E-012   57.1271385626333     
   62.0000000000000      -3.258621324478658E-012   57.3270492447739     
   62.2000000000000      -4.061789261963236E-012   57.5269605478263     
   62.4000000000000      -4.204215531753604E-012   57.7268724653397     
   62.6000000000000      -3.665460694099153E-012   57.9267849909523     
   62.8000000000000      -2.535419173279931E-012   58.1266981183901     
   63.0000000000000      -9.993404009577078E-013   58.3266118414646     
   63.2000000000000       6.925295660666148E-013   58.5265261540723     
   63.4000000000000       2.265704847883945E-012   58.7264410501925     
   63.6000000000000       3.465979976833086E-012   58.9263565238863     
   63.8000000000000       4.100493535285957E-012   59.1262725692952     
   64.0000000000000       4.068709701345661E-012   59.3261891806394     
   64.2000000000000       3.378329662188407E-012   59.5261063522170     
   64.4000000000000       2.143634940132463E-012   59.7260240784022     
   64.6000000000000       5.665791111258614E-013   59.9259423536443     
   64.8000000000000      -1.096233365848048E-012   60.1258611724666     
   65.0000000000000      -2.575287984308332E-012   60.3257805294648     
   65.2000000000000      -3.631832944192213E-012   60.5257004193061     
   65.4000000000000      -4.096410403709238E-012   60.7256208367277     
   65.6000000000000      -3.896023716765008E-012   60.9255417765361     
   65.8000000000000      -3.065590622250578E-012   61.1254632336056     
   66.0000000000000      -1.741893566288749E-012   61.3253852028775     
   66.2000000000000      -1.410573567639830E-013   61.5253076793585     
   66.4000000000000       1.476727517107682E-012   61.7252306581203     
   66.6000000000000       2.849484535667408E-012   61.9251541342982     
   66.8000000000000       3.755863542922060E-012   62.1250781030899     
   67.0000000000000       4.050824106916030E-012   62.3250025597548     
   67.2000000000000       3.688833537089599E-012   62.5249274996131     
   67.4000000000000       2.730878469350356E-012   62.7248529180444     
   67.6000000000000       1.334203774959678E-012   62.9247788104871     
   67.8000000000000      -2.734867434947221E-013   63.1247051724375     
   68.0000000000000      -1.831145041156454E-012   63.3246319994485     
   68.2000000000000      -3.086757416471336E-012   63.5245592871293     
   68.4000000000000      -3.838106886731720E-012   63.7244870311440     
   68.6000000000000      -3.965334146723081E-012   63.9244152272109     
   68.8000000000000      -3.450044418054601E-012   64.1243438711017     
   69.0000000000000      -2.377931447697223E-012   64.3242729586408     
   69.2000000000000      -9.245352708118572E-013   64.5242024857042     
   69.4000000000000       6.734901113133562E-013   64.7241324482189     
   69.6000000000000       2.156901517260550E-012   64.9240628421620     
   69.8000000000000       3.285913511346882E-012   65.1239936635603     
   70.0000000000000       3.878951205992378E-012   65.3239249084886     
