   10.0000000000000       2.159980306408792E-011   5.57052402574562     
   10.2000000000000       2.097026149030903E-011   5.76119368532575     
   10.4000000000000       2.038201477989438E-011   5.95247574025006     
   10.6000000000000       1.983112714317147E-011   6.14431299631567     
   10.8000000000000       1.931414889587167E-011   6.33665502888724     
   11.0000000000000       1.882803658503939E-011   6.52945722962867     
   11.2000000000000       1.837009644515356E-011   6.72268000666239     
   11.4000000000000       1.793794127018214E-011   6.91628811071419     
   11.6000000000000       1.752944112567827E-011   7.11025006514079     
   11.8000000000000       1.714269462971924E-011   7.30453768196611     
   12.0000000000000       1.677599789731110E-011   7.49912564941347     
   12.2000000000000       1.642782059399227E-011   7.69399117910329     
   12.4000000000000       1.609678114644177E-011   7.88911370323355     
   12.6000000000000       1.578162810401137E-011   8.08447461378756     
   12.8000000000000       1.548123934551764E-011   8.28005703720716     
   13.0000000000000       1.519458440097483E-011   8.47584563909890     
   13.2000000000000       1.492072992443697E-011   8.67182645445930     
   13.4000000000000       1.465882916628935E-011   8.86798673965451     
   13.6000000000000       1.440810219946971E-011   9.06431484300476     
   13.8000000000000       1.416783825921248E-011   9.26080009132821     
   14.0000000000000       1.393738297088710E-011   9.45743269021635     
   14.2000000000000       1.371614155036335E-011   9.65420363615772     
   14.4000000000000       1.350355726312534E-011   9.85110463891381     
   14.6000000000000       1.329912316468876E-011   10.0481280527896     
   14.8000000000000       1.310237378158221E-011   10.2452668156415     
   15.0000000000000       1.291286852470783E-011   10.4425143946328     
   15.2000000000000       1.273021013336094E-011   10.6398647378875     
   15.4000000000000       1.255402178375185E-011   10.8373122313132     
   15.6000000000000       1.238396131049483E-011   11.0348516599635     
   15.8000000000000       1.221970351156513E-011   11.2324781733964     
   16.0000000000000       1.206095196625480E-011   11.4301872545578     
   16.2000000000000       1.190742451419903E-011   11.6279746917803     
   16.4000000000000       1.175885875603101E-011   11.8258365535429     
   16.6000000000000       1.161501488612758E-011   12.0237691656793     
   16.8000000000000       1.147566413700983E-011   12.2217690907645     
   17.0000000000000       1.134059008795457E-011   12.4198331094422     
   17.2000000000000       1.120959605169339E-011   12.6179582034822     
   17.4000000000000       1.108249187712283E-011   12.8161415403877     
   17.6000000000000       1.095910372793999E-011   13.0143804593872     
   17.8000000000000       1.083926308222340E-011   13.2126724586704     
   18.0000000000000       1.072281435141428E-011   13.4110151837412     
   18.2000000000000       1.060961221955871E-011   13.6094064167753     
   18.4000000000000       1.049951730622263E-011   13.8078440668843     
   18.6000000000000       1.039239770111691E-011   14.0063261611966     
   18.8000000000000       1.028813048524990E-011   14.2048508366772     
   19.0000000000000       1.018659954926359E-011   14.4034163326163     
   19.2000000000000       1.008769494619540E-011   14.6020209837236     
   19.4000000000000       9.991309122651131E-012   14.8006632137730     
   19.6000000000000       9.897347681357187E-012   14.9993415297460     
   19.8000000000000       9.805712611875819E-012   15.1980545164304     
   20.0000000000000       9.716318275023990E-012   15.3968008314331     
   20.2000000000000       9.629078680875561E-012   15.5955792005698     
   20.4000000000000       9.543912749542456E-012   15.7943884136004     
   20.6000000000000       9.460745595057461E-012   15.9932273202785     
   20.8000000000000       9.379503375703261E-012   16.1920948266903     
   21.0000000000000       9.300118120953751E-012   16.3909898918570     
   21.2000000000000       9.222522620625166E-012   16.5899115245799     
   21.4000000000000       9.146656878387436E-012   16.7888587805073     
   21.6000000000000       9.072457919088457E-012   16.9878307594067     
   21.8000000000000       8.999871573318632E-012   17.1868266026242     
   22.0000000000000       8.928842012324701E-012   17.3858454907174     
   22.2000000000000       8.859318681376862E-012   17.5848866412476     
   22.4000000000000       8.791249196590292E-012   17.7839493067191     
   22.6000000000000       8.724587754405157E-012   17.9830327726550     
   22.8000000000000       8.659290087555298E-012   18.1821363557975     
   23.0000000000000       8.595309964961778E-012   18.3812594024251     
   23.2000000000000       8.532609074040927E-012   18.5804012867771     
   23.4000000000000       8.471145358759329E-012   18.7795614095776     
   23.6000000000000       8.410879759660313E-012   18.9787391966518     
   23.8000000000000       8.351778968196233E-012   19.1779340976278     
   24.0000000000000       8.293806077332949E-012   19.3771455847187     
   24.2000000000000       8.236926669263940E-012   19.5763731515777     
   24.4000000000000       8.181109058877338E-012   19.7756163122224     
   24.6000000000000       8.126322263783421E-012   19.9748746000236     
   24.8000000000000       8.072536346137756E-012   20.1741475667522     
   25.0000000000000       8.019722094438326E-012   20.3734347816838     
   25.2000000000000       7.967854200589862E-012   20.5727358307531     
   25.4000000000000       7.916903464098073E-012   20.7720503157579     
   25.6000000000000       7.866844616437116E-012   20.9713778536082     
   25.8000000000000       7.817654378654341E-012   21.1707180756165     
   26.0000000000000       7.769308800360319E-012   21.3700706268291     
   26.2000000000000       7.721784407872240E-012   21.5694351653930     
   26.4000000000000       7.675059889574326E-012   21.7688113619582     
   26.6000000000000       7.629112990860380E-012   21.9681988991121     
   26.8000000000000       7.583925025521892E-012   22.1675974708442     
   27.0000000000000       7.539474802970767E-012   22.3670067820396     
   27.2000000000000       7.495744629875737E-012   22.5664265479990     
   27.4000000000000       7.452712857806627E-012   22.7658564939837     
   27.6000000000000       7.410367008917439E-012   22.9652963547847     
   27.8000000000000       7.368684935581182E-012   23.1647458743134     
   28.0000000000000       7.327653568731636E-012   23.3642048052132     
   28.2000000000000       7.287255936223372E-012   23.5636729084914     
   28.4000000000000       7.247475443191102E-012   23.7631499531691     
   28.6000000000000       7.208297220496834E-012   23.9626357159481     
   28.8000000000000       7.169708284209533E-012   24.1621299808949     
   29.0000000000000       7.131694462853612E-012   24.3616325391400     
   29.2000000000000       7.094240665925933E-012   24.5611431885919     
   29.4000000000000       7.057336084879663E-012   24.7606617336642     
   29.6000000000000       7.020964821234361E-012   24.9601879850167     
   29.8000000000000       6.985118154575076E-012   25.1597217593081     
   30.0000000000000       6.949780760557405E-012   25.3592628789606     
   30.2000000000000       6.914944332272413E-012   25.5588111719355     
   30.4000000000000       6.880594124052874E-012   25.7583664715192     
   30.6000000000000       6.846722446041009E-012   25.9579286161187     
   30.8000000000000       6.813317605463485E-012   26.1574974490669     
   31.0000000000000       6.780368361972871E-012   26.3570728184366     
   31.2000000000000       6.747866250573756E-012   26.5566545768626     
   31.4000000000000       6.715801724789594E-012   26.7562425813720     
   31.6000000000000       6.684164025581666E-012   26.9558366932220     
   31.8000000000000       6.652945422864679E-012   27.1554367777445     
   32.0000000000000       6.622135574819226E-012   27.3550427041982     
   32.2000000000000       6.591727019549537E-012   27.5546543456262     
   32.4000000000000       6.561712461432496E-012   27.7542715787204     
   32.6000000000000       6.532082162488710E-012   27.9538942836914     
   32.8000000000000       6.502827898833627E-012   28.1535223441441     
   33.0000000000000       6.473942854528081E-012   28.3531556469584     
   33.2000000000000       6.445420324112298E-012   28.5527940821748     
   33.4000000000000       6.417252592286590E-012   28.7524375428851     
   33.6000000000000       6.389431919650714E-012   28.9520859251270     
   33.8000000000000       6.361950903546996E-012   29.1517391277838     
   34.0000000000000       6.334804641728123E-012   29.3513970524878     
   34.2000000000000       6.307987168690628E-012   29.5510596035272     
   34.4000000000000       6.281488926967352E-012   29.7507266877575     
   34.6000000000000       6.255306596800328E-012   29.9503982145159     
   34.8000000000000       6.229433428131764E-012   30.1500740955392     
   35.0000000000000       6.203862624949210E-012   30.3497542448853     
   35.2000000000000       6.178590065273180E-012   30.5494385788571     
   35.4000000000000       6.153610395228347E-012   30.7491270159299     
   35.6000000000000       6.128916083541006E-012   30.9488194766814     
   35.8000000000000       6.104503215119158E-012   31.1485158837246     
   36.0000000000000       6.080365655875266E-012   31.3482161616426     
   36.2000000000000       6.056499676556114E-012   31.5479202369269     
   36.4000000000000       6.032901658954185E-012   31.7476280379169     
   36.6000000000000       6.009563370554487E-012   31.9473394947429     
   36.8000000000000       5.986482574258168E-012   32.1470545392698     
   37.0000000000000       5.963653475859871E-012   32.3467731050442     
   37.2000000000000       5.941072904533114E-012   32.5464951272428     
   37.4000000000000       5.918735240786239E-012   32.7462205426225     
   37.6000000000000       5.896638534992158E-012   32.9459492894726     
   37.8000000000000       5.874775093449134E-012   33.1456813075690     
   38.0000000000000       5.853144210567072E-012   33.3454165381294     
   38.2000000000000       5.831739556512955E-012   33.5451549237708     
   38.4000000000000       5.810559384334490E-012   33.7448964084676     
   38.6000000000000       5.789598605903176E-012   33.9446409375123     
   38.8000000000000       5.768853362622594E-012   34.1443884574767     
   39.0000000000000       5.748320972125212E-012   34.3441389161746     
   39.2000000000000       5.727997697668916E-012   34.5438922626262     
   39.4000000000000       5.707879802169933E-012   34.7436484470234     
   39.6000000000000       5.687963708432749E-012   34.9434074206964     
   39.8000000000000       5.668246930766137E-012   35.1431691360812     
   40.0000000000000       5.648724878742141E-012   35.3429335466885     
   40.2000000000000       5.629396266293393E-012   35.5427006070735     
   40.4000000000000       5.610257699911013E-012   35.7424702728070     
   40.6000000000000       5.591304729203502E-012   35.9422425004468     
   40.8000000000000       5.572535127937434E-012   36.1420172475105     
   41.0000000000000       5.553946741544182E-012   36.3417944724497     
   41.2000000000000       5.535536351912578E-012   36.5415741346238     
   41.4000000000000       5.517300823547291E-012   36.7413561942756     
   41.6000000000000       5.499238104673500E-012   36.9411406125077     
   41.8000000000000       5.481345087416344E-012   37.1409273512589     
   42.0000000000000       5.463619894217687E-012   37.3407163732824     
   42.2000000000000       5.446058386107426E-012   37.5405076421237     
   42.4000000000000       5.428659793668497E-012   37.7403011220999     
   42.6000000000000       5.411421207870675E-012   37.9400967782793     
   42.8000000000000       5.394339764117930E-012   38.1398945764619     
   43.0000000000000       5.377412610986162E-012   38.3396944831601     
   43.2000000000000       5.360640180808942E-012   38.5394964655804     
   43.4000000000000       5.344017544761818E-012   38.7393004916056     
   43.6000000000000       5.327542028147223E-012   38.9391065297773     
   43.8000000000000       5.311215120503708E-012   39.1389145492791     
   44.0000000000000       5.295031046173497E-012   39.3387245199206     
   44.2000000000000       5.278989289625967E-012   39.5385364121211     
   44.4000000000000       5.263087215808038E-012   39.7383501968949     
   44.6000000000000       5.247324384966244E-012   39.9381658458358     
   44.8000000000000       5.231697231518703E-012   40.1379833311031     
   45.0000000000000       5.216204294748244E-012   40.3378026254076     
   45.2000000000000       5.200844167076361E-012   40.5376237019978     
   45.4000000000000       5.185614367901118E-012   40.7374465346467     
   45.6000000000000       5.170513544193134E-012   40.9372710976395     
   45.8000000000000       5.155539303748169E-012   41.1370973657604     
   46.0000000000000       5.140690316633059E-012   41.3369253142814     
   46.2000000000000       5.125965302985570E-012   41.5367549189499     
   46.4000000000000       5.111361950803730E-012   41.7365861559776     
   46.6000000000000       5.096879993047533E-012   41.9364190020293     
   46.8000000000000       5.082515183776143E-012   42.1362534342126     
   47.0000000000000       5.068268321734201E-012   42.3360894300669     
   47.2000000000000       5.054137192465221E-012   42.5359269675536     
   47.4000000000000       5.040119610689131E-012   42.7357660250460     
   47.6000000000000       5.026215463940942E-012   42.9356065813202     
   47.8000000000000       5.012421602458328E-012   43.1354486155452     
   48.0000000000000       4.998737866877969E-012   43.3352921072740     
   48.2000000000000       4.985161244245149E-012   43.5351370364352     
   48.4000000000000       4.971692581223930E-012   43.7349833833239     
   48.6000000000000       4.958328907409735E-012   43.9348311285937     
   48.8000000000000       4.945070099272007E-012   44.1346802532484     
   49.0000000000000       4.931913207278383E-012   44.3345307386342     
   49.2000000000000       4.918858197049388E-012   44.5343825664321     
   49.4000000000000       4.905903123780743E-012   44.7342357186502     
   49.6000000000000       4.893047950393565E-012   44.9340901776167     
   49.8000000000000       4.880289812698497E-012   45.1339459259726     
   50.0000000000000       4.867628704612947E-012   45.3338029466649     
   50.2000000000000       4.855062754736375E-012   45.5336612229400     
   50.4000000000000       4.842591033476709E-012   45.7335207383370     
   50.6000000000000       4.830211680531835E-012   45.9333814766813     
   50.8000000000000       4.817924822558167E-012   46.1332434220786     
   51.0000000000000       4.805728602195989E-012   46.3331065589087     
   51.2000000000000       4.793623112563561E-012   46.5329708718196     
   51.4000000000000       4.781605590707515E-012   46.7328363457221     
   51.6000000000000       4.769675249987862E-012   46.9327029657836     
   51.8000000000000       4.757832219304398E-012   47.1325707174232     
   52.0000000000000       4.746073764226010E-012   47.3324395863062     
   52.2000000000000       4.734401045140913E-012   47.5323095583389     
   52.4000000000000       4.722810407744293E-012   47.7321806196635     
   52.6000000000000       4.711303954092724E-012   47.9320527566535     
   52.8000000000000       4.699878064559282E-012   48.1319259559083     
   53.0000000000000       4.688532960203287E-012   48.3318002042493     
   53.2000000000000       4.677267921208740E-012   48.5316754887146     
   53.4000000000000       4.666081271299300E-012   48.7315517965550     
   53.6000000000000       4.654973281030272E-012   48.9314291152297     
   53.8000000000000       4.643941335656960E-012   49.1313074324018     
   54.0000000000000       4.632986634759218E-012   49.3311867359342     
   54.2000000000000       4.622106668680070E-012   49.5310670138857     
   54.4000000000000       4.611301665171446E-012   49.7309482545071     
   54.6000000000000       4.600570048922349E-012   49.9308304462373     
   54.8000000000000       4.589911187218067E-012   50.1307135776993     
   55.0000000000000       4.579323506366404E-012   50.3305976376970     
   55.2000000000000       4.568808240245118E-012   50.5304826152114     
   55.4000000000000       4.558362910114979E-012   50.7303684993970     
   55.6000000000000       4.547987865841763E-012   50.9302552795785     
   55.8000000000000       4.537680633162062E-012   51.1301429452477     
   56.0000000000000       4.527442468133601E-012   51.3300314860598     
   56.2000000000000       4.517271857472850E-012   51.5299208918306     
   56.4000000000000       4.507167353734674E-012   51.7298111525332     
   56.6000000000000       4.497129265153310E-012   51.9297022582951     
   56.8000000000000       4.487156162612651E-012   52.1295941993951     
   57.0000000000000       4.477247435668807E-012   52.3294869662605     
   57.2000000000000       4.467403508879009E-012   52.5293805494645     
   57.4000000000000       4.457622028843011E-012   52.7292749397229     
   57.6000000000000       4.447903360433759E-012   52.9291701278918     
   57.8000000000000       4.438246970874950E-012   53.1290661049650     
   58.0000000000000       4.428651463636979E-012   53.3289628620712     
   58.2000000000000       4.419117217805445E-012   53.5288603904716     
   58.4000000000000       4.409641986273658E-012   53.7287586815574     
   58.6000000000000       4.400227002869887E-012   53.9286577268474     
   58.8000000000000       4.390870064504319E-012   54.1285575179857     
   59.0000000000000       4.381572410157901E-012   54.3284580467393     
   59.2000000000000       4.372330946627987E-012   54.5283593049960     
   59.4000000000000       4.363147878963291E-012   54.7282612847619     
   59.6000000000000       4.354020038223440E-012   54.9281639781597     
   59.8000000000000       4.344948775527588E-012   55.1280673774261     
   60.0000000000000       4.335932776661043E-012   55.3279714749100     
   60.2000000000000       4.326971567033884E-012   55.5278762630706     
   60.4000000000000       4.318064725888656E-012   55.7277817344752     
   60.6000000000000       4.309211837580035E-012   55.9276878817973     
   60.8000000000000       4.300411572792779E-012   56.1275946978148     
   61.0000000000000       4.291663555155788E-012   56.3275021754080     
   61.2000000000000       4.282968208531872E-012   56.5274103075581     
   61.4000000000000       4.274325113481570E-012   56.7273190873450     
   61.6000000000000       4.265732198835252E-012   56.9272285079458     
   61.8000000000000       4.257189855431198E-012   57.1271385626333     
   62.0000000000000       4.248698615132330E-012   57.3270492447739     
   62.2000000000000       4.240256311595713E-012   57.5269605478263     
   62.4000000000000       4.231862629560846E-012   57.7268724653397     
   62.6000000000000       4.223518851724609E-012   57.9267849909523     
   62.8000000000000       4.215222905948069E-012   58.1266981183901     
   63.0000000000000       4.206974466029467E-012   58.3266118414646     
   63.2000000000000       4.198773115962510E-012   58.5265261540723     
   63.4000000000000       4.190619364097698E-012   58.7264410501925     
   63.6000000000000       4.182512020350630E-012   58.9263565238863     
   63.8000000000000       4.174449858213175E-012   59.1262725692952     
   64.0000000000000       4.166434266246368E-012   59.3261891806394     
   64.2000000000000       4.158463180880829E-012   59.5261063522170     
   64.4000000000000       4.150537126990845E-012   59.7260240784022     
   64.6000000000000       4.142655763488936E-012   59.9259423536443     
   64.8000000000000       4.134817914171521E-012   60.1258611724666     
   65.0000000000000       4.127024110425037E-012   60.3257805294648     
   65.2000000000000       4.119272350391263E-012   60.5257004193061     
   65.4000000000000       4.111563985494506E-012   60.7256208367277     
   65.6000000000000       4.103898692915352E-012   60.9255417765361     
   65.8000000000000       4.096274513207924E-012   61.1254632336056     
   66.0000000000000       4.088691992042396E-012   61.3253852028775     
   66.2000000000000       4.081150775628253E-012   61.5253076793585     
   66.4000000000000       4.073650604684998E-012   61.7252306581203     
   66.6000000000000       4.066191154907250E-012   61.9251541342982     
   66.8000000000000       4.058771348997386E-012   62.1250781030899     
   67.0000000000000       4.051391696196481E-012   62.3250025597548     
   67.2000000000000       4.044051083038579E-012   62.5249274996131     
   67.4000000000000       4.036750067361914E-012   62.7248529180444     
   67.6000000000000       4.029487567017599E-012   62.9247788104871     
   67.8000000000000       4.022263258314760E-012   63.1247051724375     
   68.0000000000000       4.015076910318062E-012   63.3246319994485     
   68.2000000000000       4.007929042165705E-012   63.5245592871293     
   68.4000000000000       4.000817798122200E-012   63.7244870311440     
   68.6000000000000       3.993744516106204E-012   63.9244152272109     
   68.8000000000000       3.986707306819815E-012   64.1243438711017     
   69.0000000000000       3.979706721631071E-012   64.3242729586408     
   69.2000000000000       3.972742545788060E-012   64.5242024857042     
   69.4000000000000       3.965814478572633E-012   64.7241324482189     
   69.6000000000000       3.958921505419995E-012   64.9240628421620     
   69.8000000000000       3.952063379031631E-012   65.1239936635603     
   70.0000000000000       3.945240635038494E-012   65.3239249084886     
