   10.0000000000000       1.910729859329740E-011   70.0000000000000     
   10.2000000000000       1.851176450758147E-011   70.0000000000000     
   10.4000000000000       1.795851776394602E-011   70.0000000000000     
   10.6000000000000       1.744292988376414E-011   70.0000000000000     
   10.8000000000000       1.696111342903902E-011   70.0000000000000     
   11.0000000000000       1.650984042401504E-011   70.0000000000000     
   11.2000000000000       1.608638498230525E-011   70.0000000000000     
   11.4000000000000       1.568837793216755E-011   70.0000000000000     
   11.6000000000000       1.531370780092459E-011   70.0000000000000     
   11.8000000000000       1.496046645241669E-011   70.0000000000000     
   12.0000000000000       1.462692311757817E-011   70.0000000000000     
   12.2000000000000       1.431151067401012E-011   70.0000000000000     
   12.4000000000000       1.401281417221976E-011   70.0000000000000     
   12.6000000000000       1.372955782859565E-011   70.0000000000000     
   12.8000000000000       1.346059053621597E-011   70.0000000000000     
   13.0000000000000       1.320487131864219E-011   70.0000000000000     
   13.2000000000000       1.296145601242791E-011   70.0000000000000     
   13.4000000000000       1.272948579064424E-011   70.0000000000000     
   13.6000000000000       1.250817753727522E-011   70.0000000000000     
   13.8000000000000       1.229681576381456E-011   70.0000000000000     
   14.0000000000000       1.209474569476308E-011   70.0000000000000     
   14.2000000000000       1.190136722210276E-011   70.0000000000000     
   14.4000000000000       1.171612953629703E-011   70.0000000000000     
   14.6000000000000       1.153852632580400E-011   70.0000000000000     
   14.8000000000000       1.136809148348568E-011   70.0000000000000     
   15.0000000000000       1.120439527500720E-011   70.0000000000000     
   15.2000000000000       1.104704092601016E-011   70.0000000000000     
   15.4000000000000       1.089566158297969E-011   70.0000000000000     
   15.6000000000000       1.074991760293561E-011   70.0000000000000     
   15.8000000000000       1.060949413040925E-011   70.0000000000000     
   16.0000000000000       1.047409892542128E-011   70.0000000000000     
   16.2000000000000       1.034346041177792E-011   70.0000000000000     
   16.4000000000000       1.021732591991204E-011   70.0000000000000     
   16.6000000000000       1.009546010236276E-011   70.0000000000000     
   16.8000000000000       9.977643502925858E-012   70.0000000000000     
   17.0000000000000       9.863671262804756E-012   70.0000000000000     
   17.2000000000000       9.753351949008297E-012   70.0000000000000     
   17.4000000000000       9.646506491933422E-012   70.0000000000000     
   17.6000000000000       9.542967220597108E-012   70.0000000000000     
   17.8000000000000       9.442576985348449E-012   70.0000000000000     
   18.0000000000000       9.345188359091513E-012   70.0000000000000     
   18.2000000000000       9.250662909084435E-012   70.0000000000000     
   18.4000000000000       9.158870532266026E-012   70.0000000000000     
   18.6000000000000       9.069688847824895E-012   70.0000000000000     
   18.8000000000000       8.983002641395573E-012   70.0000000000000     
   19.0000000000000       8.898703355860653E-012   70.0000000000000     
   19.2000000000000       8.816688624276282E-012   70.0000000000000     
   19.4000000000000       8.736861840924526E-012   70.0000000000000     
   19.6000000000000       8.659131766935712E-012   70.0000000000000     
   19.8000000000000       8.583412167314864E-012   70.0000000000000     
   20.0000000000000       8.509621476551504E-012   70.0000000000000     
   20.2000000000000       8.437682490290622E-012   70.0000000000000     
   20.4000000000000       8.367522080798227E-012   70.0000000000000     
   20.6000000000000       8.299070934172605E-012   70.0000000000000     
   20.8000000000000       8.232263307437866E-012   70.0000000000000     
   21.0000000000000       8.167036803816554E-012   70.0000000000000     
   21.2000000000000       8.103332164621938E-012   70.0000000000000     
   21.4000000000000       8.041093076341188E-012   70.0000000000000     
   21.6000000000000       7.980265991607375E-012   70.0000000000000     
   21.8000000000000       7.920799962880146E-012   70.0000000000000     
   22.0000000000000       7.862646487774169E-012   70.0000000000000     
   22.2000000000000       7.805759365088561E-012   70.0000000000000     
   22.4000000000000       7.750094560696811E-012   70.0000000000000     
   22.6000000000000       7.695610082549819E-012   70.0000000000000     
   22.8000000000000       7.642265864123136E-012   70.0000000000000     
   23.0000000000000       7.590023655700795E-012   70.0000000000000     
   23.2000000000000       7.538846922932528E-012   70.0000000000000     
   23.4000000000000       7.488700752133983E-012   70.0000000000000     
   23.6000000000000       7.439551761822261E-012   70.0000000000000     
   23.8000000000000       7.391368020001359E-012   70.0000000000000     
   24.0000000000000       7.344118966735701E-012   70.0000000000000     
   24.2000000000000       7.297775341581458E-012   70.0000000000000     
   24.4000000000000       7.252309115484132E-012   70.0000000000000     
   24.6000000000000       7.207693426796943E-012   70.0000000000000     
   24.8000000000000       7.163902521123181E-012   70.0000000000000     
   25.0000000000000       7.120911694731813E-012   70.0000000000000     
   25.2000000000000       7.078697241335369E-012   70.0000000000000     
   25.4000000000000       7.037236402045178E-012   70.0000000000000     
   25.6000000000000       6.996507318334020E-012   70.0000000000000     
   25.8000000000000       6.956488987836357E-012   70.0000000000000     
   26.0000000000000       6.917161222809450E-012   70.0000000000000     
   26.2000000000000       6.878504611067776E-012   70.0000000000000     
   26.4000000000000       6.840500479195067E-012   70.0000000000000     
   26.6000000000000       6.803130857838640E-012   70.0000000000000     
   26.8000000000000       6.766378448902112E-012   70.0000000000000     
   27.0000000000000       6.730226594475222E-012   70.0000000000000     
   27.2000000000000       6.694659247370065E-012   70.0000000000000     
   27.4000000000000       6.659660943167806E-012   70.0000000000000     
   27.6000000000000       6.625216773710115E-012   70.0000000000000     
   27.8000000000000       6.591312361991670E-012   70.0000000000000     
   28.0000000000000       6.557933838419689E-012   70.0000000000000     
   28.2000000000000       6.525067818401169E-012   70.0000000000000     
   28.4000000000000       6.492701381203982E-012   70.0000000000000     
   28.6000000000000       6.460822050015632E-012   70.0000000000000     
   28.8000000000000       6.429417773102913E-012   70.0000000000000     
   29.0000000000000       6.398476905961734E-012   70.0000000000000     
   29.2000000000000       6.367988194344249E-012   70.0000000000000     
   29.4000000000000       6.337940758062011E-012   70.0000000000000     
   29.6000000000000       6.308324075487081E-012   70.0000000000000     
   29.8000000000000       6.279127968704016E-012   70.0000000000000     
   30.0000000000000       6.250342589296329E-012   70.0000000000000     
   30.2000000000000       6.221958404776010E-012   70.0000000000000     
   30.4000000000000       6.193966185677305E-012   70.0000000000000     
   30.6000000000000       6.166356993333505E-012   70.0000000000000     
   30.8000000000000       6.139122168340501E-012   70.0000000000000     
   31.0000000000000       6.112253319684645E-012   70.0000000000000     
   31.2000000000000       6.085742314484737E-012   70.0000000000000     
   31.4000000000000       6.059581268274445E-012   70.0000000000000     
   31.6000000000000       6.033762535738401E-012   70.0000000000000     
   31.8000000000000       6.008278701817664E-012   70.0000000000000     
   32.0000000000000       5.983122573116766E-012   70.0000000000000     
   32.2000000000000       5.958287169572435E-012   70.0000000000000     
   32.4000000000000       5.933765716376853E-012   70.0000000000000     
   32.6000000000000       5.909551636177911E-012   70.0000000000000     
   32.8000000000000       5.885638541598478E-012   70.0000000000000     
   33.0000000000000       5.862020228121873E-012   70.0000000000000     
   33.2000000000000       5.838690667379649E-012   70.0000000000000     
   33.4000000000000       5.815644000854087E-012   70.0000000000000     
   33.6000000000000       5.792874533976548E-012   70.0000000000000     
   33.8000000000000       5.770376730572590E-012   70.0000000000000     
   34.0000000000000       5.748145207583038E-012   70.0000000000000     
   34.2000000000000       5.726174729981624E-012   70.0000000000000     
   34.4000000000000       5.704460205819111E-012   70.0000000000000     
   34.6000000000000       5.682996681345952E-012   70.0000000000000     
   34.8000000000000       5.661779336198453E-012   70.0000000000000     
   35.0000000000000       5.640803478666908E-012   70.0000000000000     
   35.2000000000000       5.620064541091848E-012   70.0000000000000     
   35.4000000000000       5.599558075448715E-012   70.0000000000000     
   35.6000000000000       5.579279749178737E-012   70.0000000000000     
   35.8000000000000       5.559225341305434E-012   70.0000000000000     
   36.0000000000000       5.539390738845960E-012   70.0000000000000     
   36.2000000000000       5.519771933491687E-012   70.0000000000000     
   36.4000000000000       5.500365018502005E-012   70.0000000000000     
   36.6000000000000       5.481166185736324E-012   70.0000000000000     
   36.8000000000000       5.462171722746686E-012   70.0000000000000     
   37.0000000000000       5.443378009867865E-012   70.0000000000000     
   37.2000000000000       5.424781517270958E-012   70.0000000000000     
   37.4000000000000       5.406378801981972E-012   70.0000000000000     
   37.6000000000000       5.388166504902127E-012   70.0000000000000     
   37.8000000000000       5.370141347891785E-012   70.0000000000000     
   38.0000000000000       5.352300130990049E-012   70.0000000000000     
   38.2000000000000       5.334639729833358E-012   70.0000000000000     
   38.4000000000000       5.317157093312560E-012   70.0000000000000     
   38.6000000000000       5.299849241472942E-012   70.0000000000000     
   38.8000000000000       5.282713263624262E-012   70.0000000000000     
   39.0000000000000       5.265746316597554E-012   70.0000000000000     
   39.2000000000000       5.248945623068660E-012   70.0000000000000     
   39.4000000000000       5.232308469869411E-012   70.0000000000000     
   39.6000000000000       5.215832206226857E-012   70.0000000000000     
   39.8000000000000       5.199514241902999E-012   70.0000000000000     
   40.0000000000000       5.183352045246114E-012   70.0000000000000     
   40.2000000000000       5.167343141200568E-012   70.0000000000000     
   40.4000000000000       5.151485109345301E-012   70.0000000000000     
   40.6000000000000       5.135775582038924E-012   70.0000000000000     
   40.8000000000000       5.120212242737078E-012   70.0000000000000     
   41.0000000000000       5.104792824520103E-012   70.0000000000000     
   41.2000000000000       5.089515108831507E-012   70.0000000000000     
   41.4000000000000       5.074376924389375E-012   70.0000000000000     
   41.6000000000000       5.059376146202895E-012   70.0000000000000     
   41.8000000000000       5.044510694611400E-012   70.0000000000000     
   42.0000000000000       5.029778534267471E-012   70.0000000000000     
   42.2000000000000       5.015177673008210E-012   70.0000000000000     
   42.4000000000000       5.000706160594234E-012   70.0000000000000     
   42.6000000000000       4.986362087336437E-012   70.0000000000000     
   42.8000000000000       4.972143582666806E-012   70.0000000000000     
   43.0000000000000       4.958048813732231E-012   70.0000000000000     
   43.2000000000000       4.944075984095420E-012   70.0000000000000     
   43.4000000000000       4.930223332611700E-012   70.0000000000000     
   43.6000000000000       4.916489132518618E-012   70.0000000000000     
   43.8000000000000       4.902871690734605E-012   70.0000000000000     
   44.0000000000000       4.889369347321048E-012   70.0000000000000     
   44.2000000000000       4.875980475030956E-012   70.0000000000000     
   44.4000000000000       4.862703478851524E-012   70.0000000000000     
   44.6000000000000       4.849536795454167E-012   70.0000000000000     
   44.8000000000000       4.836478892489771E-012   70.0000000000000     
   45.0000000000000       4.823528267706755E-012   70.0000000000000     
   45.2000000000000       4.810683447914007E-012   70.0000000000000     
   45.4000000000000       4.797942987851060E-012   70.0000000000000     
   45.6000000000000       4.785305469054789E-012   70.0000000000000     
   45.8000000000000       4.772769498819114E-012   70.0000000000000     
   46.0000000000000       4.760333709329608E-012   70.0000000000000     
   46.2000000000000       4.747996757022717E-012   70.0000000000000     
   46.4000000000000       4.735757322174618E-012   70.0000000000000     
   46.6000000000000       4.723614108679208E-012   70.0000000000000     
   46.8000000000000       4.711565843937538E-012   70.0000000000000     
   47.0000000000000       4.699611278759566E-012   70.0000000000000     
   47.2000000000000       4.687749187180263E-012   70.0000000000000     
   47.4000000000000       4.675978366113172E-012   70.0000000000000     
   47.6000000000000       4.664297634803103E-012   70.0000000000000     
   47.8000000000000       4.652705834085834E-012   70.0000000000000     
   48.0000000000000       4.641201825507024E-012   70.0000000000000     
   48.2000000000000       4.629784490385719E-012   70.0000000000000     
   48.4000000000000       4.618452728922119E-012   70.0000000000000     
   48.6000000000000       4.607205459441955E-012   70.0000000000000     
   48.8000000000000       4.596041617842860E-012   70.0000000000000     
   49.0000000000000       4.584960157267354E-012   70.0000000000000     
   49.2000000000000       4.573960047981110E-012   70.0000000000000     
   49.4000000000000       4.563040277395052E-012   70.0000000000000     
   49.6000000000000       4.552199850142452E-012   70.0000000000000     
   49.8000000000000       4.541437788115601E-012   70.0000000000000     
   50.0000000000000       4.530753130379400E-012   70.0000000000000     
   50.2000000000000       4.520144932910160E-012   70.0000000000000     
   50.4000000000000       4.509612268148931E-012   70.0000000000000     
   50.6000000000000       4.499154224401720E-012   70.0000000000000     
   50.8000000000000       4.488769905152248E-012   70.0000000000000     
   51.0000000000000       4.478458428373274E-012   70.0000000000000     
   51.2000000000000       4.468218925921227E-012   70.0000000000000     
   51.4000000000000       4.458050543080522E-012   70.0000000000000     
   51.6000000000000       4.447952438290406E-012   70.0000000000000     
   51.8000000000000       4.437923783047814E-012   70.0000000000000     
   52.0000000000000       4.427963761941734E-012   70.0000000000000     
   52.2000000000000       4.418071572748460E-012   70.0000000000000     
   52.4000000000000       4.408246426506527E-012   70.0000000000000     
   52.6000000000000       4.398487547498250E-012   70.0000000000000     
   52.8000000000000       4.388794173089335E-012   70.0000000000000     
   53.0000000000000       4.379165553412774E-012   70.0000000000000     
   53.2000000000000       4.369600950920776E-012   70.0000000000000     
   53.4000000000000       4.360099639859840E-012   70.0000000000000     
   53.6000000000000       4.350660905742118E-012   70.0000000000000     
   53.8000000000000       4.341284044887863E-012   70.0000000000000     
   54.0000000000000       4.331968364097402E-012   70.0000000000000     
   54.2000000000000       4.322713180481769E-012   70.0000000000000     
   54.4000000000000       4.313517821444763E-012   70.0000000000000     
   54.6000000000000       4.304381624775276E-012   70.0000000000000     
   54.8000000000000       4.295303938782674E-012   70.0000000000000     
   55.0000000000000       4.286284122399480E-012   70.0000000000000     
   55.2000000000000       4.277321545182333E-012   70.0000000000000     
   55.4000000000000       4.268415587167078E-012   70.0000000000000     
   55.6000000000000       4.259565638567127E-012   70.0000000000000     
   55.8000000000000       4.250771099342959E-012   70.0000000000000     
   56.0000000000000       4.242031378701696E-012   70.0000000000000     
   56.2000000000000       4.233345894605359E-012   70.0000000000000     
   56.4000000000000       4.224714073368272E-012   70.0000000000000     
   56.6000000000000       4.216135349407361E-012   70.0000000000000     
   56.8000000000000       4.207609165178176E-012   70.0000000000000     
   57.0000000000000       4.199134971289398E-012   70.0000000000000     
   57.2000000000000       4.190712226748980E-012   70.0000000000000     
   57.4000000000000       4.182340399264552E-012   70.0000000000000     
   57.6000000000000       4.174018965504944E-012   70.0000000000000     
   57.8000000000000       4.165747411234897E-012   70.0000000000000     
   58.0000000000000       4.157525231257883E-012   70.0000000000000     
   58.2000000000000       4.149351929140341E-012   70.0000000000000     
   58.4000000000000       4.141227016735741E-012   70.0000000000000     
   58.6000000000000       4.133150013570095E-012   70.0000000000000     
   58.8000000000000       4.125120446181635E-012   70.0000000000000     
   59.0000000000000       4.117137847521730E-012   70.0000000000000     
   59.2000000000000       4.109201756515740E-012   70.0000000000000     
   59.4000000000000       4.101311717854917E-012   70.0000000000000     
   59.6000000000000       4.093467282046750E-012   70.0000000000000     
   59.8000000000000       4.085668005701564E-012   70.0000000000000     
   60.0000000000000       4.077913451985707E-012   70.0000000000000     
   60.2000000000000       4.070203191137212E-012   70.0000000000000     
   60.4000000000000       4.062536800924775E-012   70.0000000000000     
   60.6000000000000       4.054913866938118E-012   70.0000000000000     
   60.8000000000000       4.047333982627599E-012   70.0000000000000     
   61.0000000000000       4.039796749056319E-012   70.0000000000000     
   61.2000000000000       4.032301774381894E-012   70.0000000000000     
   61.4000000000000       4.024848673136066E-012   70.0000000000000     
   61.6000000000000       4.017437065409879E-012   70.0000000000000     
   61.8000000000000       4.010066576071546E-012   70.0000000000000     
   62.0000000000000       4.002736834140467E-012   70.0000000000000     
   62.2000000000000       3.995447472414407E-012   70.0000000000000     
   62.4000000000000       3.988198127401619E-012   70.0000000000000     
   62.6000000000000       3.980988439555560E-012   70.0000000000000     
   62.8000000000000       3.973818053755184E-012   70.0000000000000     
   63.0000000000000       3.966686619929491E-012   70.0000000000000     
   63.2000000000000       3.959593793699082E-012   70.0000000000000     
   63.4000000000000       3.952539236904167E-012   70.0000000000000     
   63.6000000000000       3.945522617908763E-012   70.0000000000000     
   63.8000000000000       3.938543611610638E-012   70.0000000000000     
   64.0000000000000       3.931601899138639E-012   70.0000000000000     
   64.2000000000000       3.924697167274278E-012   70.0000000000000     
   64.4000000000000       3.917829107682175E-012   70.0000000000000     
   64.6000000000000       3.910997416066827E-012   70.0000000000000     
   64.8000000000000       3.904201791384372E-012   70.0000000000000     
   65.0000000000000       3.897441935227244E-012   70.0000000000000     
   65.2000000000000       3.890717551467284E-012   70.0000000000000     
   65.4000000000000       3.884028346196978E-012   70.0000000000000     
   65.6000000000000       3.877374027956083E-012   70.0000000000000     
   65.8000000000000       3.870754308181788E-012   70.0000000000000     
   66.0000000000000       3.864168901783125E-012   70.0000000000000     
   66.2000000000000       3.857617527721340E-012   70.0000000000000     
   66.4000000000000       3.851099909479991E-012   70.0000000000000     
   66.6000000000000       3.844615775330401E-012   70.0000000000000     
   66.8000000000000       3.838164858336744E-012   70.0000000000000     
   67.0000000000000       3.831746896091698E-012   70.0000000000000     
   67.2000000000000       3.825361630221143E-012   70.0000000000000     
   67.4000000000000       3.819008805735424E-012   70.0000000000000     
   67.6000000000000       3.812688170329630E-012   70.0000000000000     
   67.8000000000000       3.806399473741030E-012   70.0000000000000     
   68.0000000000000       3.800142467258605E-012   70.0000000000000     
   68.2000000000000       3.793916903450025E-012   70.0000000000000     
   68.4000000000000       3.787722536131152E-012   70.0000000000000     
   68.6000000000000       3.781559120559836E-012   70.0000000000000     
   68.8000000000000       3.775426413796931E-012   70.0000000000000     
   69.0000000000000       3.769324175150102E-012   70.0000000000000     
   69.2000000000000       3.763252166604769E-012   70.0000000000000     
   69.4000000000000       3.757210153152576E-012   70.0000000000000     
   69.6000000000000       3.751197902949876E-012   70.0000000000000     
   69.8000000000000       3.745215187272502E-012   70.0000000000000     
   70.0000000000000       3.739261780271367E-012   70.0000000000000     
