   10.0000000000000      -3.687007643446872E-012   70.0000000000000     
   10.2000000000000      -1.054446235565891E-011   70.0000000000000     
   10.4000000000000      -1.528192408631778E-011   70.0000000000000     
   10.6000000000000      -1.726907487241777E-011   70.0000000000000     
   10.8000000000000      -1.634529815781384E-011   70.0000000000000     
   11.0000000000000      -1.281874864462700E-011   70.0000000000000     
   11.2000000000000      -7.393178184700058E-012   70.0000000000000     
   11.4000000000000      -1.037229677456987E-012   70.0000000000000     
   11.6000000000000       5.180996070293946E-012   70.0000000000000     
   11.8000000000000       1.026699139672411E-011   70.0000000000000     
   12.0000000000000       1.345339656991193E-011   70.0000000000000     
   12.2000000000000       1.431108096724782E-011   70.0000000000000     
   12.4000000000000       1.280227133143731E-011   70.0000000000000     
   12.6000000000000       9.269840247805356E-012   70.0000000000000     
   12.8000000000000       4.367009777865962E-012   70.0000000000000     
   13.0000000000000      -1.059162821172384E-012   70.0000000000000     
   13.2000000000000      -6.110438458204820E-012   70.0000000000000     
   13.4000000000000      -9.982755302663355E-012   70.0000000000000     
   13.6000000000000      -1.209127224762524E-011   70.0000000000000     
   13.8000000000000      -1.215606762834473E-011   70.0000000000000     
   14.0000000000000      -1.023630090899275E-011   70.0000000000000     
   14.2000000000000      -6.709170844485920E-012   70.0000000000000     
   14.4000000000000      -2.198833953325746E-012   70.0000000000000     
   14.6000000000000       2.531809709361216E-012   70.0000000000000     
   14.8000000000000       6.708082582568952E-012   70.0000000000000     
   15.0000000000000       9.668455583745357E-012   70.0000000000000     
   15.2000000000000       1.096758587157513E-011   70.0000000000000     
   15.4000000000000       1.044167369964550E-011   70.0000000000000     
   15.6000000000000       8.226787538385831E-012   70.0000000000000     
   15.8000000000000       4.728552965405917E-012   70.0000000000000     
   16.0000000000000       5.493921465912342E-013   70.0000000000000     
   16.2000000000000      -3.613897416703059E-012   70.0000000000000     
   16.4000000000000      -7.085039467580072E-012   70.0000000000000     
   16.6000000000000      -9.316915819172631E-012   70.0000000000000     
   16.8000000000000      -9.976681445888610E-012   70.0000000000000     
   17.0000000000000      -8.994284328157447E-012   70.0000000000000     
   17.2000000000000      -6.567489532946292E-012   70.0000000000000     
   17.4000000000000      -3.123635530731482E-012   70.0000000000000     
   17.6000000000000       7.547226861700932E-013   70.0000000000000     
   17.8000000000000       4.427504075589620E-012   70.0000000000000     
   18.0000000000000       7.301890848151973E-012   70.0000000000000     
   18.2000000000000       8.927200723045843E-012   70.0000000000000     
   18.4000000000000       9.064786557156787E-012   70.0000000000000     
   18.6000000000000       7.722238375780155E-012   70.0000000000000     
   18.8000000000000       5.147122124079196E-012   70.0000000000000     
   19.0000000000000       1.782090816785640E-012   70.0000000000000     
   19.2000000000000      -1.810622339923160E-012   70.0000000000000     
   19.4000000000000      -5.042553110739765E-012   70.0000000000000     
   19.6000000000000      -7.394799772074381E-012   70.0000000000000     
   19.8000000000000      -8.500764303496043E-012   70.0000000000000     
   20.0000000000000      -8.202737422282433E-012   70.0000000000000     
   20.2000000000000      -6.573678344002620E-012   70.0000000000000     
   20.4000000000000      -3.901304182997500E-012   70.0000000000000     
   20.6000000000000      -6.377284745061181E-013   70.0000000000000     
   20.8000000000000       2.676616497399021E-012   70.0000000000000     
   21.0000000000000       5.502044852833253E-012   70.0000000000000     
   21.2000000000000       7.387064267542059E-012   70.0000000000000     
   21.4000000000000       8.040106066360621E-012   70.0000000000000     
   21.6000000000000       7.374207767313847E-012   70.0000000000000     
   21.8000000000000       5.517865954561746E-012   70.0000000000000     
   22.0000000000000       2.790845088475213E-012   70.0000000000000     
   22.2000000000000      -3.505971847365088E-013   70.0000000000000     
   22.4000000000000      -3.389740547113367E-012   70.0000000000000     
   22.6000000000000      -5.834072435033650E-012   70.0000000000000     
   22.8000000000000      -7.294778497158622E-012   70.0000000000000     
   23.0000000000000      -7.548276045544509E-012   70.0000000000000     
   23.2000000000000      -6.570101777131234E-012   70.0000000000000     
   23.4000000000000      -4.536071300061975E-012   70.0000000000000     
   23.6000000000000      -1.790987980720017E-012   70.0000000000000     
   23.8000000000000       1.209582314335536E-012   70.0000000000000     
   24.0000000000000       3.974678728145883E-012   70.0000000000000     
   24.2000000000000       6.058027744260460E-012   70.0000000000000     
   24.4000000000000       7.129819561557822E-012   70.0000000000000     
   24.6000000000000       7.028674682245749E-012   70.0000000000000     
   24.8000000000000       5.785651242188900E-012   70.0000000000000     
   25.0000000000000       3.616770004538516E-012   70.0000000000000     
   25.2000000000000       8.856693370883528E-013   70.0000000000000     
   25.4000000000000      -1.957188332979314E-012   70.0000000000000     
   25.6000000000000      -4.448626135743814E-012   70.0000000000000     
   25.8000000000000      -6.188018430653560E-012   70.0000000000000     
   26.0000000000000      -6.901514754288686E-012   70.0000000000000     
   26.2000000000000      -6.484957997664109E-012   70.0000000000000     
   26.4000000000000      -5.018801887985552E-012   70.0000000000000     
   26.6000000000000      -2.752941445625066E-012   70.0000000000000     
   26.8000000000000      -6.426160490764456E-014   70.0000000000000     
   27.0000000000000       2.605909692906912E-012   70.0000000000000     
   27.2000000000000       4.824088637114067E-012   70.0000000000000     
   27.4000000000000       6.234848789053125E-012   70.0000000000000     
   27.6000000000000       6.617613948349583E-012   70.0000000000000     
   27.8000000000000       5.920981171776652E-012   70.0000000000000     
   28.0000000000000       4.269259450819204E-012   70.0000000000000     
   28.2000000000000       1.940463235832264E-012   70.0000000000000     
   28.4000000000000      -6.803723538126881E-013   70.0000000000000     
   28.6000000000000      -3.164734835203496E-012   70.0000000000000     
   28.8000000000000      -5.110569837651127E-012   70.0000000000000     
   29.0000000000000      -6.207216317415253E-012   70.0000000000000     
   29.2000000000000      -6.284875274842916E-012   70.0000000000000     
   29.4000000000000      -5.340755447360443E-012   70.0000000000000     
   29.6000000000000      -3.537893656545927E-012   70.0000000000000     
   29.8000000000000      -1.177110542017490E-012   70.0000000000000     
   30.0000000000000       1.353093332078862E-012   70.0000000000000     
   30.2000000000000       3.640371794659339E-012   70.0000000000000     
   30.4000000000000       5.315626251960938E-012   70.0000000000000     
   30.6000000000000       6.112458731794817E-012   70.0000000000000     
   30.8000000000000       5.909425910514436E-012   70.0000000000000     
   31.0000000000000       4.748409437338588E-012   70.0000000000000     
   31.2000000000000       2.826346858431888E-012   70.0000000000000     
   31.4000000000000       4.619059480603058E-013   70.0000000000000     
   31.6000000000000      -1.957272213679424E-012   70.0000000000000     
   31.8000000000000      -4.038040673689964E-012   70.0000000000000     
   32.0000000000000      -5.445547634695160E-012   70.0000000000000     
   32.2000000000000      -5.957032196137279E-012   70.0000000000000     
   32.4000000000000      -5.496986920978070E-012   70.0000000000000     
   32.6000000000000      -4.148151756510999E-012   70.0000000000000     
   32.8000000000000      -2.136765307584414E-012   70.0000000000000     
   33.0000000000000       2.053184408531171E-013   70.0000000000000     
   33.2000000000000       2.495315634807397E-012   70.0000000000000     
   33.4000000000000       4.362000288014970E-012   70.0000000000000     
   33.6000000000000       5.505805778931602E-012   70.0000000000000     
   33.8000000000000       5.746822327934960E-012   70.0000000000000     
   34.0000000000000       5.053012568587549E-012   70.0000000000000     
   34.2000000000000       3.544233431309548E-012   70.0000000000000     
   34.4000000000000       1.471606352794163E-012   70.0000000000000     
   34.6000000000000      -8.242260643263392E-013   70.0000000000000     
   34.8000000000000      -2.969027400574835E-012   70.0000000000000     
   35.0000000000000      -4.615906528836204E-012   70.0000000000000     
   35.2000000000000      -5.501356105671132E-012   70.0000000000000     
   35.4000000000000      -5.487348520386730E-012   70.0000000000000     
   35.6000000000000      -4.582775017376325E-012   70.0000000000000     
   35.8000000000000      -2.940910577531088E-012   70.0000000000000     
   36.0000000000000      -8.334952849890825E-013   70.0000000000000     
   36.2000000000000       1.394194105687406E-012   70.0000000000000     
   36.4000000000000       3.379862203237518E-012   70.0000000000000     
   36.6000000000000       4.803060030174546E-012   70.0000000000000     
   36.8000000000000       5.436842110583108E-012   70.0000000000000     
   37.0000000000000       5.183897657562599E-012   70.0000000000000     
   37.2000000000000       4.091412839981947E-012   70.0000000000000     
   37.4000000000000       2.342407391698077E-012   70.0000000000000     
   37.6000000000000       2.251155753132985E-013   70.0000000000000     
   37.8000000000000      -1.914473168648794E-012   70.0000000000000     
   38.0000000000000      -3.729106585834743E-012   70.0000000000000     
   38.2000000000000      -4.926578833973800E-012   70.0000000000000     
   38.4000000000000      -5.316733788327210E-012   70.0000000000000     
   38.6000000000000      -4.841609687734331E-012   70.0000000000000     
   38.8000000000000      -3.583954745640413E-012   70.0000000000000     
   39.0000000000000      -1.752879291317702E-012   70.0000000000000     
   39.2000000000000       3.508780486023054E-013   70.0000000000000     
   39.4000000000000       2.384306811444122E-012   70.0000000000000     
   39.6000000000000       4.018009932017218E-012   70.0000000000000     
   39.8000000000000       4.989519538967227E-012   70.0000000000000     
   40.0000000000000       5.145420819036010E-012   70.0000000000000     
   40.2000000000000       4.465530481648931E-012   70.0000000000000     
   40.4000000000000       3.065326997150011E-012   70.0000000000000     
   40.6000000000000       1.176377289092452E-012   70.0000000000000     
   40.8000000000000      -8.919292928061533E-013   70.0000000000000     
   41.0000000000000      -2.803021636905223E-012   70.0000000000000     
   41.2000000000000      -4.247879098267039E-012   70.0000000000000     
   41.4000000000000      -4.994961084205327E-012   70.0000000000000     
   41.6000000000000      -4.927272978170512E-012   70.0000000000000     
   41.8000000000000      -4.060640987898744E-012   70.0000000000000     
   42.0000000000000      -2.540348994661751E-012   70.0000000000000     
   42.2000000000000      -6.168132250855689E-013   70.0000000000000     
   42.4000000000000       1.395637564951653E-012   70.0000000000000     
   42.6000000000000       3.170096159646727E-012   70.0000000000000     
   42.8000000000000       4.420146892978392E-012   70.0000000000000     
   43.0000000000000       4.946061771380957E-012   70.0000000000000     
   43.2000000000000       4.666677276240815E-012   70.0000000000000     
   43.4000000000000       3.631869891311586E-012   70.0000000000000     
   43.6000000000000       2.013721169329690E-012   70.0000000000000     
   43.8000000000000       7.792668447462534E-014   70.0000000000000     
   44.0000000000000      -1.859805061023392E-012   70.0000000000000     
   44.2000000000000      -3.485213095621670E-012   70.0000000000000     
   44.4000000000000      -4.536420503974523E-012   70.0000000000000     
   44.6000000000000      -4.846096015439938E-012   70.0000000000000     
   44.8000000000000      -4.368057682711675E-012   70.0000000000000     
   45.0000000000000      -3.184094160343121E-012   70.0000000000000     
   45.2000000000000      -1.490007565768621E-012   70.0000000000000     
   45.4000000000000       4.367462183443779E-013   70.0000000000000     
   45.6000000000000       2.282475533395170E-012   70.0000000000000     
   45.8000000000000       3.748298530113089E-012   70.0000000000000     
   46.0000000000000       4.598514268658787E-012   70.0000000000000     
   46.2000000000000       4.698475406098027E-012   70.0000000000000     
   46.4000000000000       4.035881476713491E-012   70.0000000000000     
   46.6000000000000       2.722130381977669E-012   70.0000000000000     
   46.8000000000000       9.736144646812570E-013   70.0000000000000     
   47.0000000000000      -9.239025452927619E-013   70.0000000000000     
   47.2000000000000      -2.661966717361236E-012   70.0000000000000     
   47.4000000000000      -3.959551261759981E-012   70.0000000000000     
   47.6000000000000      -4.608470949706014E-012   70.0000000000000     
   47.8000000000000      -4.506758576178656E-012   70.0000000000000     
   48.0000000000000      -3.674656526210276E-012   70.0000000000000     
   48.2000000000000      -2.250720544208755E-012   70.0000000000000     
   48.4000000000000      -4.687677543249851E-013   70.0000000000000     
   48.6000000000000       1.380499111568616E-012   70.0000000000000     
   48.8000000000000       2.996895850521658E-012   70.0000000000000     
   49.0000000000000       4.119462614669751E-012   70.0000000000000     
   49.2000000000000       4.568572355048646E-012   70.0000000000000     
   49.4000000000000       4.274650889966426E-012   70.0000000000000     
   49.6000000000000       3.288920309356702E-012   70.0000000000000     
   49.8000000000000       1.774512560464920E-012   70.0000000000000     
   50.0000000000000      -2.051139614891517E-014   70.0000000000000     
   50.2000000000000      -1.803777219588789E-012   70.0000000000000     
   50.4000000000000      -3.286200374799831E-012   70.0000000000000     
   50.6000000000000      -4.228829459187085E-012   70.0000000000000     
   50.8000000000000      -4.481342449983303E-012   70.0000000000000     
   51.0000000000000      -4.005997213156988E-012   70.0000000000000     
   51.2000000000000      -2.883223754760932E-012   70.0000000000000     
   51.4000000000000      -1.298038166942248E-012   70.0000000000000     
   51.6000000000000       4.904305645977087E-013   70.0000000000000     
   51.8000000000000       2.191284280495579E-012   70.0000000000000     
   52.0000000000000       3.529153270186256E-012   70.0000000000000     
   52.2000000000000       4.288760505252138E-012   70.0000000000000     
   52.4000000000000       4.349543462532615E-012   70.0000000000000     
   52.6000000000000       3.704768481238152E-012   70.0000000000000     
   52.8000000000000       2.462110602433442E-012   70.0000000000000     
   53.0000000000000       8.256886734780412E-013   70.0000000000000     
   53.2000000000000      -9.374496985521306E-013   70.0000000000000     
   53.4000000000000      -2.540892671697412E-012   70.0000000000000     
   53.6000000000000      -3.725373824526238E-012   70.0000000000000     
   53.8000000000000      -4.300677053840177E-012   70.0000000000000     
   54.0000000000000      -4.176166413470494E-012   70.0000000000000     
   54.2000000000000      -3.375043570740132E-012   70.0000000000000     
   54.4000000000000      -2.030093679570210E-012   70.0000000000000     
   54.6000000000000      -3.616896853666532E-013   70.0000000000000     
   54.8000000000000       1.358303618164704E-012   70.0000000000000     
   55.0000000000000       2.850815588381568E-012   70.0000000000000     
   55.2000000000000       3.874834075242054E-012   70.0000000000000     
   55.4000000000000       4.266308864282852E-012   70.0000000000000     
   55.6000000000000       3.964417044380400E-012   70.0000000000000     
   55.8000000000000       3.020987623749033E-012   70.0000000000000     
   56.0000000000000       1.591629269785476E-012   70.0000000000000     
   56.2000000000000      -8.992413372336388E-014   70.0000000000000     
   56.4000000000000      -1.750022542752994E-012   70.0000000000000     
   56.6000000000000      -3.119619305250386E-012   70.0000000000000     
   56.8000000000000      -3.977860619659281E-012   70.0000000000000     
   57.0000000000000      -4.187685071754633E-012   70.0000000000000     
   57.2000000000000      -3.717697231816507E-012   70.0000000000000     
   57.4000000000000      -2.646826957876375E-012   70.0000000000000     
   57.6000000000000      -1.151089635245482E-012   70.0000000000000     
   57.8000000000000       5.253343758689531E-013   70.0000000000000     
   58.0000000000000       2.109951012611246E-012   70.0000000000000     
   58.2000000000000       3.346232508590016E-012   70.0000000000000     
   58.4000000000000       4.035132730629609E-012   70.0000000000000     
   58.6000000000000       4.067121310947202E-012   70.0000000000000     
   58.8000000000000       3.439583168317166E-012   70.0000000000000     
   59.0000000000000       2.256821848541298E-012   70.0000000000000     
   59.2000000000000       7.127348585444592E-013   70.0000000000000     
   59.4000000000000      -9.409633497204632E-013   70.0000000000000     
   59.6000000000000      -2.435764603918840E-012   70.0000000000000     
   59.8000000000000      -3.529952480358996E-012   70.0000000000000     
   60.0000000000000      -4.047676957292297E-012   70.0000000000000     
   60.2000000000000      -3.907203597650251E-012   70.0000000000000     
   60.4000000000000      -3.133801173790984E-012   70.0000000000000     
   60.6000000000000      -1.855238276558468E-012   70.0000000000000     
   60.8000000000000      -2.806852366138184E-013   70.0000000000000     
   61.0000000000000       1.333496399431557E-012   70.0000000000000     
   61.2000000000000       2.725483154284946E-012   70.0000000000000     
   61.4000000000000       3.670446890225149E-012   70.0000000000000     
   61.6000000000000       4.016857002658261E-012   70.0000000000000     
   61.8000000000000       3.710767759105581E-012   70.0000000000000     
   62.0000000000000       2.804199863041672E-012   70.0000000000000     
   62.2000000000000       1.446317220123918E-012   70.0000000000000     
   62.4000000000000      -1.411074268814192E-013   70.0000000000000     
   62.6000000000000      -1.699904044932645E-012   70.0000000000000     
   62.8000000000000      -2.977482828362552E-012   70.0000000000000     
   63.0000000000000      -3.767753918912911E-012   70.0000000000000     
   63.2000000000000      -3.944361990740803E-012   70.0000000000000     
   63.4000000000000      -3.480877879890755E-012   70.0000000000000     
   63.6000000000000      -2.454722430456269E-012   70.0000000000000     
   63.8000000000000      -1.034245472311057E-012   70.0000000000000     
   64.0000000000000       5.488855059811300E-013   70.0000000000000     
   64.2000000000000       2.037459741950035E-012   70.0000000000000     
   64.4000000000000       3.190502791350947E-012   70.0000000000000     
   64.6000000000000       3.822276469082896E-012   70.0000000000000     
   64.8000000000000       3.832188856883038E-012   70.0000000000000     
   65.0000000000000       3.220799435687722E-012   70.0000000000000     
   65.2000000000000       2.089374603035109E-012   70.0000000000000     
   65.4000000000000       6.231233429401120E-013   70.0000000000000     
   65.6000000000000      -9.391131179136324E-013   70.0000000000000     
   65.8000000000000      -2.343758487896103E-012   70.0000000000000     
   66.0000000000000      -3.363652075721762E-012   70.0000000000000     
   66.2000000000000      -3.834776417752278E-012   70.0000000000000     
   66.4000000000000      -3.682625163614409E-012   70.0000000000000     
   66.6000000000000      -2.933973717965280E-012   70.0000000000000     
   66.8000000000000      -1.712195097191633E-012   70.0000000000000     
   67.0000000000000      -2.169362332528910E-013   70.0000000000000     
   67.2000000000000       1.308498507683100E-012   70.0000000000000     
   67.4000000000000       2.616729207107040E-012   70.0000000000000     
   67.6000000000000       3.496409619713540E-012   70.0000000000000     
   67.8000000000000       3.806361958864759E-012   70.0000000000000     
   68.0000000000000       3.498225459757629E-012   70.0000000000000     
   68.2000000000000       2.623986712434560E-012   70.0000000000000     
   68.4000000000000       1.327221746910298E-012   70.0000000000000     
   68.6000000000000      -1.804767919940297E-013   70.0000000000000     
   68.8000000000000      -1.654018214964635E-012   70.0000000000000     
   69.0000000000000      -2.854647998888874E-012   70.0000000000000     
   69.2000000000000      -3.588624694000530E-012   70.0000000000000     
   69.4000000000000      -3.738475374290715E-012   70.0000000000000     
   69.6000000000000      -3.281788608075194E-012   70.0000000000000     
   69.8000000000000      -2.294539888845507E-012   70.0000000000000     
   70.0000000000000      -9.384607257505352E-013   70.0000000000000     
