   10.0000000000000      -1.874819549104898E-011   70.0000000000000     
   10.2000000000000      -1.521511547160406E-011   70.0000000000000     
   10.4000000000000      -9.432452305630044E-012   70.0000000000000     
   10.6000000000000      -2.456594386694963E-012   70.0000000000000     
   10.8000000000000       4.528862648049198E-012   70.0000000000000     
   11.0000000000000       1.040454295066892E-011   70.0000000000000     
   11.2000000000000       1.428680153597056E-011   70.0000000000000     
   11.4000000000000       1.565405240628523E-011   70.0000000000000     
   11.6000000000000       1.441065322362930E-011   70.0000000000000     
   11.8000000000000       1.088138061706687E-011   70.0000000000000     
   12.0000000000000       5.740470418025390E-012   70.0000000000000     
   12.2000000000000      -1.109023046776699E-013   70.0000000000000     
   12.4000000000000      -5.697438879129930E-012   70.0000000000000     
   12.6000000000000      -1.012772530970900E-011   70.0000000000000     
   12.8000000000000      -1.273250655541516E-011   70.0000000000000     
   13.0000000000000      -1.316232504765572E-011   70.0000000000000     
   13.2000000000000      -1.143074292470070E-011   70.0000000000000     
   13.4000000000000      -7.898379901053140E-012   70.0000000000000     
   13.6000000000000      -3.202442932794282E-012   70.0000000000000     
   13.8000000000000       1.855181323835339E-012   70.0000000000000     
   14.0000000000000       6.442128306820990E-012   70.0000000000000     
   14.2000000000000       9.830033994592397E-012   70.0000000000000     
   14.4000000000000       1.150794597471650E-011   70.0000000000000     
   14.6000000000000       1.125733224911018E-011   70.0000000000000     
   14.8000000000000       9.177969930345966E-012   70.0000000000000     
   15.0000000000000       5.662105624566441E-012   70.0000000000000     
   15.2000000000000       1.322563182070700E-012   70.0000000000000     
   15.4000000000000      -3.112377175239365E-012   70.0000000000000     
   15.6000000000000      -6.919587796116508E-012   70.0000000000000     
   15.8000000000000      -9.497481379636349E-012   70.0000000000000     
   16.0000000000000      -1.045968051944107E-011   70.0000000000000     
   16.2000000000000      -9.691590104392781E-012   70.0000000000000     
   16.4000000000000      -7.361790862048381E-012   70.0000000000000     
   16.6000000000000      -3.887594924480821E-012   70.0000000000000     
   16.8000000000000       1.385539560624392E-013   70.0000000000000     
   17.0000000000000       4.049056705572510E-012   70.0000000000000     
   17.2000000000000       7.210822108183285E-012   70.0000000000000     
   17.4000000000000       9.126773174022981E-012   70.0000000000000     
   17.6000000000000       9.513076108198182E-012   70.0000000000000     
   17.8000000000000       8.340231878363426E-012   70.0000000000000     
   18.0000000000000       5.832232463523209E-012   70.0000000000000     
   18.2000000000000       2.424840511860583E-012   70.0000000000000     
   18.4000000000000      -1.309409828892611E-012   70.0000000000000     
   18.6000000000000      -4.756710025215700E-012   70.0000000000000     
   18.8000000000000      -7.362164783209780E-012   70.0000000000000     
   19.0000000000000      -8.718432986284515E-012   70.0000000000000     
   19.2000000000000      -8.628768454397995E-012   70.0000000000000     
   19.4000000000000      -7.134802937206594E-012   70.0000000000000     
   19.6000000000000      -4.505274607400072E-012   70.0000000000000     
   19.8000000000000      -1.188263729319500E-012   70.0000000000000     
   20.0000000000000       2.264675794738384E-012   70.0000000000000     
   20.2000000000000       5.289729561759082E-012   70.0000000000000     
   20.4000000000000       7.402381471146439E-012   70.0000000000000     
   20.6000000000000       8.274532057055109E-012   70.0000000000000     
   20.8000000000000       7.784978053202154E-012   70.0000000000000     
   21.0000000000000       6.035560669258925E-012   70.0000000000000     
   21.2000000000000       3.330956871140748E-012   70.0000000000000     
   21.4000000000000       1.259853326912529E-013   70.0000000000000     
   21.6000000000000      -3.050525381191471E-012   70.0000000000000     
   21.8000000000000      -5.682625041250788E-012   70.0000000000000     
   22.0000000000000      -7.350672995300585E-012   70.0000000000000     
   22.2000000000000      -7.797881820066434E-012   70.0000000000000     
   22.4000000000000      -6.969478081104630E-012   70.0000000000000     
   22.6000000000000      -5.018566863699534E-012   70.0000000000000     
   22.8000000000000      -2.278252447674298E-012   70.0000000000000     
   23.0000000000000       7.949766250378718E-013   70.0000000000000     
   23.2000000000000       3.697022527054205E-012   70.0000000000000     
   23.4000000000000       5.958581720155071E-012   70.0000000000000     
   23.6000000000000       7.220754286759046E-012   70.0000000000000     
   23.8000000000000       7.291723515873699E-012   70.0000000000000     
   24.0000000000000       6.175598141523756E-012   70.0000000000000     
   24.2000000000000       4.069130716254381E-012   70.0000000000000     
   24.4000000000000       1.327275602940724E-012   70.0000000000000     
   24.6000000000000      -1.596426241907054E-012   70.0000000000000     
   24.8000000000000      -4.224658451983202E-012   70.0000000000000     
   25.0000000000000      -6.134032776113832E-012   70.0000000000000     
   25.2000000000000      -7.023072294931218E-012   70.0000000000000     
   25.4000000000000      -6.759593923270792E-012   70.0000000000000     
   25.6000000000000      -5.400077792021015E-012   70.0000000000000     
   25.8000000000000      -3.178233304806359E-012   70.0000000000000     
   26.0000000000000      -4.649876113127015E-013   70.0000000000000     
   26.2000000000000       2.293282680572319E-012   70.0000000000000     
   26.4000000000000       4.648018332044378E-012   70.0000000000000     
   26.6000000000000       6.221246086262469E-012   70.0000000000000     
   26.8000000000000       6.766073289575102E-012   70.0000000000000     
   27.0000000000000       6.205254602785880E-012   70.0000000000000     
   27.2000000000000       4.641834902241190E-012   70.0000000000000     
   27.4000000000000       2.340458172152944E-012   70.0000000000000     
   27.6000000000000      -3.173057346769965E-013   70.0000000000000     
   27.8000000000000      -2.896097480543534E-012   70.0000000000000     
   28.0000000000000      -4.977943347476036E-012   70.0000000000000     
   28.2000000000000      -6.229856536479630E-012   70.0000000000000     
   28.4000000000000      -6.456954753260664E-012   70.0000000000000     
   28.6000000000000      -5.632643694111825E-012   70.0000000000000     
   28.8000000000000      -3.901216327708853E-012   70.0000000000000     
   29.0000000000000      -1.552730596381572E-012   70.0000000000000     
   29.2000000000000       1.025483506925344E-012   70.0000000000000     
   29.4000000000000       3.412597881994510E-012   70.0000000000000     
   29.6000000000000       5.222859476985957E-012   70.0000000000000     
   29.8000000000000       6.167808267061511E-012   70.0000000000000     
   30.0000000000000       6.102124295542927E-012   70.0000000000000     
   30.2000000000000       5.045835866079233E-012   70.0000000000000     
   30.4000000000000       3.179517991579475E-012   70.0000000000000     
   30.6000000000000       8.135151020960302E-013   70.0000000000000     
   30.8000000000000      -1.663582401310619E-012   70.0000000000000     
   31.0000000000000      -3.848668400809531E-012   70.0000000000000     
   31.2000000000000      -5.389621782105146E-012   70.0000000000000     
   31.4000000000000      -6.041950681855078E-012   70.0000000000000     
   31.6000000000000      -5.707484193516330E-012   70.0000000000000     
   31.8000000000000      -4.449004436538725E-012   70.0000000000000     
   32.0000000000000      -2.478662276956129E-012   70.0000000000000     
   32.2000000000000      -1.222841333754091E-013   70.0000000000000     
   32.4000000000000       2.234437371564783E-012   70.0000000000000     
   32.6000000000000       4.208994837916499E-012   70.0000000000000     
   32.8000000000000       5.484065559660383E-012   70.0000000000000     
   33.0000000000000       5.858423464786039E-012   70.0000000000000     
   33.2000000000000       5.278608584848092E-012   70.0000000000000     
   33.4000000000000       3.846383838363956E-012   70.0000000000000     
   33.6000000000000       1.800971429833741E-012   70.0000000000000     
   33.8000000000000      -5.208461806347635E-013   70.0000000000000     
   34.0000000000000      -2.740116294823290E-012   70.0000000000000     
   34.2000000000000      -4.497497795737968E-012   70.0000000000000     
   34.4000000000000      -5.511373783567004E-012   70.0000000000000     
   34.6000000000000      -5.622908737928637E-012   70.0000000000000     
   34.8000000000000      -4.820852782074934E-012   70.0000000000000     
   35.0000000000000      -3.242232379393555E-012   70.0000000000000     
   35.2000000000000      -1.149002369289496E-012   70.0000000000000     
   35.4000000000000       1.115372967277075E-012   70.0000000000000     
   35.6000000000000       3.182221811833263E-012   70.0000000000000     
   35.8000000000000       4.717629846689784E-012   70.0000000000000     
   36.0000000000000       5.476324987390117E-012   70.0000000000000     
   36.2000000000000       5.340796288329022E-012   70.0000000000000     
   36.4000000000000       4.339417797802718E-012   70.0000000000000     
   36.6000000000000       2.640794786082208E-012   70.0000000000000     
   36.8000000000000       5.254215387321966E-013   70.0000000000000     
   37.0000000000000      -1.660593036908816E-012   70.0000000000000     
   37.2000000000000      -3.562105484535158E-012   70.0000000000000     
   37.4000000000000      -4.872582412010929E-012   70.0000000000000     
   37.6000000000000      -5.383461828814295E-012   70.0000000000000     
   37.8000000000000      -5.017291159865135E-012   70.0000000000000     
   38.0000000000000      -3.839385466930879E-012   70.0000000000000     
   38.2000000000000      -2.046265388398551E-012   70.0000000000000     
   38.4000000000000       6.709231717468787E-014   70.0000000000000     
   38.6000000000000       2.155740618436829E-012   70.0000000000000     
   38.8000000000000       3.881021490132882E-012   70.0000000000000     
   39.0000000000000       4.965430339943383E-012   70.0000000000000     
   39.2000000000000       5.237204860318210E-012   70.0000000000000     
   39.4000000000000       4.657481395858533E-012   70.0000000000000     
   39.6000000000000       3.325733270983154E-012   70.0000000000000     
   39.8000000000000       1.462751900363282E-012   70.0000000000000     
   40.0000000000000      -6.259257304088669E-013   70.0000000000000     
   40.2000000000000      -2.600090893868292E-012   70.0000000000000     
   40.4000000000000      -4.140237823163020E-012   70.0000000000000     
   40.6000000000000      -4.999232671398156E-012   70.0000000000000     
   40.8000000000000      -5.041927761016513E-012   70.0000000000000     
   41.0000000000000      -4.266377794372306E-012   70.0000000000000     
   41.2000000000000      -2.803335015571666E-012   70.0000000000000     
   41.4000000000000      -8.942398660592805E-013   70.0000000000000     
   41.6000000000000       1.148593917517219E-012   70.0000000000000     
   41.8000000000000       2.993039076832359E-012   70.0000000000000     
   42.0000000000000       4.341117262767600E-012   70.0000000000000     
   42.2000000000000       4.977102423820468E-012   70.0000000000000     
   42.4000000000000       4.802005611398319E-012   70.0000000000000     
   42.6000000000000       3.848934554473388E-012   70.0000000000000     
   42.8000000000000       2.276952623826013E-012   70.0000000000000     
   43.0000000000000       3.445591285040200E-013   70.0000000000000     
   43.2000000000000      -1.632792251306546E-012   70.0000000000000     
   43.4000000000000      -3.334160044450954E-012   70.0000000000000     
   43.6000000000000      -4.485174739334817E-012   70.0000000000000     
   43.8000000000000      -4.902252364745577E-012   70.0000000000000     
   44.0000000000000      -4.521842295957968E-012   70.0000000000000     
   44.2000000000000      -3.410055024627949E-012   70.0000000000000     
   44.4000000000000      -1.751220755460101E-012   70.0000000000000     
   44.6000000000000       1.826486780708462E-013   70.0000000000000     
   44.8000000000000       2.076439297933507E-012   70.0000000000000     
   45.0000000000000       3.623253969491370E-012   70.0000000000000     
   45.2000000000000       4.574117695248568E-012   70.0000000000000     
   45.4000000000000       4.778023613946570E-012   70.0000000000000     
   45.6000000000000       4.205883245124394E-012   70.0000000000000     
   45.8000000000000       2.954587419253341E-012   70.0000000000000     
   46.0000000000000       1.230627297406220E-012   70.0000000000000     
   46.2000000000000      -6.839605712248449E-013   70.0000000000000     
   46.4000000000000      -2.477712275558129E-012   70.0000000000000     
   46.6000000000000      -3.860380348000359E-012   70.0000000000000     
   46.8000000000000      -4.609872837283289E-012   70.0000000000000     
   47.0000000000000      -4.607900851607560E-012   70.0000000000000     
   47.2000000000000      -3.858617062830965E-012   70.0000000000000     
   47.4000000000000      -2.487313306733463E-012   70.0000000000000     
   47.6000000000000      -7.194914396610783E-013   70.0000000000000     
   47.8000000000000       1.156200118740906E-012   70.0000000000000     
   48.0000000000000       2.835075625000145E-012   70.0000000000000     
   48.2000000000000       4.045882037243893E-012   70.0000000000000     
   48.4000000000000       4.594601441016759E-012   70.0000000000000     
   48.6000000000000       4.395516391559702E-012   70.0000000000000     
   48.8000000000000       3.484567952281844E-012   70.0000000000000     
   49.0000000000000       2.012930055930242E-012   70.0000000000000     
   49.2000000000000       2.219395350374146E-013   70.0000000000000     
   49.4000000000000      -1.596463698941744E-012   70.0000000000000     
   49.6000000000000      -3.147304668178468E-012   70.0000000000000     
   49.8000000000000      -4.180402176355351E-012   70.0000000000000     
   50.0000000000000      -4.530706701064499E-012   70.0000000000000     
   50.2000000000000      -4.144646903730875E-012   70.0000000000000     
   50.4000000000000      -3.088282679047499E-012   70.0000000000000     
   50.6000000000000      -1.536030644246172E-012   70.0000000000000     
   50.8000000000000       2.581183979846446E-013   70.0000000000000     
   51.0000000000000       2.002142907698163E-012   70.0000000000000     
   51.2000000000000       3.413502768410026E-012   70.0000000000000     
   51.4000000000000       4.264892913288884E-012   70.0000000000000     
   51.6000000000000       4.420832359929739E-012   70.0000000000000     
   51.8000000000000       3.859202081544110E-012   70.0000000000000     
   52.0000000000000       2.674311177219818E-012   70.0000000000000     
   52.2000000000000       1.061079521297756E-012   70.0000000000000     
   52.4000000000000      -7.170134059746418E-013   70.0000000000000     
   52.6000000000000      -2.370945635378747E-012   70.0000000000000     
   52.8000000000000      -3.633115147518412E-012   70.0000000000000     
   53.0000000000000      -4.300619624971160E-012   70.0000000000000     
   53.2000000000000      -4.267856667341614E-012   70.0000000000000     
   53.4000000000000      -3.543209463243783E-012   70.0000000000000     
   53.6000000000000      -2.247184946613781E-012   70.0000000000000     
   53.8000000000000      -5.923884173162935E-013   70.0000000000000     
   54.0000000000000       1.151340086395723E-012   70.0000000000000     
   54.2000000000000       2.700912833898293E-012   70.0000000000000     
   54.4000000000000       3.805936894917027E-012   70.0000000000000     
   54.6000000000000       4.289158628822489E-012   70.0000000000000     
   54.8000000000000       4.074880023682001E-012   70.0000000000000     
   55.0000000000000       3.200793973215793E-012   70.0000000000000     
   55.2000000000000       1.811391865451549E-012   70.0000000000000     
   55.4000000000000       1.340906384220497E-013   70.0000000000000     
   55.6000000000000      -1.557978474654882E-012   70.0000000000000     
   55.8000000000000      -2.990432864346652E-012   70.0000000000000     
   56.0000000000000      -3.932117303114439E-012   70.0000000000000     
   56.2000000000000      -4.232390708990150E-012   70.0000000000000     
   56.4000000000000      -3.845208720157110E-012   70.0000000000000     
   56.6000000000000      -2.836154557641637E-012   70.0000000000000     
   56.8000000000000      -1.371349618972225E-012   70.0000000000000     
   57.0000000000000       3.098842475974092E-013   70.0000000000000     
   57.2000000000000       1.934113817738573E-012   70.0000000000000     
   57.4000000000000       3.238252348162394E-012   70.0000000000000     
   57.6000000000000       4.012159889140186E-012   70.0000000000000     
   57.8000000000000       4.132490204191731E-012   70.0000000000000     
   58.0000000000000       3.582334821443509E-012   70.0000000000000     
   58.2000000000000       2.453538145274297E-012   70.0000000000000     
   58.4000000000000       9.313780383623169E-013   70.0000000000000     
   58.6000000000000      -7.358350879875106E-013   70.0000000000000     
   58.8000000000000      -2.277254119270623E-012   70.0000000000000     
   59.0000000000000      -3.443483584895172E-012   70.0000000000000     
   59.2000000000000      -4.046918345749968E-012   70.0000000000000     
   59.4000000000000      -3.991910041759070E-012   70.0000000000000     
   59.6000000000000      -3.289912640706938E-012   70.0000000000000     
   59.8000000000000      -2.057211350158453E-012   70.0000000000000     
   60.0000000000000      -4.956706278275456E-013   70.0000000000000     
   60.2000000000000       1.140313142804416E-012   70.0000000000000     
   60.4000000000000       2.585245725654402E-012   70.0000000000000     
   60.6000000000000       3.605609158724695E-012   70.0000000000000     
   60.8000000000000       4.037589400233663E-012   70.0000000000000     
   61.0000000000000       3.813364017031298E-012   70.0000000000000     
   61.2000000000000       2.971733362095656E-012   70.0000000000000     
   61.4000000000000       1.651431641843429E-012   70.0000000000000     
   61.6000000000000       6.826708375514701E-014   70.0000000000000     
   61.8000000000000      -1.520143605883576E-012   70.0000000000000     
   62.0000000000000      -2.856285225866268E-012   70.0000000000000     
   62.2000000000000      -3.724482112132597E-012   70.0000000000000     
   62.4000000000000      -3.985701067251367E-012   70.0000000000000     
   62.6000000000000      -3.599804882753598E-012   70.0000000000000     
   62.8000000000000      -2.631696397983015E-012   70.0000000000000     
   63.0000000000000      -1.240416521674897E-012   70.0000000000000     
   63.2000000000000       3.469747787657350E-013   70.0000000000000     
   63.4000000000000       1.872446422345435E-012   70.0000000000000     
   63.6000000000000       3.088929671883852E-012   70.0000000000000     
   63.8000000000000       3.800323944555654E-012   70.0000000000000     
   64.0000000000000       3.893098790762237E-012   70.0000000000000     
   64.2000000000000       3.354400938281475E-012   70.0000000000000     
   64.4000000000000       2.273780300597119E-012   70.0000000000000     
   64.6000000000000       8.283135773223689E-013   70.0000000000000     
   64.8000000000000      -7.464048452618807E-013   70.0000000000000     
   65.0000000000000      -2.194653647740695E-012   70.0000000000000     
   65.2000000000000      -3.282102501977575E-012   70.0000000000000     
   65.4000000000000      -3.833717972614153E-012   70.0000000000000     
   65.6000000000000      -3.761927152993651E-012   70.0000000000000     
   65.8000000000000      -3.080508897036793E-012   70.0000000000000     
   66.0000000000000      -1.902011044920740E-012   70.0000000000000     
   66.2000000000000      -4.191691973820484E-013   70.0000000000000     
   66.4000000000000       1.126606593763210E-012   70.0000000000000     
   66.6000000000000       2.484525846556717E-012   70.0000000000000     
   66.8000000000000       3.435097877633774E-012   70.0000000000000     
   67.0000000000000       3.825600991531972E-012   70.0000000000000     
   67.2000000000000       3.594610306745262E-012   70.0000000000000     
   67.4000000000000       2.781646367703427E-012   70.0000000000000     
   67.6000000000000       1.520431141270831E-012   70.0000000000000     
   67.8000000000000       1.689946162516160E-014   70.0000000000000     
   68.0000000000000      -1.484419551260980E-012   70.0000000000000     
   68.2000000000000      -2.740164083271419E-012   70.0000000000000     
   68.4000000000000      -3.547580082992374E-012   70.0000000000000     
   68.6000000000000      -3.777249993029429E-012   70.0000000000000     
   68.8000000000000      -3.393827978928920E-012   70.0000000000000     
   69.0000000000000      -2.461460854819907E-012   70.0000000000000     
   69.2000000000000      -1.133066491899345E-012   70.0000000000000     
   69.4000000000000       3.747399241803551E-013   70.0000000000000     
   69.6000000000000       1.816961540320386E-012   70.0000000000000     
   69.8000000000000       2.960020860986195E-012   70.0000000000000     
   70.0000000000000       3.619581485147416E-012   70.0000000000000     
