   70.0000000000000      -4.308572283418441E-012   70.0040738265156     
   70.0000000000000      -5.824506467141347E-012   69.9168422529932     
   70.0000000000000      -6.987202115159210E-012   69.8295816139486     
   70.0000000000000      -7.843417171647466E-012   69.7423184306103     
   70.0000000000000      -8.434496078704081E-012   69.6550793245736     
   70.0000000000000      -8.796755898380431E-012   69.5678910102671     
   70.0000000000000      -8.962271442687460E-012   69.4807802872705     
   70.0000000000000      -8.958950024231752E-012   69.3937740324868     
   70.0000000000000      -8.811327208474168E-012   69.3068991921666     
   70.0000000000000      -8.540805686889191E-012   69.2201827737866     
   70.0000000000000      -8.166001574138280E-012   69.1336518377814     
   70.0000000000000      -7.703168550514185E-012   69.0473334891312     
   70.0000000000000      -7.166490763386052E-012   68.9612548688046     
   70.0000000000000      -6.568277117392547E-012   68.8754431450589     
   70.0000000000000      -5.919323859759375E-012   68.7899255045977     
   70.0000000000000      -5.228997749586688E-012   68.7047291435901     
   70.0000000000000      -4.505530541865875E-012   68.6198812585503     
   70.0000000000000      -3.756115860550943E-012   68.5354090370809     
   70.0000000000000      -2.987066427433546E-012   68.4513396484834     
   70.0000000000000      -2.203954838982902E-012   68.3677002342355     
   70.0000000000000      -1.411690799283721E-012   68.2845178983411     
   70.0000000000000      -6.146381636171737E-013   68.2018196975529     
   70.0000000000000       1.833314683171022E-013   68.1196326314737     
   70.0000000000000       9.787562141388112E-013   68.0379836325380     
   70.0000000000000       1.768529118885179E-012   67.9568995558777     
   70.0000000000000       2.549856891840913E-012   67.8764071690769     
   70.0000000000000       3.320223511637923E-012   67.7965331418199     
   70.0000000000000       4.077336734204520E-012   67.7173040354352     
   70.0000000000000       4.819121089420656E-012   67.6387462923434     
   70.0000000000000       5.543688644576895E-012   67.5608862254112     
   70.0000000000000       6.249316329915585E-012   67.4837500072184     
   70.0000000000000       6.934431720338875E-012   67.4073636592434     
   70.0000000000000       7.597607143343403E-012   67.3317530409723     
   70.0000000000000       8.237543134660513E-012   67.2569438389395     
   70.0000000000000       8.853063999328205E-012   67.1829615557045     
   70.0000000000000       9.443109585389436E-012   67.1098314987720     
   70.0000000000000       1.000673523666037E-011   67.0375787694636     
   70.0000000000000       1.054310239990494E-011   66.9662282517473     
   70.0000000000000       1.105148358833072E-011   66.8958046010318     
   70.0000000000000       1.153125253125290E-011   66.8263322329353     
   70.0000000000000       1.198189069813500E-011   66.7578353120351     
   70.0000000000000       1.240298194244372E-011   66.6903377406072     
   70.0000000000000       1.279421332204934E-011   66.6238631473641     
   70.0000000000000       1.315537448548253E-011   66.5584348762005     
   70.0000000000000       1.348635668774409E-011   66.4940759749539     
   70.0000000000000       1.378715340690098E-011   66.4308091841924     
   70.0000000000000       1.405785860911511E-011   66.3686569260357     
   70.0000000000000       1.429866653163601E-011   66.3076412930219     
   70.0000000000000       1.450987010301652E-011   66.2477840370281     
   70.0000000000000       1.469186011874289E-011   66.1891065582556     
   70.0000000000000       1.484512268990070E-011   66.1316298942896     
   70.0000000000000       1.497023901255342E-011   66.0753747092432     
   70.0000000000000       1.506788047087034E-011   66.0203612829977     
   70.0000000000000       1.513880877211108E-011   65.9666095005474     
   70.0000000000000       1.518387171581010E-011   65.9141388414616     
   70.0000000000000       1.520399962786966E-011   65.8629683694730     
   70.0000000000000       1.520020231362137E-011   65.8131167222044     
   70.0000000000000       1.517356613983377E-011   65.7646021010431     
   70.0000000000000       1.512524784876304E-011   65.7174422611752     
   70.0000000000000       1.505647331669811E-011   65.6716545017896     
   70.0000000000000       1.496853037095233E-011   65.6272556564630     
   70.0000000000000       1.486276475578064E-011   65.5842620837358     
   70.0000000000000       1.474057617319386E-011   65.5426896578908     
   70.0000000000000       1.460341234478907E-011   65.5025537599439     
   70.0000000000000       1.445276426402233E-011   65.4638692688584     
   70.0000000000000       1.429015886114109E-011   65.4266505529917     
   70.0000000000000       1.411715802594686E-011   65.3909114617869     
   70.0000000000000       1.393534708529654E-011   65.3566653177161     
   70.0000000000000       1.374633520278146E-011   65.3239249084886     
   70.0000000000000       1.355174418550598E-011   65.2927024795304     
   70.0000000000000       1.335320778669703E-011   65.2630097267464     
   70.0000000000000       1.315236100961998E-011   65.2348577895735     
   70.0000000000000       1.295083881817415E-011   65.2082572443335     
   70.0000000000000       1.275026746998205E-011   65.1832180978943     
   70.0000000000000       1.255226003097562E-011   65.1597497816467     
   70.0000000000000       1.235841003886839E-011   65.1378611458062     
   70.0000000000000       1.217028676511464E-011   65.1175604540460     
   70.0000000000000       1.198942842131475E-011   65.0988553784676     
   70.0000000000000       1.181733828368124E-011   65.0817529949175     
   70.0000000000000       1.165547773751158E-011   65.0662597786549     
   70.0000000000000       1.150526150205198E-011   65.0523816003757     
   70.0000000000000       1.136805315462978E-011   65.0401237225997     
   70.0000000000000       1.124515914760830E-011   65.0294907964241     
   70.0000000000000       1.113782440820251E-011   65.0204868586492     
   70.0000000000000       1.104722743590262E-011   65.0131153292789     
   70.0000000000000       1.097447592207518E-011   65.0073790094001     
   70.0000000000000       1.092060218178948E-011   65.0032800794439     
   70.0000000000000       1.088655910321335E-011   65.0008200978305     
   70.0000000000000       1.087321622297195E-011   65.0000000000000     
   70.0000000000000       1.088135597419723E-011   65.0008200978305     
   70.0000000000000       1.091167028380277E-011   65.0032800794439     
   70.0000000000000       1.096475736685132E-011   65.0073790094001     
   70.0000000000000       1.104111890003559E-011   65.0131153292789     
   70.0000000000000       1.114115744850577E-011   65.0204868586492     
   70.0000000000000       1.126517410259274E-011   65.0294907964241     
   70.0000000000000       1.141336680466123E-011   65.0401237225997     
   70.0000000000000       1.158582862150376E-011   65.0523816003757     
   70.0000000000000       1.178254679510289E-011   65.0662597786549     
   70.0000000000000       1.200340135512570E-011   65.0817529949175     
   70.0000000000000       1.224816597826842E-011   65.0988553784676     
   70.0000000000000       1.251650720719217E-011   65.1175604540460     
   70.0000000000000       1.280798417878792E-011   65.1378611458062     
   70.0000000000000       1.312205179465105E-011   65.1597497816467     
   70.0000000000000       1.345805983545341E-011   65.1832180978943     
   70.0000000000000       1.381525666097520E-011   65.2082572443335     
   70.0000000000000       1.419279019642944E-011   65.2348577895735     
   70.0000000000000       1.458971179671257E-011   65.2630097267464     
   70.0000000000000       1.500497735271763E-011   65.2927024795304     
   70.0000000000000       1.543745630782721E-011   65.3239249084886     
   70.0000000000000       1.588592767577710E-011   65.3566653177161     
   70.0000000000000       1.634909404032582E-011   65.3909114617869     
   70.0000000000000       1.682557666517647E-011   65.4266505529917     
   70.0000000000000       1.731393245020592E-011   65.4638692688584     
   70.0000000000000       1.781264667158928E-011   65.5025537599439     
   70.0000000000000       1.832015273333191E-011   65.5426896578908     
   70.0000000000000       1.883482833785343E-011   65.5842620837358     
   70.0000000000000       1.935500691003334E-011   65.6272556564630     
   70.0000000000000       1.987898343476412E-011   65.6716545017896     
   70.0000000000000       2.040502451368948E-011   65.7174422611752     
   70.0000000000000       2.093137322169820E-011   65.7646021010431     
   70.0000000000000       2.145625357473505E-011   65.8131167222044     
   70.0000000000000       2.197788849122047E-011   65.8629683694730     
   70.0000000000000       2.249449566602739E-011   65.9141388414616     
   70.0000000000000       2.300430421071266E-011   65.9666095005474     
   70.0000000000000       2.350555929163290E-011   66.0203612829977     
   70.0000000000000       2.399652613700757E-011   66.0753747092432     
   70.0000000000000       2.447549683419741E-011   66.1316298942896     
   70.0000000000000       2.494081440378655E-011   66.1891065582556     
   70.0000000000000       2.539084479522549E-011   66.2477840370281     
   70.0000000000000       2.582402464496430E-011   66.3076412930219     
   70.0000000000000       2.623883163656683E-011   66.3686569260357     
   70.0000000000000       2.663380696887089E-011   66.4308091841924     
   70.0000000000000       2.700755991800459E-011   66.4940759749539     
   70.0000000000000       2.735876388109178E-011   66.5584348762005     
   70.0000000000000       2.768616670046642E-011   66.6238631473641     
   70.0000000000000       2.798858480863283E-011   66.6903377406072     
   70.0000000000000       2.826491201972246E-011   66.7578353120351     
   70.0000000000000       2.851411565882383E-011   66.8263322329353     
   70.0000000000000       2.873523547343798E-011   66.8958046010318     
   70.0000000000000       2.892738572123346E-011   66.9662282517473     
   70.0000000000000       2.908973908552640E-011   67.0375787694636     
   70.0000000000000       2.922154352440703E-011   67.1098314987720     
   70.0000000000000       2.932209496061974E-011   67.1829615557045     
   70.0000000000000       2.939074769024383E-011   67.2569438389395     
   70.0000000000000       2.942689254665340E-011   67.3317530409723     
   70.0000000000000       2.942995599656743E-011   67.4073636592434     
   70.0000000000000       2.939938416316988E-011   67.4837500072184     
   70.0000000000000       2.933463473758328E-011   67.5608862254112     
   70.0000000000000       2.923515250578408E-011   67.6387462923434     
   70.0000000000000       2.910036284481526E-011   67.7173040354352     
   70.0000000000000       2.892965414583417E-011   67.7965331418199     
   70.0000000000000       2.872235289941318E-011   67.8764071690769     
   70.0000000000000       2.847769592887561E-011   67.9568995558777     
   70.0000000000000       2.819482938873511E-011   68.0379836325380     
   70.0000000000000       2.787276073813291E-011   68.1196326314737     
   70.0000000000000       2.751033590349007E-011   68.2018196975529     
   70.0000000000000       2.710621531778225E-011   68.2845178983411     
   70.0000000000000       2.665884215816152E-011   68.3677002342355     
   70.0000000000000       2.616639380356951E-011   68.4513396484834     
   70.0000000000000       2.562676517272658E-011   68.5354090370809     
   70.0000000000000       2.503750761686408E-011   68.6198812585503     
   70.0000000000000       2.439580917948042E-011   68.7047291435901     
   70.0000000000000       2.369843553252148E-011   68.7899255045977     
   70.0000000000000       2.294167335786662E-011   68.8754431450589     
   70.0000000000000       2.212132689696908E-011   68.9612548688046     
   70.0000000000000       2.123259541991472E-011   69.0473334891312     
   70.0000000000000       2.027010823768928E-011   69.1336518377814     
   70.0000000000000       1.922779697638057E-011   69.2201827737866     
   70.0000000000000       1.809889778013285E-011   69.3068991921666     
   70.0000000000000       1.687591237014346E-011   69.3937740324868     
   70.0000000000000       1.555052313159702E-011   69.4807802872705     
   70.0000000000000       1.411358547006774E-011   69.5678910102671     
   70.0000000000000       1.255520169893899E-011   69.6550793245736     
   70.0000000000000       1.086454478602768E-011   69.7423184306103     
   70.0000000000000       9.030090859367130E-012   69.8295816139486     
   70.0000000000000       7.039536195873268E-012   69.9168422529932     
   70.0000000000000       4.879960809697351E-012   70.0040738265156     
   70.0000000000000       2.537986907267935E-012   70.0912499210415     
