   70.0000000000000      -1.943549130355662E-011   70.0040738265156     
   70.0000000000000      -3.400377788844873E-011   69.8295816139486     
   70.0000000000000      -4.473112573767805E-011   69.6550793245736     
   70.0000000000000      -5.244982583898768E-011   69.4807802872705     
   70.0000000000000      -5.782332000346866E-011   69.3068991921666     
   70.0000000000000      -6.137366064365927E-011   69.1336518377814     
   70.0000000000000      -6.350701699531537E-011   68.9612548688046     
   70.0000000000000      -6.453744968628094E-011   68.7899255045977     
   70.0000000000000      -6.470645831962538E-011   68.6198812585503     
   70.0000000000000      -6.419929277140042E-011   68.4513396484834     
   70.0000000000000      -6.315798091737283E-011   68.2845178983411     
   70.0000000000000      -6.169180235839227E-011   68.1196326314737     
   70.0000000000000      -5.988535467269741E-011   67.9568995558777     
   70.0000000000000      -5.780496085948219E-011   67.7965331418199     
   70.0000000000000      -5.550350965917501E-011   67.6387462923434     
   70.0000000000000      -5.302420260935745E-011   67.4837500072184     
   70.0000000000000      -5.040341699521266E-011   67.3317530409723     
   70.0000000000000      -4.767272870294685E-011   67.1829615557045     
   70.0000000000000      -4.486051478171018E-011   67.0375787694636     
   70.0000000000000      -4.199301890418820E-011   66.8958046010318     
   70.0000000000000      -3.909510786394367E-011   66.7578353120351     
   70.0000000000000      -3.619069875770661E-011   66.6238631473641     
   70.0000000000000      -3.330301757882535E-011   66.4940759749539     
   70.0000000000000      -3.045466896792376E-011   66.3686569260357     
   70.0000000000000      -2.766754878367531E-011   66.2477840370281     
   70.0000000000000      -2.496271216897315E-011   66.1316298942896     
   70.0000000000000      -2.236011175463816E-011   66.0203612829977     
   70.0000000000000      -1.987832822998716E-011   65.9141388414616     
   70.0000000000000      -1.753427976576373E-011   65.8131167222044     
   70.0000000000000      -1.534290182045428E-011   65.7174422611752     
   70.0000000000000      -1.331686472649190E-011   65.6272556564630     
   70.0000000000000      -1.146629244933927E-011   65.5426896578908     
   70.0000000000000      -9.798540697881182E-012   65.4638692688584     
   70.0000000000000      -8.317995259052104E-012   65.3909114617869     
   70.0000000000000      -7.025950012686550E-012   65.3239249084886     
   70.0000000000000      -5.920526420436427E-012   65.2630097267464     
   70.0000000000000      -4.996659168117428E-012   65.2082572443335     
   70.0000000000000      -4.246149724881009E-012   65.1597497816467     
   70.0000000000000      -3.657777090772214E-012   65.1175604540460     
   70.0000000000000      -3.217475622281596E-012   65.0817529949175     
   70.0000000000000      -2.908568738776665E-012   65.0523816003757     
   70.0000000000000      -2.712054613128599E-012   65.0294907964241     
   70.0000000000000      -2.606940850156463E-012   65.0131153292789     
   70.0000000000000      -2.570617759006510E-012   65.0032800794439     
   70.0000000000000      -2.579263375818605E-012   65.0000000000000     
   70.0000000000000      -2.608271322811420E-012   65.0032800794439     
   70.0000000000000      -2.632692168114426E-012   65.0131153292789     
   70.0000000000000      -2.627678998261490E-012   65.0294907964241     
   70.0000000000000      -2.568927693013705E-012   65.0523816003757     
   70.0000000000000      -2.433102833564840E-012   65.0817529949175     
   70.0000000000000      -2.198240324261463E-012   65.1175604540460     
   70.0000000000000      -1.844119320930846E-012   65.1597497816467     
   70.0000000000000      -1.352594665093312E-012   65.2082572443335     
   70.0000000000000      -7.078848625715677E-013   65.2630097267464     
   70.0000000000000       1.031883323100022E-013   65.3239249084886     
   70.0000000000000       1.091017836587421E-012   65.3909114617869     
   70.0000000000000       2.263081480888702E-012   65.4638692688584     
   70.0000000000000       3.623872552794422E-012   65.5426896578908     
   70.0000000000000       5.174890831927584E-012   65.6272556564630     
   70.0000000000000       6.914675216837127E-012   65.7174422611752     
   70.0000000000000       8.838908293209151E-012   65.8131167222044     
   70.0000000000000       1.094054652347667E-011   65.9141388414616     
   70.0000000000000       1.321000764389915E-011   66.0203612829977     
   70.0000000000000       1.563536763969423E-011   66.1316298942896     
   70.0000000000000       1.820259834991249E-011   66.2477840370281     
   70.0000000000000       2.089578821120634E-011   66.3686569260357     
   70.0000000000000       2.369735225378569E-011   66.4940759749539     
   70.0000000000000       2.658824448012984E-011   66.6238631473641     
   70.0000000000000       2.954806105504712E-011   66.7578353120351     
   70.0000000000000       3.255510971378725E-011   66.8958046010318     
   70.0000000000000       3.558634030794196E-011   67.0375787694636     
   70.0000000000000       3.861710179805539E-011   67.1829615557045     
   70.0000000000000       4.162074091298220E-011   67.3317530409723     
   70.0000000000000       4.456788336656672E-011   67.4837500072184     
   70.0000000000000       4.742540849085202E-011   67.6387462923434     
   70.0000000000000       5.015488505754869E-011   67.7965331418199     
   70.0000000000000       5.271057042094695E-011   67.9568995558777     
   70.0000000000000       5.503654510858222E-011   68.1196326314737     
   70.0000000000000       5.706291716708876E-011   68.2845178983411     
   70.0000000000000       5.870086535568626E-011   68.4513396484834     
   70.0000000000000       5.983601562661552E-011   68.6198812585503     
   70.0000000000000       6.032002122245056E-011   68.7899255045977     
   70.0000000000000       5.995954214153412E-011   68.9612548688046     
   70.0000000000000       5.850241460439255E-011   69.1336518377814     
   70.0000000000000       5.562019168020402E-011   69.3068991921666     
   70.0000000000000       5.088700983832921E-011   69.4807802872705     
   70.0000000000000       4.375364263876313E-011   69.6550793245736     
   70.0000000000000       3.351917903464556E-011   69.8295816139486     
   70.0000000000000       1.929995077268045E-011   70.0040738265156     
