   70.0000000000000       1.990733827843559E-011   70.0040738265156     
   70.0000000000000       3.471423201058955E-011   69.8295816139486     
   70.0000000000000       4.551938415512273E-011   69.6550793245736     
   70.0000000000000       5.321002292757024E-011   69.4807802872705     
   70.0000000000000       5.849081828285818E-011   69.3068991921666     
   70.0000000000000       6.191453627793621E-011   69.1336518377814     
   70.0000000000000       6.391009151538568E-011   68.9612548688046     
   70.0000000000000       6.480833902335378E-011   68.7899255045977     
   70.0000000000000       6.486312938590847E-011   68.6198812585503     
   70.0000000000000       6.426874635614022E-011   68.4513396484834     
   70.0000000000000       6.317375582053052E-011   68.2845178983411     
   70.0000000000000       6.169207476373452E-011   68.1196326314737     
   70.0000000000000       5.991146300599833E-011   67.9568995558777     
   70.0000000000000       5.790023647735388E-011   67.7965331418199     
   70.0000000000000       5.571232819188795E-011   67.6387462923434     
   70.0000000000000       5.339119793514226E-011   67.4837500072184     
   70.0000000000000       5.097281706064396E-011   67.3317530409723     
   70.0000000000000       4.848779025858957E-011   67.1829615557045     
   70.0000000000000       4.596303445788428E-011   67.0375787694636     
   70.0000000000000       4.342290785047278E-011   66.8958046010318     
   70.0000000000000       4.089001300556708E-011   66.7578353120351     
   70.0000000000000       3.838565579876383E-011   66.6238631473641     
   70.0000000000000       3.593010988801190E-011   66.4940759749539     
   70.0000000000000       3.354266314143363E-011   66.3686569260357     
   70.0000000000000       3.124147221408533E-011   66.2477840370281     
   70.0000000000000       2.904332395765342E-011   66.1316298942896     
   70.0000000000000       2.696322717265764E-011   66.0203612829977     
   70.0000000000000       2.501395397575686E-011   65.9141388414616     
   70.0000000000000       2.320554065905579E-011   65.8131167222044     
   70.0000000000000       2.154478495503286E-011   65.7174422611752     
   70.0000000000000       2.003486430225587E-011   65.6272556564630     
   70.0000000000000       1.867512914149472E-011   65.5426896578908     
   70.0000000000000       1.746120828234503E-011   65.4638692688584     
   70.0000000000000       1.638545684011188E-011   65.3909114617869     
   70.0000000000000       1.543780117400140E-011   65.3239249084886     
   70.0000000000000       1.460687479544450E-011   65.2630097267464     
   70.0000000000000       1.388131221955109E-011   65.2082572443335     
   70.0000000000000       1.325100069320560E-011   65.1597497816467     
   70.0000000000000       1.270807669125830E-011   65.1175604540460     
   70.0000000000000       1.224751540072250E-011   65.0817529949175     
   70.0000000000000       1.186721594725521E-011   65.0523816003757     
   70.0000000000000       1.156757729516560E-011   65.0294907964241     
   70.0000000000000       1.135065525054718E-011   65.0131153292789     
   70.0000000000000       1.121907427891556E-011   65.0032800794439     
   70.0000000000000       1.117494655885833E-011   65.0000000000000     
   70.0000000000000       1.121907427891556E-011   65.0032800794439     
   70.0000000000000       1.135065525054718E-011   65.0131153292789     
   70.0000000000000       1.156757729516560E-011   65.0294907964241     
   70.0000000000000       1.186721594725521E-011   65.0523816003757     
   70.0000000000000       1.224751540072250E-011   65.0817529949175     
   70.0000000000000       1.270807669125830E-011   65.1175604540460     
   70.0000000000000       1.325100069320560E-011   65.1597497816467     
   70.0000000000000       1.388131221955109E-011   65.2082572443335     
   70.0000000000000       1.460687479544450E-011   65.2630097267464     
   70.0000000000000       1.543780117400140E-011   65.3239249084886     
   70.0000000000000       1.638545684011188E-011   65.3909114617869     
   70.0000000000000       1.746120828234503E-011   65.4638692688584     
   70.0000000000000       1.867512914149472E-011   65.5426896578908     
   70.0000000000000       2.003486430225587E-011   65.6272556564630     
   70.0000000000000       2.154478495503286E-011   65.7174422611752     
   70.0000000000000       2.320554065905580E-011   65.8131167222044     
   70.0000000000000       2.501395397575686E-011   65.9141388414616     
   70.0000000000000       2.696322717265765E-011   66.0203612829977     
   70.0000000000000       2.904332395765342E-011   66.1316298942896     
   70.0000000000000       3.124147221408533E-011   66.2477840370281     
   70.0000000000000       3.354266314143364E-011   66.3686569260357     
   70.0000000000000       3.593010988801189E-011   66.4940759749539     
   70.0000000000000       3.838565579876382E-011   66.6238631473641     
   70.0000000000000       4.089001300556706E-011   66.7578353120351     
   70.0000000000000       4.342290785047281E-011   66.8958046010318     
   70.0000000000000       4.596303445788427E-011   67.0375787694636     
   70.0000000000000       4.848779025858958E-011   67.1829615557045     
   70.0000000000000       5.097281706064396E-011   67.3317530409723     
   70.0000000000000       5.339119793514226E-011   67.4837500072184     
   70.0000000000000       5.571232819188794E-011   67.6387462923434     
   70.0000000000000       5.790023647735387E-011   67.7965331418199     
   70.0000000000000       5.991146300599833E-011   67.9568995558777     
   70.0000000000000       6.169207476373452E-011   68.1196326314737     
   70.0000000000000       6.317375582053046E-011   68.2845178983411     
   70.0000000000000       6.426874635614022E-011   68.4513396484834     
   70.0000000000000       6.486312938590847E-011   68.6198812585503     
   70.0000000000000       6.480833902335380E-011   68.7899255045977     
   70.0000000000000       6.391009151538568E-011   68.9612548688046     
   70.0000000000000       6.191453627793622E-011   69.1336518377814     
   70.0000000000000       5.849081828285816E-011   69.3068991921666     
   70.0000000000000       5.321002292757022E-011   69.4807802872705     
   70.0000000000000       4.551938415512266E-011   69.6550793245736     
   70.0000000000000       3.471423201058967E-011   69.8295816139486     
   70.0000000000000       1.990733827843568E-011   70.0040738265156     
