   70.0000000000000                          NaN   2.00000000000000     
   70.0000000000000      -3.231431279073519E-011   3.00000000000000     
   70.0000000000000      -3.839619616715578E-011   4.00000000000000     
   70.0000000000000      -4.362913339251969E-011   5.00000000000000     
   70.0000000000000      -4.811611845508859E-011   6.00000000000000     
   70.0000000000000      -5.185303845980660E-011   7.00000000000000     
   70.0000000000000      -5.500511214859283E-011   8.00000000000000     
   70.0000000000000      -5.760834123034917E-011   9.00000000000000     
   70.0000000000000      -5.972401121365152E-011   10.0000000000000     
   70.0000000000000      -6.143558302612068E-011   11.0000000000000     
   70.0000000000000      -6.277487212493076E-011   12.0000000000000     
   70.0000000000000      -6.379015807911157E-011   13.0000000000000     
   70.0000000000000      -6.451722506880916E-011   14.0000000000000     
   70.0000000000000      -6.499311929318835E-011   15.0000000000000     
   70.0000000000000      -6.524554248329092E-011   16.0000000000000     
   70.0000000000000      -6.530077729794242E-011   17.0000000000000     
   70.0000000000000      -6.518145840813423E-011   18.0000000000000     
   70.0000000000000      -6.490792778339400E-011   19.0000000000000     
   70.0000000000000      -6.449585748351006E-011   20.0000000000000     
   70.0000000000000      -6.396064459166920E-011   21.0000000000000     
   70.0000000000000      -6.331561292186567E-011   22.0000000000000     
   70.0000000000000      -6.257198287558390E-011   23.0000000000000     
   70.0000000000000      -6.173964621961828E-011   24.0000000000000     
   70.0000000000000      -6.082793434308657E-011   25.0000000000000     
   70.0000000000000      -5.984461323742566E-011   26.0000000000000     
   70.0000000000000      -5.879910011795567E-011   27.0000000000000     
   70.0000000000000      -5.769431683951532E-011   28.0000000000000     
   70.0000000000000      -5.653909961965029E-011   29.0000000000000     
   70.0000000000000      -5.533919900159032E-011   30.0000000000000     
   70.0000000000000      -5.409415201452679E-011   31.0000000000000     
   70.0000000000000      -5.281259464839935E-011   32.0000000000000     
   70.0000000000000      -5.149658933400937E-011   33.0000000000000     
   70.0000000000000      -5.014929748958170E-011   34.0000000000000     
   70.0000000000000      -4.877987838397037E-011   35.0000000000000     
   70.0000000000000      -4.739470237882436E-011   36.0000000000000     
   70.0000000000000      -4.598582488530278E-011   37.0000000000000     
   70.0000000000000      -4.455959006932824E-011   38.0000000000000     
   70.0000000000000      -4.313594333780980E-011   39.0000000000000     
   70.0000000000000      -4.167586097860525E-011   40.0000000000000     
   70.0000000000000      -4.022301377661187E-011   41.0000000000000     
   70.0000000000000      -3.876737413896079E-011   42.0000000000000     
   70.0000000000000      -3.730984207128456E-011   43.0000000000000     
   70.0000000000000      -3.585447004796925E-011   44.0000000000000     
   70.0000000000000      -3.440267698260247E-011   45.0000000000000     
   70.0000000000000      -3.296969637851997E-011   46.0000000000000     
   70.0000000000000      -3.152492327136603E-011   47.0000000000000     
   70.0000000000000      -3.010296730842237E-011   48.0000000000000     
   70.0000000000000      -2.873747478378201E-011   49.0000000000000     
   70.0000000000000      -2.737005035651557E-011   50.0000000000000     
   70.0000000000000      -2.597181775543218E-011   51.0000000000000     
   70.0000000000000      -2.461049846350299E-011   52.0000000000000     
   70.0000000000000      -2.336223132561427E-011   53.0000000000000     
   70.0000000000000      -2.209802618134419E-011   54.0000000000000     
   70.0000000000000      -2.086169775549253E-011   55.0000000000000     
   70.0000000000000      -1.959393888976727E-011   56.0000000000000     
   70.0000000000000      -1.844187193915406E-011   57.0000000000000     
   70.0000000000000      -1.748402671513731E-011   58.0000000000000     
   70.0000000000000      -1.614980266439395E-011   59.0000000000000     
   70.0000000000000      -1.505387676198636E-011   60.0000000000000     
   70.0000000000000      -1.414811534377882E-011   61.0000000000000     
   70.0000000000000      -1.327807855013091E-011   62.0000000000000     
   70.0000000000000      -1.213231348854164E-011   63.0000000000000     
   70.0000000000000      -1.130560162837058E-011   64.0000000000000     
   70.0000000000000      -1.050906866747267E-011   65.0000000000000     
   70.0000000000000      -9.650909153238971E-012   66.0000000000000     
   70.0000000000000      -8.947889844497199E-012   67.0000000000000     
   70.0000000000000      -8.283491108358794E-012   68.0000000000000     
   70.0000000000000      -7.469471200898030E-012   69.0000000000000     
   70.0000000000000      -6.961702603888208E-012   70.0000000000000     
   70.0000000000000      -6.445461897680511E-012   71.0000000000000     
   70.0000000000000      -5.865404503685826E-012   72.0000000000000     
   70.0000000000000      -5.434151747453454E-012   73.0000000000000     
   70.0000000000000      -5.094850806447697E-012   74.0000000000000     
   70.0000000000000      -4.637866079085771E-012   75.0000000000000     
   70.0000000000000      -4.115729221812012E-012   76.0000000000000     
   70.0000000000000      -4.000392184384511E-012   77.0000000000000     
   70.0000000000000      -3.717028724143102E-012   78.0000000000000     
   70.0000000000000      -3.452373820251005E-012   79.0000000000000     
   70.0000000000000      -3.311168898332828E-012   80.0000000000000     
   70.0000000000000      -3.341891436602342E-012   81.0000000000000     
   70.0000000000000      -3.203470259448897E-012   82.0000000000000     
   70.0000000000000      -2.946944131469914E-012   83.0000000000000     
   70.0000000000000      -2.953250947673686E-012   84.0000000000000     
   70.0000000000000      -2.948364775282107E-012   85.0000000000000     
   70.0000000000000      -2.830352003369592E-012   86.0000000000000     
   70.0000000000000      -2.833811535123161E-012   87.0000000000000     
   70.0000000000000      -2.768290491459970E-012   88.0000000000000     
   70.0000000000000      -2.869520756885273E-012   89.0000000000000     
   70.0000000000000      -2.762589332853574E-012   90.0000000000000     
   70.0000000000000      -2.867405704671224E-012   91.0000000000000     
   70.0000000000000      -2.847711506094313E-012   92.0000000000000     
   70.0000000000000      -2.923305864988163E-012   93.0000000000000     
   70.0000000000000      -2.879114074950655E-012   94.0000000000000     
   70.0000000000000      -2.917690711184596E-012   95.0000000000000     
   70.0000000000000      -2.940317151976482E-012   96.0000000000000     
   70.0000000000000      -2.798704268834997E-012   97.0000000000000     
   70.0000000000000      -2.778220921923451E-012   98.0000000000000     
   70.0000000000000      -2.905323931521011E-012   99.0000000000000     
   70.0000000000000      -2.727463893662978E-012   100.000000000000     
   70.0000000000000      -2.715744434119320E-012   101.000000000000     
   70.0000000000000      -2.434641622098193E-012   102.000000000000     
   70.0000000000000      -2.214801136975266E-012   103.000000000000     
   70.0000000000000      -2.134584912062907E-012   104.000000000000     
   70.0000000000000      -1.899124094804626E-012   105.000000000000     
   70.0000000000000      -1.576167590004430E-012   106.000000000000     
   70.0000000000000      -1.106783485698686E-012   107.000000000000     
   70.0000000000000      -9.655122389831917E-013   108.000000000000     
   70.0000000000000      -6.167339121600384E-013   109.000000000000     
   70.0000000000000      -7.267711472357807E-014   110.000000000000     
   70.0000000000000       4.719577733778849E-013   111.000000000000     
   70.0000000000000       8.955820063989114E-013   112.000000000000     
   70.0000000000000       1.595670191430089E-012   113.000000000000     
   70.0000000000000       2.072152579656550E-012   114.000000000000     
   70.0000000000000       2.964835352122490E-012   115.000000000000     
   70.0000000000000       3.405060828320217E-012   116.000000000000     
   70.0000000000000       4.326261226438217E-012   117.000000000000     
   70.0000000000000       5.048485863294434E-012   118.000000000000     
   70.0000000000000       6.027160742572063E-012   119.000000000000     
   70.0000000000000       6.904150807495460E-012   120.000000000000     
   70.0000000000000       7.907463620512001E-012   121.000000000000     
   70.0000000000000       8.803066455245021E-012   122.000000000000     
   70.0000000000000       9.884530713490680E-012   123.000000000000     
   70.0000000000000       1.098746820964187E-011   124.000000000000     
   70.0000000000000       1.219133906707051E-011   125.000000000000     
   70.0000000000000       1.335120434796909E-011   126.000000000000     
   70.0000000000000       1.452658588697167E-011   127.000000000000     
   70.0000000000000       1.576661821657850E-011   128.000000000000     
   70.0000000000000       1.705276798190667E-011   129.000000000000     
   70.0000000000000       1.841867163871402E-011   130.000000000000     
   70.0000000000000       1.972337042334267E-011   131.000000000000     
   70.0000000000000       2.108804341028807E-011   132.000000000000     
   70.0000000000000       2.251521179461643E-011   133.000000000000     
   70.0000000000000       2.394081619716195E-011   134.000000000000     
   70.0000000000000       2.538375033077867E-011   135.000000000000     
   70.0000000000000       2.685524578672271E-011   136.000000000000     
   70.0000000000000       2.834201815576713E-011   137.000000000000     
   70.0000000000000       2.984161133074570E-011   138.000000000000     
   70.0000000000000       3.135213570039156E-011   139.000000000000     
   70.0000000000000       3.287124527878142E-011   140.000000000000     
   70.0000000000000       3.439518047762894E-011   141.000000000000     
   70.0000000000000       3.592184646773301E-011   142.000000000000     
   70.0000000000000       3.744827294388711E-011   143.000000000000     
   70.0000000000000       3.897108930784607E-011   144.000000000000     
   70.0000000000000       4.048721608292539E-011   145.000000000000     
   70.0000000000000       4.199302014776501E-011   146.000000000000     
   70.0000000000000       4.348243073276744E-011   147.000000000000     
   70.0000000000000       4.495939178192133E-011   148.000000000000     
   70.0000000000000       4.641189136343197E-011   149.000000000000     
   70.0000000000000       4.784088915449747E-011   150.000000000000     
   70.0000000000000       4.923522285920117E-011   151.000000000000     
   70.0000000000000       5.059401188735780E-011   152.000000000000     
   70.0000000000000       5.191167536854081E-011   153.000000000000     
   70.0000000000000       5.318642052928187E-011   154.000000000000     
   70.0000000000000       5.440406911112311E-011   155.000000000000     
   70.0000000000000       5.555981457484751E-011   156.000000000000     
   70.0000000000000       5.664440744363677E-011   157.000000000000     
   70.0000000000000       5.764865610181366E-011   158.000000000000     
   70.0000000000000       5.856057251730633E-011   159.000000000000     
   70.0000000000000       5.936835219479940E-011   160.000000000000     
   70.0000000000000       6.005735396813201E-011   161.000000000000     
   70.0000000000000       6.061130634788186E-011   162.000000000000     
   70.0000000000000       6.101296899585992E-011   163.000000000000     
   70.0000000000000       6.123811425992884E-011   164.000000000000     
   70.0000000000000       6.126369258611746E-011   165.000000000000     
   70.0000000000000       6.106013794311861E-011   166.000000000000     
   70.0000000000000       6.059567609092420E-011   167.000000000000     
   70.0000000000000       5.983236748644579E-011   168.000000000000     
   70.0000000000000       5.872383923246934E-011   169.000000000000     
   70.0000000000000       5.722372081165555E-011   170.000000000000     
   70.0000000000000       5.527989755725924E-011   171.000000000000     
   70.0000000000000       5.283128729798886E-011   172.000000000000     
   70.0000000000000       4.978361858647669E-011   173.000000000000     
   70.0000000000000       4.611911914558177E-011   174.000000000000     
   70.0000000000000       4.159568116744493E-011   175.000000000000     
   70.0000000000000       3.621537285205306E-011   176.000000000000     
   70.0000000000000       2.991018031800401E-011   177.000000000000     
   70.0000000000000                          NaN   178.000000000000     
   70.0000000000000                          NaN   179.000000000000     
