   70.0000000000000                          NaN   2.00000000000000     
   70.0000000000000       3.291617255002251E-011   3.00000000000000     
   70.0000000000000       3.856886310994114E-011   4.00000000000000     
   70.0000000000000       4.365903689486400E-011   5.00000000000000     
   70.0000000000000       4.811634457199316E-011   6.00000000000000     
   70.0000000000000       5.187391615480427E-011   7.00000000000000     
   70.0000000000000       5.506261087757926E-011   8.00000000000000     
   70.0000000000000       5.770224124184256E-011   9.00000000000000     
   70.0000000000000       5.984621197886428E-011   10.0000000000000     
   70.0000000000000       6.157559640341663E-011   11.0000000000000     
   70.0000000000000       6.292234305427194E-011   12.0000000000000     
   70.0000000000000       6.393535049114351E-011   13.0000000000000     
   70.0000000000000       6.465225477005553E-011   14.0000000000000     
   70.0000000000000       6.511209250371372E-011   15.0000000000000     
   70.0000000000000       6.534454943429497E-011   16.0000000000000     
   70.0000000000000       6.537800990085467E-011   17.0000000000000     
   70.0000000000000       6.523696594808841E-011   18.0000000000000     
   70.0000000000000       6.494346328464443E-011   19.0000000000000     
   70.0000000000000       6.451473192510090E-011   20.0000000000000     
   70.0000000000000       6.396748987065094E-011   21.0000000000000     
   70.0000000000000       6.331624866718147E-011   22.0000000000000     
   70.0000000000000       6.257319034381376E-011   23.0000000000000     
   70.0000000000000       6.174904901200578E-011   24.0000000000000     
   70.0000000000000       6.085387648024481E-011   25.0000000000000     
   70.0000000000000       5.989606883397095E-011   26.0000000000000     
   70.0000000000000       5.888542176751949E-011   27.0000000000000     
   70.0000000000000       5.782535892418093E-011   28.0000000000000     
   70.0000000000000       5.672502626262897E-011   29.0000000000000     
   70.0000000000000       5.558959989369873E-011   30.0000000000000     
   70.0000000000000       5.441941645264843E-011   31.0000000000000     
   70.0000000000000       5.322340323939192E-011   32.0000000000000     
   70.0000000000000       5.200247089677441E-011   33.0000000000000     
   70.0000000000000       5.076002028016498E-011   34.0000000000000     
   70.0000000000000       4.950877117832953E-011   35.0000000000000     
   70.0000000000000       4.824888587132617E-011   36.0000000000000     
   70.0000000000000       4.697842694202717E-011   37.0000000000000     
   70.0000000000000       4.569436780876629E-011   38.0000000000000     
   70.0000000000000       4.442256446502670E-011   39.0000000000000     
   70.0000000000000       4.312783489514815E-011   40.0000000000000     
   70.0000000000000       4.184626127937316E-011   41.0000000000000     
   70.0000000000000       4.057005836310211E-011   42.0000000000000     
   70.0000000000000       3.929978249139237E-011   43.0000000000000     
   70.0000000000000       3.804003113306603E-011   44.0000000000000     
   70.0000000000000       3.678564516083376E-011   45.0000000000000     
   70.0000000000000       3.556614504229208E-011   46.0000000000000     
   70.0000000000000       3.434280013940844E-011   47.0000000000000     
   70.0000000000000       3.314496740029739E-011   48.0000000000000     
   70.0000000000000       3.198743023326655E-011   49.0000000000000     
   70.0000000000000       3.088722199184477E-011   50.0000000000000     
   70.0000000000000       2.968651624145047E-011   51.0000000000000     
   70.0000000000000       2.856006829921349E-011   52.0000000000000     
   70.0000000000000       2.756044163474567E-011   53.0000000000000     
   70.0000000000000       2.655520702506985E-011   54.0000000000000     
   70.0000000000000       2.559774663499169E-011   55.0000000000000     
   70.0000000000000       2.451026966761955E-011   56.0000000000000     
   70.0000000000000       2.357099681734864E-011   57.0000000000000     
   70.0000000000000       2.283310759269710E-011   58.0000000000000     
   70.0000000000000       2.188626601975566E-011   59.0000000000000     
   70.0000000000000       2.105137483791352E-011   60.0000000000000     
   70.0000000000000       2.028311532282861E-011   61.0000000000000     
   70.0000000000000       1.956606295554426E-011   62.0000000000000     
   70.0000000000000       1.881013973258801E-011   63.0000000000000     
   70.0000000000000       1.817991924667441E-011   64.0000000000000     
   70.0000000000000       1.753149236210510E-011   65.0000000000000     
   70.0000000000000       1.686600607844583E-011   66.0000000000000     
   70.0000000000000       1.651884708011806E-011   67.0000000000000     
   70.0000000000000       1.589199816459347E-011   68.0000000000000     
   70.0000000000000       1.547138492223072E-011   69.0000000000000     
   70.0000000000000       1.485108540076598E-011   70.0000000000000     
   70.0000000000000       1.450537337549112E-011   71.0000000000000     
   70.0000000000000       1.400492995660577E-011   72.0000000000000     
   70.0000000000000       1.367194953986559E-011   73.0000000000000     
   70.0000000000000       1.337068735087395E-011   74.0000000000000     
   70.0000000000000       1.305335321772563E-011   75.0000000000000     
   70.0000000000000       1.259149853823067E-011   76.0000000000000     
   70.0000000000000       1.271563812333059E-011   77.0000000000000     
   70.0000000000000       1.232623007249734E-011   78.0000000000000     
   70.0000000000000       1.198337313146949E-011   79.0000000000000     
   70.0000000000000       1.189765066547805E-011   80.0000000000000     
   70.0000000000000       1.173551030831241E-011   81.0000000000000     
   70.0000000000000       1.156628455837953E-011   82.0000000000000     
   70.0000000000000       1.147062245544849E-011   83.0000000000000     
   70.0000000000000       1.136415946528719E-011   84.0000000000000     
   70.0000000000000       1.140403089509716E-011   85.0000000000000     
   70.0000000000000       1.122786993801430E-011   86.0000000000000     
   70.0000000000000       1.115308743665063E-011   87.0000000000000     
   70.0000000000000       1.109850495695400E-011   88.0000000000000     
   70.0000000000000       1.108082171835019E-011   89.0000000000000     
   70.0000000000000       1.106236512747773E-011   90.0000000000000     
   70.0000000000000       1.119787146962883E-011   91.0000000000000     
   70.0000000000000       1.136653640322266E-011   92.0000000000000     
   70.0000000000000       1.141354606076525E-011   93.0000000000000     
   70.0000000000000       1.158231314526333E-011   94.0000000000000     
   70.0000000000000       1.161099323341728E-011   95.0000000000000     
   70.0000000000000       1.182627573724500E-011   96.0000000000000     
   70.0000000000000       1.185317347464824E-011   97.0000000000000     
   70.0000000000000       1.218778564756248E-011   98.0000000000000     
   70.0000000000000       1.253687928541381E-011   99.0000000000000     
   70.0000000000000       1.263593687905984E-011   100.000000000000     
   70.0000000000000       1.278044504745541E-011   101.000000000000     
   70.0000000000000       1.312602657782617E-011   102.000000000000     
   70.0000000000000       1.351253691958436E-011   103.000000000000     
   70.0000000000000       1.366442330226623E-011   104.000000000000     
   70.0000000000000       1.402762638395050E-011   105.000000000000     
   70.0000000000000       1.427753735826716E-011   106.000000000000     
   70.0000000000000       1.471998129131940E-011   107.000000000000     
   70.0000000000000       1.509989192222466E-011   108.000000000000     
   70.0000000000000       1.549724442321732E-011   109.000000000000     
   70.0000000000000       1.594403544007270E-011   110.000000000000     
   70.0000000000000       1.654171341302875E-011   111.000000000000     
   70.0000000000000       1.671997860598809E-011   112.000000000000     
   70.0000000000000       1.736360461174937E-011   113.000000000000     
   70.0000000000000       1.804694643644997E-011   114.000000000000     
   70.0000000000000       1.866089366944832E-011   115.000000000000     
   70.0000000000000       1.931502233940512E-011   116.000000000000     
   70.0000000000000       1.990095714614938E-011   117.000000000000     
   70.0000000000000       2.064139871428849E-011   118.000000000000     
   70.0000000000000       2.111512049103662E-011   119.000000000000     
   70.0000000000000       2.210723756186770E-011   120.000000000000     
   70.0000000000000       2.281771572051020E-011   121.000000000000     
   70.0000000000000       2.380005696314265E-011   122.000000000000     
   70.0000000000000       2.462693671695220E-011   123.000000000000     
   70.0000000000000       2.546696003478389E-011   124.000000000000     
   70.0000000000000       2.637886903297956E-011   125.000000000000     
   70.0000000000000       2.742362527108298E-011   126.000000000000     
   70.0000000000000       2.843588942255701E-011   127.000000000000     
   70.0000000000000       2.944816866701987E-011   128.000000000000     
   70.0000000000000       3.057008730616626E-011   129.000000000000     
   70.0000000000000       3.168987365455982E-011   130.000000000000     
   70.0000000000000       3.277938558648642E-011   131.000000000000     
   70.0000000000000       3.389756613104571E-011   132.000000000000     
   70.0000000000000       3.509795337042769E-011   133.000000000000     
   70.0000000000000       3.629658934198519E-011   134.000000000000     
   70.0000000000000       3.750158658077833E-011   135.000000000000     
   70.0000000000000       3.872873291060804E-011   136.000000000000     
   70.0000000000000       3.996774407993954E-011   137.000000000000     
   70.0000000000000       4.121316002602900E-011   138.000000000000     
   70.0000000000000       4.246627824125450E-011   139.000000000000     
   70.0000000000000       4.372388474908355E-011   140.000000000000     
   70.0000000000000       4.498310490676940E-011   141.000000000000     
   70.0000000000000       4.624142250826350E-011   142.000000000000     
   70.0000000000000       4.749617477690271E-011   143.000000000000     
   70.0000000000000       4.874407071099351E-011   144.000000000000     
   70.0000000000000       4.998176887292131E-011   145.000000000000     
   70.0000000000000       5.120630768341630E-011   146.000000000000     
   70.0000000000000       5.241382423934551E-011   147.000000000000     
   70.0000000000000       5.360149813755458E-011   148.000000000000     
   70.0000000000000       5.476464036932166E-011   149.000000000000     
   70.0000000000000       5.590032813557826E-011   150.000000000000     
   70.0000000000000       5.700025016272430E-011   151.000000000000     
   70.0000000000000       5.806048318694390E-011   152.000000000000     
   70.0000000000000       5.907936975149880E-011   153.000000000000     
   70.0000000000000       6.005032137129588E-011   154.000000000000     
   70.0000000000000       6.096212369805152E-011   155.000000000000     
   70.0000000000000       6.180866190782325E-011   156.000000000000     
   70.0000000000000       6.258033682586257E-011   157.000000000000     
   70.0000000000000       6.326783934546515E-011   158.000000000000     
   70.0000000000000       6.385961493452799E-011   159.000000000000     
   70.0000000000000       6.434293055927558E-011   160.000000000000     
   70.0000000000000       6.470267248219060E-011   161.000000000000     
   70.0000000000000       6.492227472073709E-011   162.000000000000     
   70.0000000000000       6.498355605385759E-011   163.000000000000     
   70.0000000000000       6.486264086427025E-011   164.000000000000     
   70.0000000000000       6.453567090239877E-011   165.000000000000     
   70.0000000000000       6.397335943701896E-011   166.000000000000     
   70.0000000000000       6.314430249562773E-011   167.000000000000     
   70.0000000000000       6.201134304112840E-011   168.000000000000     
   70.0000000000000       6.053136007596926E-011   169.000000000000     
   70.0000000000000       5.866095615702853E-011   170.000000000000     
   70.0000000000000       5.635403693889383E-011   171.000000000000     
   70.0000000000000       5.355395060797753E-011   172.000000000000     
   70.0000000000000       5.019095309583646E-011   173.000000000000     
   70.0000000000000       4.627049915812159E-011   174.000000000000     
   70.0000000000000       4.160457044982113E-011   175.000000000000     
   70.0000000000000       3.629114269003924E-011   176.000000000000     
   70.0000000000000       3.049707206274495E-011   177.000000000000     
   70.0000000000000                          NaN   178.000000000000     
   70.0000000000000                          NaN   179.000000000000     
