   70.0000000000000                          NaN   2.00000000000000     
   70.0000000000000       6.265748495222574E-012   3.00000000000000     
   70.0000000000000       3.645452164913100E-012   4.00000000000000     
   70.0000000000000       1.615618149446116E-012   5.00000000000000     
   70.0000000000000      -1.475119881894873E-013   6.00000000000000     
   70.0000000000000      -1.471590881149087E-012   7.00000000000000     
   70.0000000000000      -2.515701527692692E-012   8.00000000000000     
   70.0000000000000      -3.290541751664529E-012   9.00000000000000     
   70.0000000000000      -3.822508701204865E-012   10.0000000000000     
   70.0000000000000      -4.150085622862149E-012   11.0000000000000     
   70.0000000000000      -4.305425082158017E-012   12.0000000000000     
   70.0000000000000      -4.306364437355582E-012   13.0000000000000     
   70.0000000000000      -4.176328084907958E-012   14.0000000000000     
   70.0000000000000      -3.934340447083905E-012   15.0000000000000     
   70.0000000000000      -3.595737314112372E-012   16.0000000000000     
   70.0000000000000      -3.176895163643250E-012   17.0000000000000     
   70.0000000000000      -2.690577243030725E-012   18.0000000000000     
   70.0000000000000      -2.148100153547022E-012   19.0000000000000     
   70.0000000000000      -1.560449561630453E-012   20.0000000000000     
   70.0000000000000      -9.357904519748386E-013   21.0000000000000     
   70.0000000000000      -2.837351103350872E-013   22.0000000000000     
   70.0000000000000       3.887271803996386E-013   23.0000000000000     
   70.0000000000000       1.077561396611430E-012   24.0000000000000     
   70.0000000000000       1.776706567230928E-012   25.0000000000000     
   70.0000000000000       2.482202293674832E-012   26.0000000000000     
   70.0000000000000       3.187275020653687E-012   27.0000000000000     
   70.0000000000000       3.890750458712347E-012   28.0000000000000     
   70.0000000000000       4.588988853245041E-012   29.0000000000000     
   70.0000000000000       5.270357692215431E-012   30.0000000000000     
   70.0000000000000       5.941010425512565E-012   31.0000000000000     
   70.0000000000000       6.600037794344350E-012   32.0000000000000     
   70.0000000000000       7.235901210924746E-012   33.0000000000000     
   70.0000000000000       7.850326117059991E-012   34.0000000000000     
   70.0000000000000       8.464153143301041E-012   35.0000000000000     
   70.0000000000000       9.038648917117959E-012   36.0000000000000     
   70.0000000000000       9.606066185783477E-012   37.0000000000000     
   70.0000000000000       1.012018687061860E-011   38.0000000000000     
   70.0000000000000       1.061388835473199E-011   39.0000000000000     
   70.0000000000000       1.109651992451360E-011   40.0000000000000     
   70.0000000000000       1.154204253102789E-011   41.0000000000000     
   70.0000000000000       1.195911108550067E-011   42.0000000000000     
   70.0000000000000       1.234700726842562E-011   43.0000000000000     
   70.0000000000000       1.270830225419228E-011   44.0000000000000     
   70.0000000000000       1.302457317264125E-011   45.0000000000000     
   70.0000000000000       1.333978237744398E-011   46.0000000000000     
   70.0000000000000       1.362377092253966E-011   47.0000000000000     
   70.0000000000000       1.387084075299080E-011   48.0000000000000     
   70.0000000000000       1.404824672261944E-011   49.0000000000000     
   70.0000000000000       1.431435733294725E-011   50.0000000000000     
   70.0000000000000       1.437894046974675E-011   51.0000000000000     
   70.0000000000000       1.449140664786052E-011   52.0000000000000     
   70.0000000000000       1.462135734433400E-011   53.0000000000000     
   70.0000000000000       1.472604016811533E-011   54.0000000000000     
   70.0000000000000       1.483354979590881E-011   55.0000000000000     
   70.0000000000000       1.472517836779904E-011   56.0000000000000     
   70.0000000000000       1.467955211657704E-011   57.0000000000000     
   70.0000000000000       1.468535366152436E-011   58.0000000000000     
   70.0000000000000       1.477134097462533E-011   59.0000000000000     
   70.0000000000000       1.471533815449939E-011   60.0000000000000     
   70.0000000000000       1.453394645023488E-011   61.0000000000000     
   70.0000000000000       1.437092375586465E-011   62.0000000000000     
   70.0000000000000       1.437457220842544E-011   63.0000000000000     
   70.0000000000000       1.423702341208257E-011   64.0000000000000     
   70.0000000000000       1.403255857585828E-011   65.0000000000000     
   70.0000000000000       1.383192371125939E-011   66.0000000000000     
   70.0000000000000       1.388551677781814E-011   67.0000000000000     
   70.0000000000000       1.356242532592099E-011   68.0000000000000     
   70.0000000000000       1.354882841395458E-011   69.0000000000000     
   70.0000000000000       1.311828626139332E-011   70.0000000000000     
   70.0000000000000       1.299468651749458E-011   71.0000000000000     
   70.0000000000000       1.271751127766655E-011   72.0000000000000     
   70.0000000000000       1.254560476845495E-011   73.0000000000000     
   70.0000000000000       1.236194869326272E-011   74.0000000000000     
   70.0000000000000       1.220164859595512E-011   75.0000000000000     
   70.0000000000000       1.189985749540673E-011   76.0000000000000     
   70.0000000000000       1.206997577688595E-011   77.0000000000000     
   70.0000000000000       1.175243146178836E-011   78.0000000000000     
   70.0000000000000       1.147529287701496E-011   79.0000000000000     
   70.0000000000000       1.142760919372305E-011   80.0000000000000     
   70.0000000000000       1.124962060793477E-011   81.0000000000000     
   70.0000000000000       1.111380748358704E-011   82.0000000000000     
   70.0000000000000       1.108560777771946E-011   83.0000000000000     
   70.0000000000000       1.097371537778071E-011   84.0000000000000     
   70.0000000000000       1.101630908281926E-011   85.0000000000000     
   70.0000000000000       1.086527362204869E-011   86.0000000000000     
   70.0000000000000       1.078706964624671E-011   87.0000000000000     
   70.0000000000000       1.074771510761356E-011   88.0000000000000     
   70.0000000000000       1.070282488783526E-011   89.0000000000000     
   70.0000000000000       1.071186362831599E-011   90.0000000000000     
   70.0000000000000       1.082452354494858E-011   91.0000000000000     
   70.0000000000000       1.100403057901259E-011   92.0000000000000     
   70.0000000000000       1.103282903433819E-011   93.0000000000000     
   70.0000000000000       1.121876463512631E-011   94.0000000000000     
   70.0000000000000       1.123842714886424E-011   95.0000000000000     
   70.0000000000000       1.145492613940145E-011   96.0000000000000     
   70.0000000000000       1.151802829635825E-011   97.0000000000000     
   70.0000000000000       1.186691229848425E-011   98.0000000000000     
   70.0000000000000       1.219559080446573E-011   99.0000000000000     
   70.0000000000000       1.233806473967248E-011   100.000000000000     
   70.0000000000000       1.248857509004039E-011   101.000000000000     
   70.0000000000000       1.289825933580753E-011   102.000000000000     
   70.0000000000000       1.332979031818519E-011   103.000000000000     
   70.0000000000000       1.349666667872885E-011   104.000000000000     
   70.0000000000000       1.389847580277193E-011   105.000000000000     
   70.0000000000000       1.419027021395061E-011   106.000000000000     
   70.0000000000000       1.467831323867214E-011   107.000000000000     
   70.0000000000000       1.506899207575740E-011   108.000000000000     
   70.0000000000000       1.548496767818816E-011   109.000000000000     
   70.0000000000000       1.594386979849276E-011   110.000000000000     
   70.0000000000000       1.653497924095834E-011   111.000000000000     
   70.0000000000000       1.669597608570742E-011   112.000000000000     
   70.0000000000000       1.729013018323880E-011   113.000000000000     
   70.0000000000000       1.792758933506446E-011   114.000000000000     
   70.0000000000000       1.842386234960685E-011   115.000000000000     
   70.0000000000000       1.901251295140014E-011   116.000000000000     
   70.0000000000000       1.942502404460523E-011   117.000000000000     
   70.0000000000000       2.001449802943723E-011   118.000000000000     
   70.0000000000000       2.023664119201091E-011   119.000000000000     
   70.0000000000000       2.100149171473812E-011   120.000000000000     
   70.0000000000000       2.140374195771145E-011   121.000000000000     
   70.0000000000000       2.211218515736007E-011   122.000000000000     
   70.0000000000000       2.255619792063431E-011   123.000000000000     
   70.0000000000000       2.297480349764475E-011   124.000000000000     
   70.0000000000000       2.339264805896948E-011   125.000000000000     
   70.0000000000000       2.395413462155443E-011   126.000000000000     
   70.0000000000000       2.444541081103620E-011   127.000000000000     
   70.0000000000000       2.487183925353945E-011   128.000000000000     
   70.0000000000000       2.537190063952415E-011   129.000000000000     
   70.0000000000000       2.578760607941722E-011   130.000000000000     
   70.0000000000000       2.618161145863954E-011   131.000000000000     
   70.0000000000000       2.653939363916258E-011   132.000000000000     
   70.0000000000000       2.692455326716271E-011   133.000000000000     
   70.0000000000000       2.728149038587189E-011   134.000000000000     
   70.0000000000000       2.760496722005493E-011   135.000000000000     
   70.0000000000000       2.790538526155706E-011   136.000000000000     
   70.0000000000000       2.818067731084029E-011   137.000000000000     
   70.0000000000000       2.842538992724259E-011   138.000000000000     
   70.0000000000000       2.864312089643652E-011   139.000000000000     
   70.0000000000000       2.883156831275973E-011   140.000000000000     
   70.0000000000000       2.899053788677874E-011   141.000000000000     
   70.0000000000000       2.911855253848234E-011   142.000000000000     
   70.0000000000000       2.921495288303957E-011   143.000000000000     
   70.0000000000000       2.927863773535614E-011   144.000000000000     
   70.0000000000000       2.930806294384931E-011   145.000000000000     
   70.0000000000000       2.930310914285549E-011   146.000000000000     
   70.0000000000000       2.926580238030533E-011   147.000000000000     
   70.0000000000000       2.918516220941683E-011   148.000000000000     
   70.0000000000000       2.907064111522352E-011   149.000000000000     
   70.0000000000000       2.891532483947585E-011   150.000000000000     
   70.0000000000000       2.872144405523418E-011   151.000000000000     
   70.0000000000000       2.848272580079534E-011   152.000000000000     
   70.0000000000000       2.820549398017245E-011   153.000000000000     
   70.0000000000000       2.787912782133434E-011   154.000000000000     
   70.0000000000000       2.750595917121734E-011   155.000000000000     
   70.0000000000000       2.708168553181584E-011   156.000000000000     
   70.0000000000000       2.660281305797715E-011   157.000000000000     
   70.0000000000000       2.606629902955943E-011   158.000000000000     
   70.0000000000000       2.546978142881277E-011   159.000000000000     
   70.0000000000000       2.480748819671224E-011   160.000000000000     
   70.0000000000000       2.407384598862681E-011   161.000000000000     
   70.0000000000000       2.326308873984867E-011   162.000000000000     
   70.0000000000000       2.236694372763269E-011   163.000000000000     
   70.0000000000000       2.137885735429285E-011   164.000000000000     
   70.0000000000000       2.028824264288102E-011   165.000000000000     
   70.0000000000000       1.908534181054536E-011   166.000000000000     
   70.0000000000000       1.775857473850691E-011   167.000000000000     
   70.0000000000000       1.629400094302832E-011   168.000000000000     
   70.0000000000000       1.468183430112666E-011   169.000000000000     
   70.0000000000000       1.290556289847615E-011   170.000000000000     
   70.0000000000000       1.095036096980984E-011   171.000000000000     
   70.0000000000000       8.768164469206653E-012   172.000000000000     
   70.0000000000000       6.381464808699427E-012   173.000000000000     
   70.0000000000000       3.739778279171694E-012   174.000000000000     
   70.0000000000000       8.599944943993618E-013   175.000000000000     
   70.0000000000000      -2.343887142241933E-012   176.000000000000     
   70.0000000000000      -5.954201688282358E-012   177.000000000000     
   70.0000000000000                          NaN   178.000000000000     
   70.0000000000000                          NaN   179.000000000000     
