   70.0000000000000      -4.308572283418441E-012   70.0040738265156     
   70.0000000000000      -6.987202115159210E-012   69.8295816139486     
   70.0000000000000      -8.434496078704081E-012   69.6550793245736     
   70.0000000000000      -8.962271442687460E-012   69.4807802872705     
   70.0000000000000      -8.811327208474168E-012   69.3068991921666     
   70.0000000000000      -8.166001574138280E-012   69.1336518377814     
   70.0000000000000      -7.166490763386052E-012   68.9612548688046     
   70.0000000000000      -5.919323859759375E-012   68.7899255045977     
   70.0000000000000      -4.505530541865875E-012   68.6198812585503     
   70.0000000000000      -2.987066427433546E-012   68.4513396484834     
   70.0000000000000      -1.411690799283721E-012   68.2845178983411     
   70.0000000000000       1.833314683171022E-013   68.1196326314737     
   70.0000000000000       1.768529118885179E-012   67.9568995558777     
   70.0000000000000       3.320223511637923E-012   67.7965331418199     
   70.0000000000000       4.819121089420656E-012   67.6387462923434     
   70.0000000000000       6.249316329915585E-012   67.4837500072184     
   70.0000000000000       7.597607143343403E-012   67.3317530409723     
   70.0000000000000       8.853063999328205E-012   67.1829615557045     
   70.0000000000000       1.000673523666037E-011   67.0375787694636     
   70.0000000000000       1.105148358833072E-011   66.8958046010318     
   70.0000000000000       1.198189069813500E-011   66.7578353120351     
   70.0000000000000       1.279421332204934E-011   66.6238631473641     
   70.0000000000000       1.348635668774409E-011   66.4940759749539     
   70.0000000000000       1.405785860911511E-011   66.3686569260357     
   70.0000000000000       1.450987010301652E-011   66.2477840370281     
   70.0000000000000       1.484512268990070E-011   66.1316298942896     
   70.0000000000000       1.506788047087034E-011   66.0203612829977     
   70.0000000000000       1.518387171581010E-011   65.9141388414616     
   70.0000000000000       1.520020231362137E-011   65.8131167222044     
   70.0000000000000       1.512524784876304E-011   65.7174422611752     
   70.0000000000000       1.496853037095233E-011   65.6272556564630     
   70.0000000000000       1.474057617319386E-011   65.5426896578908     
   70.0000000000000       1.445276426402233E-011   65.4638692688584     
   70.0000000000000       1.411715802594686E-011   65.3909114617869     
   70.0000000000000       1.374633520278146E-011   65.3239249084886     
   70.0000000000000       1.335320778669703E-011   65.2630097267464     
   70.0000000000000       1.295083881817415E-011   65.2082572443335     
   70.0000000000000       1.255226003097562E-011   65.1597497816467     
   70.0000000000000       1.217028676511464E-011   65.1175604540460     
   70.0000000000000       1.181733828368124E-011   65.0817529949175     
   70.0000000000000       1.150526150205198E-011   65.0523816003757     
   70.0000000000000       1.124515914760830E-011   65.0294907964241     
   70.0000000000000       1.104722743590262E-011   65.0131153292789     
   70.0000000000000       1.092060218178948E-011   65.0032800794439     
   70.0000000000000       1.087321622297195E-011   65.0000000000000     
   70.0000000000000       1.091167028380277E-011   65.0032800794439     
   70.0000000000000       1.104111890003559E-011   65.0131153292789     
   70.0000000000000       1.126517410259274E-011   65.0294907964241     
   70.0000000000000       1.158582862150376E-011   65.0523816003757     
   70.0000000000000       1.200340135512570E-011   65.0817529949175     
   70.0000000000000       1.251650720719217E-011   65.1175604540460     
   70.0000000000000       1.312205179465105E-011   65.1597497816467     
   70.0000000000000       1.381525666097520E-011   65.2082572443335     
   70.0000000000000       1.458971179671257E-011   65.2630097267464     
   70.0000000000000       1.543745630782721E-011   65.3239249084886     
   70.0000000000000       1.634909404032582E-011   65.3909114617869     
   70.0000000000000       1.731393245020592E-011   65.4638692688584     
   70.0000000000000       1.832015273333191E-011   65.5426896578908     
   70.0000000000000       1.935500691003334E-011   65.6272556564630     
   70.0000000000000       2.040502451368948E-011   65.7174422611752     
   70.0000000000000       2.145625357473505E-011   65.8131167222044     
   70.0000000000000       2.249449566602739E-011   65.9141388414616     
   70.0000000000000       2.350555929163290E-011   66.0203612829977     
   70.0000000000000       2.447549683419741E-011   66.1316298942896     
   70.0000000000000       2.539084479522549E-011   66.2477840370281     
   70.0000000000000       2.623883163656683E-011   66.3686569260357     
   70.0000000000000       2.700755991800459E-011   66.4940759749539     
   70.0000000000000       2.768616670046642E-011   66.6238631473641     
   70.0000000000000       2.826491201972246E-011   66.7578353120351     
   70.0000000000000       2.873523547343798E-011   66.8958046010318     
   70.0000000000000       2.908973908552640E-011   67.0375787694636     
   70.0000000000000       2.932209496061974E-011   67.1829615557045     
   70.0000000000000       2.942689254665340E-011   67.3317530409723     
   70.0000000000000       2.939938416316988E-011   67.4837500072184     
   70.0000000000000       2.923515250578408E-011   67.6387462923434     
   70.0000000000000       2.892965414583417E-011   67.7965331418199     
   70.0000000000000       2.847769592887561E-011   67.9568995558777     
   70.0000000000000       2.787276073813291E-011   68.1196326314737     
   70.0000000000000       2.710621531778225E-011   68.2845178983411     
   70.0000000000000       2.616639380356951E-011   68.4513396484834     
   70.0000000000000       2.503750761686408E-011   68.6198812585503     
   70.0000000000000       2.369843553252148E-011   68.7899255045977     
   70.0000000000000       2.212132689696908E-011   68.9612548688046     
   70.0000000000000       2.027010823768928E-011   69.1336518377814     
   70.0000000000000       1.809889778013285E-011   69.3068991921666     
   70.0000000000000       1.555052313159702E-011   69.4807802872705     
   70.0000000000000       1.255520169893899E-011   69.6550793245736     
   70.0000000000000       9.030090859367130E-012   69.8295816139486     
   70.0000000000000       4.879960809697351E-012   70.0040738265156     
