   10.0000000000000       4.084458269606867E-011   5.57052402574562     
   10.2000000000000       4.044216320041998E-011   5.76119368532575     
   10.4000000000000       4.005140849842469E-011   5.95247574025006     
   10.6000000000000       3.967176572657365E-011   6.14431299631567     
   10.8000000000000       3.930271802418862E-011   6.33665502888724     
   11.0000000000000       3.894378157404936E-011   6.52945722962867     
   11.2000000000000       3.859450293500349E-011   6.72268000666239     
   11.4000000000000       3.825445663311309E-011   6.91628811071419     
   11.6000000000000       3.792324298223516E-011   7.11025006514079     
   11.8000000000000       3.760048610864989E-011   7.30453768196611     
   12.0000000000000       3.728583215753665E-011   7.49912564941347     
   12.2000000000000       3.697894766183920E-011   7.69399117910329     
   12.4000000000000       3.667951805642500E-011   7.88911370323355     
   12.6000000000000       3.638724632248677E-011   8.08447461378756     
   12.8000000000000       3.610185174890609E-011   8.28005703720716     
   13.0000000000000       3.582306879883616E-011   8.47584563909890     
   13.2000000000000       3.555064607110145E-011   8.67182645445930     
   13.4000000000000       3.528434534718053E-011   8.86798673965451     
   13.6000000000000       3.502394071555988E-011   9.06431484300476     
   13.8000000000000       3.476921776614423E-011   9.26080009132821     
   14.0000000000000       3.451997284819319E-011   9.45743269021635     
   14.2000000000000       3.427601238594836E-011   9.65420363615772     
   14.4000000000000       3.403715224672389E-011   9.85110463891381     
   14.6000000000000       3.380321715677281E-011   10.0481280527896     
   14.8000000000000       3.357404016071805E-011   10.2452668156415     
   15.0000000000000       3.334946212075984E-011   10.4425143946328     
   15.2000000000000       3.312933125224606E-011   10.6398647378875     
   15.4000000000000       3.291350269252582E-011   10.8373122313132     
   15.6000000000000       3.270183810030343E-011   11.0348516599635     
   15.8000000000000       3.249420528297541E-011   11.2324781733964     
   16.0000000000000       3.229047784966949E-011   11.4301872545578     
   16.2000000000000       3.209053488791653E-011   11.6279746917803     
   16.4000000000000       3.189426066207655E-011   11.8258365535429     
   16.6000000000000       3.170154433180948E-011   12.0237691656793     
   16.8000000000000       3.151227968903544E-011   12.2217690907645     
   17.0000000000000       3.132636491196582E-011   12.4198331094422     
   17.2000000000000       3.114370233491158E-011   12.6179582034822     
   17.4000000000000       3.096419823268640E-011   12.8161415403877     
   17.6000000000000       3.078776261852331E-011   13.0143804593872     
   17.8000000000000       3.061430905451547E-011   13.2126724586704     
   18.0000000000000       3.044375447367373E-011   13.4110151837412     
   18.2000000000000       3.027601901276874E-011   13.6094064167753     
   18.4000000000000       3.011102585519414E-011   13.8078440668843     
   18.6000000000000       2.994870108314779E-011   14.0063261611966     
   18.8000000000000       2.978897353848554E-011   14.2048508366772     
   19.0000000000000       2.963177469165217E-011   14.4034163326163     
   19.2000000000000       2.947703851814147E-011   14.6020209837236     
   19.4000000000000       2.932470138197940E-011   14.8006632137730     
   19.6000000000000       2.917470192576334E-011   14.9993415297460     
   19.8000000000000       2.902698096682604E-011   15.1980545164304     
   20.0000000000000       2.888148139912487E-011   15.3968008314331     
   20.2000000000000       2.873814810048728E-011   15.5955792005698     
   20.4000000000000       2.859692784487002E-011   15.7943884136004     
   20.6000000000000       2.845776921931517E-011   15.9932273202785     
   20.8000000000000       2.832062254530862E-011   16.1920948266903     
   21.0000000000000       2.818543980426767E-011   16.3909898918570     
   21.2000000000000       2.805217456690429E-011   16.5899115245799     
   21.4000000000000       2.792078192622762E-011   16.7888587805073     
   21.6000000000000       2.779121843396653E-011   16.9878307594067     
   21.8000000000000       2.766344204020756E-011   17.1868266026242     
   22.0000000000000       2.753741203605802E-011   17.3858454907174     
   22.2000000000000       2.741308899915645E-011   17.5848866412476     
   22.4000000000000       2.729043474186508E-011   17.7839493067191     
   22.6000000000000       2.716941226198947E-011   17.9830327726550     
   22.8000000000000       2.704998569588097E-011   18.1821363557975     
   23.0000000000000       2.693212027378713E-011   18.3812594024251     
   23.2000000000000       2.681578227732363E-011   18.5804012867771     
   23.4000000000000       2.670093899894979E-011   18.7795614095776     
   23.6000000000000       2.658755870333692E-011   18.9787391966518     
   23.8000000000000       2.647561059052602E-011   19.1779340976278     
   24.0000000000000       2.636506476077760E-011   19.3771455847187     
   24.2000000000000       2.625589218102261E-011   19.5763731515777     
   24.4000000000000       2.614806465282893E-011   19.7756163122224     
   24.6000000000000       2.604155478180317E-011   19.9748746000236     
   24.8000000000000       2.593633594835253E-011   20.1741475667522     
   25.0000000000000       2.583238227973558E-011   20.3734347816838     
   25.2000000000000       2.572966862333566E-011   20.5727358307531     
   25.4000000000000       2.562817052109387E-011   20.7720503157579     
   25.6000000000000       2.552786418504293E-011   20.9713778536082     
   25.8000000000000       2.542872647388615E-011   21.1707180756165     
   26.0000000000000       2.533073487056927E-011   21.3700706268291     
   26.2000000000000       2.523386746079572E-011   21.5694351653930     
   26.4000000000000       2.513810291243874E-011   21.7688113619582     
   26.6000000000000       2.504342045580661E-011   21.9681988991121     
   26.8000000000000       2.494979986471935E-011   22.1675974708442     
   27.0000000000000       2.485722143835777E-011   22.3670067820396     
   27.2000000000000       2.476566598384801E-011   22.5664265479990     
   27.4000000000000       2.467511479954653E-011   22.7658564939837     
   27.6000000000000       2.458554965899237E-011   22.9652963547847     
   27.8000000000000       2.449695279549572E-011   23.1647458743134     
   28.0000000000000       2.440930688733290E-011   23.3642048052132     
   28.2000000000000       2.432259504351994E-011   23.5636729084914     
   28.4000000000000       2.423680079013818E-011   23.7631499531691     
   28.6000000000000       2.415190805718659E-011   23.9626357159481     
   28.8000000000000       2.406790116593739E-011   24.1621299808949     
   29.0000000000000       2.398476481677191E-011   24.3616325391400     
   29.2000000000000       2.390248407747551E-011   24.5611431885919     
   29.4000000000000       2.382104437197130E-011   24.7606617336642     
   29.6000000000000       2.374043146947321E-011   24.9601879850167     
   29.8000000000000       2.366063147404002E-011   25.1597217593081     
   30.0000000000000       2.358163081451318E-011   25.3592628789606     
   30.2000000000000       2.350341623482174E-011   25.5588111719355     
   30.4000000000000       2.342597478463861E-011   25.7583664715192     
   30.6000000000000       2.334929381037325E-011   25.9579286161187     
   30.8000000000000       2.327336094648670E-011   26.1574974490669     
   31.0000000000000       2.319816410711509E-011   26.3570728184366     
   31.2000000000000       2.312369147798915E-011   26.5566545768626     
   31.4000000000000       2.304993150863716E-011   26.7562425813720     
   31.6000000000000       2.297687290485965E-011   26.9558366932220     
   31.8000000000000       2.290450462146508E-011   27.1554367777445     
   32.0000000000000       2.283281585525530E-011   27.3550427041982     
   32.2000000000000       2.276179603825134E-011   27.5546543456262     
   32.4000000000000       2.269143483114926E-011   27.7542715787204     
   32.6000000000000       2.262172211699738E-011   27.9538942836914     
   32.8000000000000       2.255264799508567E-011   28.1535223441441     
   33.0000000000000       2.248420277503939E-011   28.3531556469584     
   33.2000000000000       2.241637697110845E-011   28.5527940821748     
   33.4000000000000       2.234916129664536E-011   28.7524375428851     
   33.6000000000000       2.228254665876407E-011   28.9520859251270     
   33.8000000000000       2.221652415317298E-011   29.1517391277838     
   34.0000000000000       2.215108505917535E-011   29.3513970524878     
   34.2000000000000       2.208622083483071E-011   29.5510596035272     
   34.4000000000000       2.202192311227129E-011   29.7507266877575     
   34.6000000000000       2.195818369316752E-011   29.9503982145159     
   34.8000000000000       2.189499454433707E-011   30.1500740955392     
   35.0000000000000       2.183234779349206E-011   30.3497542448853     
   35.2000000000000       2.177023572511953E-011   30.5494385788571     
   35.4000000000000       2.170865077648980E-011   30.7491270159299     
   35.6000000000000       2.164758553378862E-011   30.9488194766814     
   35.8000000000000       2.158703272836821E-011   31.1485158837246     
   36.0000000000000       2.152698523311299E-011   31.3482161616426     
   36.2000000000000       2.146743605891594E-011   31.5479202369269     
   36.4000000000000       2.140837835126162E-011   31.7476280379169     
   36.6000000000000       2.134980538691195E-011   31.9473394947429     
   36.8000000000000       2.129171057069124E-011   32.1470545392698     
   37.0000000000000       2.123408743236694E-011   32.3467731050442     
   37.2000000000000       2.117692962362270E-011   32.5464951272428     
   37.4000000000000       2.112023091512069E-011   32.7462205426225     
   37.6000000000000       2.106398519364975E-011   32.9459492894726     
   37.8000000000000       2.100818645935696E-011   33.1456813075690     
   38.0000000000000       2.095282882305917E-011   33.3454165381294     
   38.2000000000000       2.089790650363220E-011   33.5451549237708     
   38.4000000000000       2.084341382547490E-011   33.7448964084676     
   38.6000000000000       2.078934521604553E-011   33.9446409375123     
   38.8000000000000       2.073569520346815E-011   34.1443884574767     
   39.0000000000000       2.068245841420654E-011   34.3441389161746     
   39.2000000000000       2.062962957080349E-011   34.5438922626262     
   39.4000000000000       2.057720348968333E-011   34.7436484470234     
   39.6000000000000       2.052517507901554E-011   34.9434074206964     
   39.8000000000000       2.047353933663748E-011   35.1431691360812     
   40.0000000000000       2.042229134803433E-011   35.3429335466885     
   40.2000000000000       2.037142628437439E-011   35.5427006070735     
   40.4000000000000       2.032093940059786E-011   35.7424702728070     
   40.6000000000000       2.027082603355761E-011   35.9422425004468     
   40.8000000000000       2.022108160020999E-011   36.1420172475105     
   41.0000000000000       2.017170159585435E-011   36.3417944724497     
   41.2000000000000       2.012268159241957E-011   36.5415741346238     
   41.4000000000000       2.007401723679609E-011   36.7413561942756     
   41.6000000000000       2.002570424921235E-011   36.9411406125077     
   41.8000000000000       1.997773842165367E-011   37.1409273512589     
   42.0000000000000       1.993011561632291E-011   37.3407163732824     
   42.2000000000000       1.988283176414104E-011   37.5405076421237     
   42.4000000000000       1.983588286328683E-011   37.7403011220999     
   42.6000000000000       1.978926497777423E-011   37.9400967782793     
   42.8000000000000       1.974297423606634E-011   38.1398945764619     
   43.0000000000000       1.969700682972493E-011   38.3396944831601     
   43.2000000000000       1.965135901209431E-011   38.5394964655804     
   43.4000000000000       1.960602709701868E-011   38.7393004916056     
   43.6000000000000       1.956100745759179E-011   38.9391065297773     
   43.8000000000000       1.951629652493816E-011   39.1389145492791     
   44.0000000000000       1.947189078702468E-011   39.3387245199206     
   44.2000000000000       1.942778678750186E-011   39.5385364121211     
   44.4000000000000       1.938398112457387E-011   39.7383501968949     
   44.6000000000000       1.934047044989642E-011   39.9381658458358     
   44.8000000000000       1.929725146750174E-011   40.1379833311031     
   45.0000000000000       1.925432093274992E-011   40.3378026254076     
   45.2000000000000       1.921167565130569E-011   40.5376237019978     
   45.4000000000000       1.916931247814016E-011   40.7374465346467     
   45.6000000000000       1.912722831655655E-011   40.9372710976395     
   45.8000000000000       1.908542011723941E-011   41.1370973657604     
   46.0000000000000       1.904388487732658E-011   41.3369253142814     
   46.2000000000000       1.900261963950326E-011   41.5367549189499     
   46.4000000000000       1.896162149111758E-011   41.7365861559776     
   46.6000000000000       1.892088756331714E-011   41.9364190020293     
   46.8000000000000       1.888041503020574E-011   42.1362534342126     
   47.0000000000000       1.884020110801997E-011   42.3360894300669     
   47.2000000000000       1.880024305432494E-011   42.5359269675536     
   47.4000000000000       1.876053816722881E-011   42.7357660250460     
   47.6000000000000       1.872108378461532E-011   42.9356065813202     
   47.8000000000000       1.868187728339412E-011   43.1354486155452     
   48.0000000000000       1.864291607876833E-011   43.3352921072740     
   48.2000000000000       1.860419762351863E-011   43.5351370364352     
   48.4000000000000       1.856571940730394E-011   43.7349833833239     
   48.6000000000000       1.852747895597769E-011   43.9348311285937     
   48.8000000000000       1.848947383091960E-011   44.1346802532484     
   49.0000000000000       1.845170162838256E-011   44.3345307386342     
   49.2000000000000       1.841415997885399E-011   44.5343825664321     
   49.4000000000000       1.837684654643151E-011   44.7342357186502     
   49.6000000000000       1.833975902821250E-011   44.9340901776167     
   49.8000000000000       1.830289515369706E-011   45.1339459259726     
   50.0000000000000       1.826625268420424E-011   45.3338029466649     
   50.2000000000000       1.822982941230093E-011   45.5336612229400     
   50.4000000000000       1.819362316124338E-011   45.7335207383370     
   50.6000000000000       1.815763178443078E-011   45.9333814766813     
   50.8000000000000       1.812185316487065E-011   46.1332434220786     
   51.0000000000000       1.808628521465591E-011   46.3331065589087     
   51.2000000000000       1.805092587445305E-011   46.5329708718196     
   51.4000000000000       1.801577311300135E-011   46.7328363457221     
   51.6000000000000       1.798082492662278E-011   46.9327029657836     
   51.8000000000000       1.794607933874224E-011   47.1325707174232     
   52.0000000000000       1.791153439941808E-011   47.3324395863062     
   52.2000000000000       1.787718818488242E-011   47.5323095583389     
   52.4000000000000       1.784303879709122E-011   47.7321806196635     
   52.6000000000000       1.780908436328364E-011   47.9320527566535     
   52.8000000000000       1.777532303555073E-011   48.1319259559083     
   53.0000000000000       1.774175299041300E-011   48.3318002042493     
   53.2000000000000       1.770837242840675E-011   48.5316754887146     
   53.4000000000000       1.767517957367891E-011   48.7315517965550     
   53.6000000000000       1.764217267359026E-011   48.9314291152297     
   53.8000000000000       1.760934999832667E-011   49.1313074324018     
   54.0000000000000       1.757670984051841E-011   49.3311867359342     
   54.2000000000000       1.754425051486702E-011   49.5310670138857     
   54.4000000000000       1.751197035777994E-011   49.7309482545071     
   54.6000000000000       1.747986772701226E-011   49.9308304462373     
   54.8000000000000       1.744794100131589E-011   50.1307135776993     
   55.0000000000000       1.741618858009562E-011   50.3305976376970     
   55.2000000000000       1.738460888307212E-011   50.5304826152114     
   55.4000000000000       1.735320034995154E-011   50.7303684993970     
   55.6000000000000       1.732196144010177E-011   50.9302552795785     
   55.8000000000000       1.729089063223502E-011   51.1301429452477     
   56.0000000000000       1.725998642409659E-011   51.3300314860598     
   56.2000000000000       1.722924733215990E-011   51.5299208918306     
   56.4000000000000       1.719867189132727E-011   51.7298111525332     
   56.6000000000000       1.716825865463669E-011   51.9297022582951     
   56.8000000000000       1.713800619297417E-011   52.1295941993951     
   57.0000000000000       1.710791309479172E-011   52.3294869662605     
   57.2000000000000       1.707797796583065E-011   52.5293805494645     
   57.4000000000000       1.704819942885032E-011   52.7292749397229     
   57.6000000000000       1.701857612336194E-011   52.9291701278918     
   57.8000000000000       1.698910670536757E-011   53.1290661049650     
   58.0000000000000       1.695978984710394E-011   53.3289628620712     
   58.2000000000000       1.693062423679119E-011   53.5288603904716     
   58.4000000000000       1.690160857838641E-011   53.7287586815574     
   58.6000000000000       1.687274159134163E-011   53.9286577268474     
   58.8000000000000       1.684402201036656E-011   54.1285575179857     
   59.0000000000000       1.681544858519554E-011   54.3284580467393     
   59.2000000000000       1.678702008035903E-011   54.5283593049960     
   59.4000000000000       1.675873527495915E-011   54.7282612847619     
   59.6000000000000       1.673059296244955E-011   54.9281639781597     
   59.8000000000000       1.670259195041913E-011   55.1280673774261     
   60.0000000000000       1.667473106037992E-011   55.3279714749100     
   60.2000000000000       1.664700912755869E-011   55.5278762630706     
   60.4000000000000       1.661942500069244E-011   55.7277817344752     
   60.6000000000000       1.659197754182767E-011   55.9276878817973     
   60.8000000000000       1.656466562612303E-011   56.1275946978148     
   61.0000000000000       1.653748814165587E-011   56.3275021754080     
   61.2000000000000       1.651044398923201E-011   56.5274103075581     
   61.4000000000000       1.648353208219903E-011   56.7273190873450     
   61.6000000000000       1.645675134626291E-011   56.9272285079458     
   61.8000000000000       1.643010071930786E-011   57.1271385626333     
   62.0000000000000       1.640357915121945E-011   57.3270492447739     
   62.2000000000000       1.637718560371076E-011   57.5269605478263     
   62.4000000000000       1.635091905015172E-011   57.7268724653397     
   62.6000000000000       1.632477847540129E-011   57.9267849909523     
   62.8000000000000       1.629876287564280E-011   58.1266981183901     
   63.0000000000000       1.627287125822193E-011   58.3266118414646     
   63.2000000000000       1.624710264148771E-011   58.5265261540723     
   63.4000000000000       1.622145605463612E-011   58.7264410501925     
   63.6000000000000       1.619593053755657E-011   58.9263565238863     
   63.8000000000000       1.617052514068083E-011   59.1262725692952     
   64.0000000000000       1.614523892483475E-011   59.3261891806394     
   64.2000000000000       1.612007096109236E-011   59.5261063522170     
   64.4000000000000       1.609502033063261E-011   59.7260240784022     
   64.6000000000000       1.607008612459844E-011   59.9259423536443     
   64.8000000000000       1.604526744395826E-011   60.1258611724666     
   65.0000000000000       1.602056339936987E-011   60.3257805294648     
   65.2000000000000       1.599597311104654E-011   60.5257004193061     
   65.4000000000000       1.597149570862545E-011   60.7256208367277     
   65.6000000000000       1.594713033103827E-011   60.9255417765361     
   65.8000000000000       1.592287612638399E-011   61.1254632336056     
   66.0000000000000       1.589873225180374E-011   61.3253852028775     
   66.2000000000000       1.587469787335783E-011   61.5253076793585     
   66.4000000000000       1.585077216590474E-011   61.7252306581203     
   66.6000000000000       1.582695431298215E-011   61.9251541342982     
   66.8000000000000       1.580324350668987E-011   62.1250781030899     
   67.0000000000000       1.577963894757481E-011   62.3250025597548     
   67.2000000000000       1.575613984451772E-011   62.5249274996131     
   67.4000000000000       1.573274541462184E-011   62.7248529180444     
   67.6000000000000       1.570945488310333E-011   62.9247788104871     
   67.8000000000000       1.568626748318354E-011   63.1247051724375     
   68.0000000000000       1.566318245598291E-011   63.3246319994485     
   68.2000000000000       1.564019905041671E-011   63.5245592871293     
   68.4000000000000       1.561731652309241E-011   63.7244870311440     
   68.6000000000000       1.559453413820862E-011   63.9244152272109     
   68.8000000000000       1.557185116745579E-011   64.1243438711017     
   69.0000000000000       1.554926688991838E-011   64.3242729586408     
   69.2000000000000       1.552678059197862E-011   64.5242024857042     
   69.4000000000000       1.550439156722183E-011   64.7241324482189     
   69.6000000000000       1.548209911634320E-011   64.9240628421620     
   69.8000000000000       1.545990254705601E-011   65.1239936635603     
   70.0000000000000       1.543780117400140E-011   65.3239249084886     
