   10.0000000000000      -1.591819519494294E-011   5.57052402574562     
   10.2000000000000      -2.917525181638299E-011   5.76119368532575     
   10.4000000000000      -3.749149946589149E-011   5.95247574025006     
   10.6000000000000      -3.962974473323910E-011   6.14431299631567     
   10.8000000000000      -3.536385381409220E-011   6.33665502888724     
   11.0000000000000      -2.549605090570057E-011   6.52945722962867     
   11.2000000000000      -1.171009417076717E-011   6.72268000666239     
   11.4000000000000       3.713416620707648E-012   6.91628811071419     
   11.6000000000000       1.827189984129935E-011   7.11025006514079     
   11.8000000000000       2.964459489095340E-011   7.30453768196611     
   12.0000000000000       3.606050035815557E-011   7.49912564941347     
   12.2000000000000       3.657240687330731E-011   7.69399117910329     
   12.4000000000000       3.119486702557617E-011   7.88911370323355     
   12.6000000000000       2.088628152687412E-011   8.08447461378756     
   12.8000000000000       7.380425427286292E-012   8.28005703720716     
   13.0000000000000      -7.103347562373289E-012   8.47584563909890     
   13.2000000000000      -2.022308495034056E-011   8.67182645445930     
   13.4000000000000      -2.989131016735161E-011   8.86798673965451     
   13.6000000000000      -3.460572742863313E-011   9.06431484300476     
   13.8000000000000      -3.368137596474288E-011   9.26080009132821     
   14.0000000000000      -2.734854070624517E-011   9.45743269021635     
   14.2000000000000      -1.670267725157615E-011   9.65420363615772     
   14.4000000000000      -3.516448513957003E-012   9.85110463891381     
   14.6000000000000       1.005412847412207E-011   10.0481280527896     
   14.8000000000000       2.182093250123382E-011   10.2452668156415     
   15.0000000000000       2.991536454552947E-011   10.4425143946328     
   15.2000000000000       3.308402780142915E-011   10.6398647378875     
   15.4000000000000       3.088183063112452E-011   10.8373122313132     
   15.6000000000000       2.373290546627799E-011   11.0348516599635     
   15.8000000000000       1.285127966442108E-011   11.2324781733964     
   16.0000000000000       3.579695214297229E-014   11.4301872545578     
   16.2000000000000      -1.262624951749073E-011   11.6279746917803     
   16.4000000000000      -2.309811016710067E-011   11.8258365535429     
   16.6000000000000      -2.972029800109000E-011   12.0237691656793     
   16.8000000000000      -3.147276280247896E-011   12.2217690907645     
   17.0000000000000      -2.813122085368272E-011   12.4198331094422     
   17.2000000000000      -2.029380021730677E-011   12.6179582034822     
   17.4000000000000      -9.275239517114789E-012   12.8161415403877     
   17.6000000000000       3.112842744093871E-012   13.0143804593872     
   17.8000000000000       1.485902206914937E-011   13.2126724586704     
   18.0000000000000       2.407789889056721E-011   13.4110151837412     
   18.2000000000000       2.931202600290804E-011   13.6094064167753     
   18.4000000000000       2.976168976256178E-011   13.8078440668843     
   18.6000000000000       2.540641227506648E-011   14.0063261611966     
   18.8000000000000       1.699981980349462E-011   14.2048508366772     
   19.0000000000000       5.940057399507445E-012   14.4034163326163     
   19.2000000000000      -5.962101648671387E-012   14.6020209837236     
   19.4000000000000      -1.677909845242837E-011   14.8006632137730     
   19.6000000000000      -2.477815137846666E-011   14.9993415297460     
   19.8000000000000      -2.869827538710572E-011   15.1980545164304     
   20.0000000000000      -2.794855625879940E-011   15.3968008314331     
   20.2000000000000      -2.269658027915258E-011   15.5955792005698     
   20.4000000000000      -1.383388876648558E-011   15.7943884136004     
   20.6000000000000      -2.825228982169101E-012   15.9932273202785     
   20.8000000000000       8.533006896504402E-012   16.1920948266903     
   21.0000000000000       1.840540373856819E-011   16.3909898918570     
   21.2000000000000       2.521362326768683E-011   16.5899115245799     
   21.4000000000000       2.788829068203823E-011   16.7888587805073     
   21.6000000000000       2.603653838946118E-011   16.9878307594067     
   21.8000000000000       1.999902144831110E-011   17.1868266026242     
   22.0000000000000       1.078824647987348E-011   17.3858454907174     
   22.2000000000000      -8.076937491735980E-014   17.5848866412476     
   22.4000000000000      -1.083926375375914E-011   17.7839493067191     
   22.6000000000000      -1.975214252040372E-011   17.9830327726550     
   22.8000000000000      -2.539740702573144E-011   18.1821363557975     
   23.0000000000000      -2.689265834716852E-011   18.3812594024251     
   23.2000000000000      -2.403265598736098E-011   18.5804012867771     
   23.4000000000000      -1.731654321607062E-011   18.7795614095776     
   23.6000000000000      -7.861302767035298E-012   18.9787391966518     
   23.8000000000000       2.783641690885031E-012   19.1779340976278     
   24.0000000000000       1.288996750222159E-011   19.3771455847187     
   24.2000000000000       2.083070915300853E-011   19.5763731515777     
   24.4000000000000       2.534184085979172E-011   19.7756163122224     
   24.6000000000000       2.572318091877821E-011   19.9748746000236     
   24.8000000000000       2.194673310196179E-011   20.1741475667522     
   25.0000000000000       1.465575353889566E-011   20.3734347816838     
   25.2000000000000       5.055574261441143E-012   20.5727358307531     
   25.4000000000000      -5.285350504344842E-012   20.7720503157579     
   25.6000000000000      -1.469138729915879E-011   20.9713778536082     
   25.8000000000000      -2.165094076507539E-011   21.1707180756165     
   26.0000000000000      -2.505909434795389E-011   21.3700706268291     
   26.2000000000000      -2.439276954437516E-011   21.5694351653930     
   26.4000000000000      -1.979067625797281E-011   21.7688113619582     
   26.6000000000000      -1.202588732907470E-011   21.9681988991121     
   26.8000000000000      -2.376273859207490E-012   22.1675974708442     
   27.0000000000000       7.585533306857760E-012   22.3670067820396     
   27.2000000000000       1.624817655704421E-011   22.5664265479990     
   27.4000000000000       2.222195838857686E-011   22.7658564939837     
   27.6000000000000       2.456154582868722E-011   22.9652963547847     
   27.8000000000000       2.291534007560286E-011   23.1647458743134     
   28.0000000000000       1.757794487990396E-011   23.3642048052132     
   28.2000000000000       9.437965811016088E-012   23.5636729084914     
   28.4000000000000      -1.696891855502963E-013   23.7631499531691     
   28.6000000000000      -9.682498228023789E-012   23.9626357159481     
   28.8000000000000      -1.756421451828097E-011   24.1621299808949     
   29.0000000000000      -2.255273941990706E-011   24.3616325391400     
   29.2000000000000      -2.386202012850717E-011   24.5611431885919     
   29.4000000000000      -2.130570588864321E-011   24.7606617336642     
   29.6000000000000      -1.532314183353881E-011   24.9601879850167     
   29.8000000000000      -6.904169889649303E-012   25.1597217593081     
   30.0000000000000       2.574441402280836E-012   25.3592628789606     
   30.2000000000000       1.157394221796901E-011   25.5588111719355     
   30.4000000000000       1.864320179423100E-011   25.7583664715192     
   30.6000000000000       2.265250828227630E-011   25.9579286161187     
   30.8000000000000       2.297392916572146E-011   26.1574974490669     
   31.0000000000000       1.957946458609658E-011   26.3570728184366     
   31.2000000000000       1.304168147422546E-011   26.5566545768626     
   31.4000000000000       4.437355871013498E-012   26.7562425813720     
   31.6000000000000      -4.829696505503626E-012   26.9558366932220     
   31.8000000000000      -1.325747975716839E-011   27.1554367777445     
   32.0000000000000      -1.948908601605969E-011   27.3550427041982     
   32.2000000000000      -2.253099981743862E-011   27.5546543456262     
   32.4000000000000      -2.191134280055381E-011   27.7542715787204     
   32.6000000000000      -1.775287778321696E-011   27.9538942836914     
   32.8000000000000      -1.074950940338675E-011   28.1535223441441     
   33.0000000000000      -2.050669165776657E-012   28.3531556469584     
   33.2000000000000       6.927180578044348E-012   28.5527940821748     
   33.4000000000000       1.473103778526754E-011   28.7524375428851     
   33.6000000000000       2.010636626170977E-011   28.9520859251270     
   33.8000000000000       2.219863072514001E-011   29.1517391277838     
   34.0000000000000       2.068900817258612E-011   29.3513970524878     
   34.2000000000000       1.584274426151643E-011   29.5510596035272     
   34.4000000000000       8.462858057870969E-012   29.7507266877575     
   34.6000000000000      -2.427721144475590E-013   29.9503982145159     
   34.8000000000000      -8.858966039640165E-012   30.1500740955392     
   35.0000000000000      -1.599315300633911E-011   30.3497542448853     
   35.2000000000000      -2.050030822456422E-011   30.5494385788571     
   35.4000000000000      -2.166660261675370E-011   30.7491270159299     
   35.6000000000000      -1.932233011277387E-011   30.9488194766814     
   35.8000000000000      -1.386626735208936E-011   31.1485158837246     
   36.0000000000000      -6.198028283297672E-012   31.3482161616426     
   36.2000000000000       2.430141773322285E-012   31.5479202369269     
   36.4000000000000       1.061773735926996E-011   31.7476280379169     
   36.6000000000000       1.704319560880397E-011   31.9473394947429     
   36.8000000000000       2.067709167421158E-011   32.1470545392698     
   37.0000000000000       2.094695287353707E-011   32.3467731050442     
   37.2000000000000       1.782732162772319E-011   32.5464951272428     
   37.4000000000000       1.184091772332661E-011   32.7462205426225     
   37.6000000000000       3.971190792016064E-012   32.9459492894726     
   37.8000000000000      -4.499130192304948E-012   33.1456813075690     
   38.0000000000000      -1.219700386036094E-011   33.3454165381294     
   38.2000000000000      -1.788153574486922E-011   33.5451549237708     
   38.4000000000000      -2.064390511546684E-011   33.7448964084676     
   38.6000000000000      -2.005256476623163E-011   33.9446409375123     
   38.8000000000000      -1.622053112384190E-011   34.1443884574767     
   39.0000000000000      -9.784292912937461E-012   34.3441389161746     
   39.2000000000000      -1.798203785481694E-012   34.5438922626262     
   39.4000000000000       6.438136855083858E-012   34.7436484470234     
   39.6000000000000       1.359127006577530E-011   34.9434074206964     
   39.8000000000000       1.850966413456329E-011   35.1431691360812     
   40.0000000000000       2.040899823045895E-011   35.3429335466885     
   40.2000000000000       1.899714519531767E-011   35.5427006070735     
   40.4000000000000       1.451895149558647E-011   35.7424702728070     
   40.6000000000000       7.713975025200250E-012   35.9422425004468     
   40.8000000000000      -3.055554471794231E-013   36.1420172475105     
   41.0000000000000      -8.236435934365493E-012   36.3417944724497     
   41.2000000000000      -1.479617082029618E-011   36.5415741346238     
   41.4000000000000      -1.893027488379640E-011   36.7413561942756     
   41.6000000000000      -1.998169983174212E-011   36.9411406125077     
   41.8000000000000      -1.779517634976039E-011   37.1409273512589     
   42.0000000000000      -1.273991515976440E-011   37.3407163732824     
   42.2000000000000      -5.647388044757870E-012   37.5405076421237     
   42.4000000000000       2.325346147761934E-012   37.7403011220999     
   42.6000000000000       9.884318420313056E-012   37.9400967782793     
   42.8000000000000       1.580857630198658E-011   38.1398945764619     
   43.0000000000000       1.914731642351822E-011   38.3396944831601     
   43.2000000000000       1.937240713981502E-011   38.5394964655804     
   43.4000000000000       1.646184618908810E-011   38.7393004916056     
   43.6000000000000       1.090097839997005E-011   38.9391065297773     
   43.8000000000000       3.601656216136918E-012   39.1389145492791     
   44.0000000000000      -4.247207471857481E-012   39.3387245199206     
   44.2000000000000      -1.137321313068899E-011   39.5385364121211     
   44.4000000000000      -1.662667061388893E-011   39.7383501968949     
   44.6000000000000      -1.916601500943081E-011   39.9381658458358     
   44.8000000000000      -1.859255090102002E-011   40.1379833311031     
   45.0000000000000      -1.501296169901830E-011   40.3378026254076     
   45.2000000000000      -9.019797879967554E-012   40.5376237019978     
   45.4000000000000      -1.593464913544096E-012   40.7374465346467     
   45.6000000000000       6.058089768424906E-012   40.9372710976395     
   45.8000000000000       1.269578818978617E-011   41.1370973657604     
   46.0000000000000       1.725000669677190E-011   41.3369253142814     
   46.2000000000000       1.899287422913447E-011   41.5367549189499     
   46.4000000000000       1.765453997468598E-011   41.7365861559776     
   46.6000000000000       1.346484820742588E-011   41.9364190020293     
   46.8000000000000       7.114001819917978E-012   42.1362534342126     
   47.0000000000000      -3.610746160537582E-013   42.3360894300669     
   47.2000000000000      -7.745973630753580E-012   42.5359269675536     
   47.4000000000000      -1.384603407104753E-011   42.7357660250460     
   47.6000000000000      -1.767953966933935E-011   42.9356065813202     
   47.8000000000000      -1.863565329113424E-011   43.1354486155452     
   48.0000000000000      -1.657168840738451E-011   43.3352921072740     
   48.2000000000000      -1.183423757933743E-011   43.5351370364352     
   48.4000000000000      -5.201058057489338E-012   43.7349833833239     
   48.6000000000000       2.246555308865489E-012   43.9348311285937     
   48.8000000000000       9.299976444528713E-012   44.1346802532484     
   49.0000000000000       1.481932898502050E-011   44.3345307386342     
   49.2000000000000       1.791764028425483E-011   44.5343825664321     
   49.4000000000000       1.810332641579435E-011   44.7342357186502     
   49.6000000000000       1.535812758863011E-011   44.9340901776167     
   49.8000000000000       1.013814777322721E-011   45.1339459259726     
   50.0000000000000       3.298141005361498E-012   45.3338029466649     
   50.2000000000000      -4.048397878580718E-012   45.5336612229400     
   50.4000000000000      -1.071044608630679E-011   45.7335207383370     
   50.6000000000000      -1.561248720537833E-011   45.9333814766813     
   50.8000000000000      -1.796808991954056E-011   46.1332434220786     
   51.0000000000000      -1.740602534374571E-011   46.3331065589087     
   51.2000000000000      -1.402870578667985E-011   46.5329708718196     
   51.4000000000000      -8.393755993331530E-012   46.7328363457221     
   51.6000000000000      -1.421999346166786E-012   46.9327029657836     
   51.8000000000000       5.752966765914228E-012   47.1325707174232     
   52.0000000000000       1.196904140831728E-011   47.3324395863062     
   52.2000000000000       1.622379082409095E-011   47.5323095583389     
   52.4000000000000       1.783605835983751E-011   47.7321806196635     
   52.6000000000000       1.655496677583666E-011   47.9320527566535     
   52.8000000000000       1.259887715463841E-011   48.1319259559083     
   53.0000000000000       6.618267484735552E-012   48.3318002042493     
   53.2000000000000      -4.111738390952392E-013   48.5316754887146     
   53.4000000000000      -7.347677347270455E-012   48.7315517965550     
   53.6000000000000      -1.306879916796148E-011   48.9314291152297     
   53.8000000000000      -1.665300538684439E-011   49.1313074324018     
   54.0000000000000      -1.752806552911349E-011   49.3311867359342     
   54.2000000000000      -1.556236642822227E-011   49.5310670138857     
   54.4000000000000      -1.108458214769670E-011   49.7309482545071     
   54.6000000000000      -4.828781869411113E-012   49.9308304462373     
   54.8000000000000       2.185866942668753E-012   50.1307135776993     
   55.0000000000000       8.821093401998956E-012   50.3305976376970     
   55.2000000000000       1.400418711209788E-011   50.5304826152114     
   55.4000000000000       1.690137986336344E-011   50.7303684993970     
   55.6000000000000       1.705192829352103E-011   50.9302552795785     
   55.8000000000000       1.444134130395652E-011   51.1301429452477     
   56.0000000000000       9.502121182304889E-012   51.3300314860598     
   56.2000000000000       3.042158798064778E-012   51.5299208918306     
   56.4000000000000      -3.887370256040934E-012   51.7298111525332     
   56.6000000000000      -1.016301394107752E-011   51.9297022582951     
   56.8000000000000      -1.477114299933482E-011   52.1295941993951     
   57.0000000000000      -1.697163144143161E-011   52.3294869662605     
   57.2000000000000      -1.641669344434035E-011   52.5293805494645     
   57.4000000000000      -1.320580173234449E-011   52.7292749397229     
   57.6000000000000      -7.868023283440100E-012   52.9291701278918     
   57.8000000000000      -1.274884584723976E-012   53.1290661049650     
   58.0000000000000       5.501889621581915E-012   53.3289628620712     
   58.2000000000000       1.136454861028210E-011   53.5288603904716     
   58.4000000000000       1.536709943231178E-011   53.7287586815574     
   58.6000000000000       1.686791568853869E-011   53.9286577268474     
   58.8000000000000       1.563255798478381E-011   54.1285575179857     
   59.0000000000000       1.187033469770345E-011   54.3284580467393     
   59.2000000000000       6.198911396878539E-012   54.5283593049960     
   59.4000000000000      -4.570586085018391E-013   54.7282612847619     
   59.6000000000000      -7.016652097082616E-012   54.9281639781597     
   59.8000000000000      -1.241818099712713E-011   55.1280673774261     
   60.0000000000000      -1.579099447178353E-011   55.3279714749100     
   60.2000000000000      -1.659578269409383E-011   55.5278762630706     
   60.4000000000000      -1.471077787236306E-011   55.7277817344752     
   60.6000000000000      -1.045007996156936E-011   55.9276878817973     
   60.8000000000000      -4.511365982349914E-012   56.1275946978148     
   61.0000000000000       2.138319565008520E-012   56.3275021754080     
   61.2000000000000       8.420002537528178E-012   56.5274103075581     
   61.4000000000000       1.331781929202643E-011   56.7273190873450     
   61.6000000000000       1.604326811167129E-011   56.9272285079458     
   61.8000000000000       1.616211988256232E-011   57.1271385626333     
   62.0000000000000       1.366356640417406E-011   57.3270492447739     
   62.2000000000000       8.960600470557233E-012   57.5269605478263     
   62.4000000000000       2.821788445511349E-012   57.7268724653397     
   62.6000000000000      -3.754299409879173E-012   57.9267849909523     
   62.8000000000000      -9.701490117861911E-012   58.1266981183901     
   63.0000000000000      -1.405883387925733E-011   58.3266118414646     
   63.2000000000000      -1.612584480616036E-011   58.5265261540723     
   63.4000000000000      -1.557508226944803E-011   58.7264410501925     
   63.6000000000000      -1.250398347100531E-011   58.9263565238863     
   63.8000000000000      -7.417748531431163E-012   59.1262725692952     
   64.0000000000000      -1.146265908096890E-012   59.3261891806394     
   64.2000000000000       5.291266330727412E-012   59.5261063522170     
   64.4000000000000       1.085194394269031E-011   59.7260240784022     
   64.6000000000000       1.463808156129954E-011   59.9259423536443     
   64.8000000000000       1.604210235394549E-011   60.1258611724666     
   65.0000000000000       1.484401101439432E-011   60.3257805294648     
   65.2000000000000       1.124581694394736E-011   60.5257004193061     
   65.4000000000000       5.837529222040663E-012   60.7256208367277     
   65.6000000000000      -4.995612461840505E-013   60.9255417765361     
   65.8000000000000      -6.736462446555445E-012   61.1254632336056     
   66.0000000000000      -1.186353701412958E-011   61.3253852028775     
   66.2000000000000      -1.505391624983531E-011   61.5253076793585     
   66.4000000000000      -1.579682755871560E-011   61.7252306581203     
   66.6000000000000      -1.397934120609198E-011   61.9251541342982     
   66.8000000000000      -9.903457491318255E-012   62.1250781030899     
   67.0000000000000      -4.235962489162799E-012   62.3250025597548     
   67.2000000000000       2.100627679210676E-012   62.5249274996131     
   67.4000000000000       8.078201753606236E-012   62.7248529180444     
   67.6000000000000       1.272983795696083E-011   62.9247788104871     
   67.8000000000000       1.530618608699186E-011   63.1247051724375     
   68.0000000000000       1.539615919710580E-011   63.3246319994485     
   68.2000000000000       1.299249988996088E-011   63.5245592871293     
   68.4000000000000       8.491768152070959E-012   63.7244870311440     
   68.6000000000000       2.628945360135148E-012   63.9244152272109     
   68.8000000000000      -3.642565961631015E-012   64.1243438711017     
   69.0000000000000      -9.305958187482757E-012   64.3242729586408     
   69.2000000000000      -1.344585003053880E-011   64.5242024857042     
   69.4000000000000      -1.539621709011684E-011   64.7241324482189     
   69.6000000000000      -1.484751893395901E-011   64.9240628421620     
   69.8000000000000      -1.189579541989360E-011   65.1239936635603     
   70.0000000000000      -7.025950012686550E-012   65.3239249084886     
