   70.0000000000000                          NaN   2.00000000000000     
   70.0000000000000       3.856886310994114E-011   4.00000000000000     
   70.0000000000000       4.811634457199316E-011   6.00000000000000     
   70.0000000000000       5.506261087757926E-011   8.00000000000000     
   70.0000000000000       5.984621197886428E-011   10.0000000000000     
   70.0000000000000       6.292234305427194E-011   12.0000000000000     
   70.0000000000000       6.465225477005553E-011   14.0000000000000     
   70.0000000000000       6.534454943429497E-011   16.0000000000000     
   70.0000000000000       6.523696594808841E-011   18.0000000000000     
   70.0000000000000       6.451473192510090E-011   20.0000000000000     
   70.0000000000000       6.331624866718147E-011   22.0000000000000     
   70.0000000000000       6.174904901200578E-011   24.0000000000000     
   70.0000000000000       5.989606883397095E-011   26.0000000000000     
   70.0000000000000       5.782535892418093E-011   28.0000000000000     
   70.0000000000000       5.558959989369873E-011   30.0000000000000     
   70.0000000000000       5.322340323939192E-011   32.0000000000000     
   70.0000000000000       5.076002028016498E-011   34.0000000000000     
   70.0000000000000       4.824888587132617E-011   36.0000000000000     
   70.0000000000000       4.569436780876629E-011   38.0000000000000     
   70.0000000000000       4.312783489514815E-011   40.0000000000000     
   70.0000000000000       4.057005836310211E-011   42.0000000000000     
   70.0000000000000       3.804003113306603E-011   44.0000000000000     
   70.0000000000000       3.556614504229208E-011   46.0000000000000     
   70.0000000000000       3.314496740029739E-011   48.0000000000000     
   70.0000000000000       3.088722199184477E-011   50.0000000000000     
   70.0000000000000       2.856006829921349E-011   52.0000000000000     
   70.0000000000000       2.655520702506985E-011   54.0000000000000     
   70.0000000000000       2.451026966761955E-011   56.0000000000000     
   70.0000000000000       2.283310759269710E-011   58.0000000000000     
   70.0000000000000       2.105137483791352E-011   60.0000000000000     
   70.0000000000000       1.956606295554426E-011   62.0000000000000     
   70.0000000000000       1.817991924667441E-011   64.0000000000000     
   70.0000000000000       1.686600607844583E-011   66.0000000000000     
   70.0000000000000       1.589199816459347E-011   68.0000000000000     
   70.0000000000000       1.485108540076598E-011   70.0000000000000     
   70.0000000000000       1.400492995660577E-011   72.0000000000000     
   70.0000000000000       1.337068735087395E-011   74.0000000000000     
   70.0000000000000       1.259149853823067E-011   76.0000000000000     
   70.0000000000000       1.232623007249734E-011   78.0000000000000     
   70.0000000000000       1.189765066547805E-011   80.0000000000000     
   70.0000000000000       1.156628455837953E-011   82.0000000000000     
   70.0000000000000       1.136415946528719E-011   84.0000000000000     
   70.0000000000000       1.122786993801430E-011   86.0000000000000     
   70.0000000000000       1.109850495695400E-011   88.0000000000000     
   70.0000000000000       1.106236512747773E-011   90.0000000000000     
   70.0000000000000       1.136653640322266E-011   92.0000000000000     
   70.0000000000000       1.158231314526333E-011   94.0000000000000     
   70.0000000000000       1.182627573724500E-011   96.0000000000000     
   70.0000000000000       1.218778564756248E-011   98.0000000000000     
   70.0000000000000       1.263593687905984E-011   100.000000000000     
   70.0000000000000       1.312602657782617E-011   102.000000000000     
   70.0000000000000       1.366442330226623E-011   104.000000000000     
   70.0000000000000       1.427753735826716E-011   106.000000000000     
   70.0000000000000       1.509989192222466E-011   108.000000000000     
   70.0000000000000       1.594403544007270E-011   110.000000000000     
   70.0000000000000       1.671997860598809E-011   112.000000000000     
   70.0000000000000       1.804694643644997E-011   114.000000000000     
   70.0000000000000       1.931502233940512E-011   116.000000000000     
   70.0000000000000       2.064139871428849E-011   118.000000000000     
   70.0000000000000       2.210723756186770E-011   120.000000000000     
   70.0000000000000       2.380005696314265E-011   122.000000000000     
   70.0000000000000       2.546696003478389E-011   124.000000000000     
   70.0000000000000       2.742362527108298E-011   126.000000000000     
   70.0000000000000       2.944816866701987E-011   128.000000000000     
   70.0000000000000       3.168987365455982E-011   130.000000000000     
   70.0000000000000       3.389756613104571E-011   132.000000000000     
   70.0000000000000       3.629658934198519E-011   134.000000000000     
   70.0000000000000       3.872873291060804E-011   136.000000000000     
   70.0000000000000       4.121316002602900E-011   138.000000000000     
   70.0000000000000       4.372388474908355E-011   140.000000000000     
   70.0000000000000       4.624142250826350E-011   142.000000000000     
   70.0000000000000       4.874407071099351E-011   144.000000000000     
   70.0000000000000       5.120630768341630E-011   146.000000000000     
   70.0000000000000       5.360149813755458E-011   148.000000000000     
   70.0000000000000       5.590032813557826E-011   150.000000000000     
   70.0000000000000       5.806048318694390E-011   152.000000000000     
   70.0000000000000       6.005032137129588E-011   154.000000000000     
   70.0000000000000       6.180866190782325E-011   156.000000000000     
   70.0000000000000       6.326783934546515E-011   158.000000000000     
   70.0000000000000       6.434293055927558E-011   160.000000000000     
   70.0000000000000       6.492227472073709E-011   162.000000000000     
   70.0000000000000       6.486264086427025E-011   164.000000000000     
   70.0000000000000       6.397335943701896E-011   166.000000000000     
   70.0000000000000       6.201134304112840E-011   168.000000000000     
   70.0000000000000       5.866095615702853E-011   170.000000000000     
   70.0000000000000       5.355395060797753E-011   172.000000000000     
   70.0000000000000       4.627049915812159E-011   174.000000000000     
   70.0000000000000       3.629114269003924E-011   176.000000000000     
   70.0000000000000                          NaN   178.000000000000     
