   10.0000000000000      -7.936932007875096E-012   70.0000000000000     
   10.2000000000000      -1.971573418730533E-011   70.0000000000000     
   10.4000000000000      -2.811104840158568E-011   70.0000000000000     
   10.6000000000000      -3.178700973458607E-011   70.0000000000000     
   10.8000000000000      -3.019953303223377E-011   70.0000000000000     
   11.0000000000000      -2.367395742081454E-011   70.0000000000000     
   11.2000000000000      -1.333969170489633E-011   70.0000000000000     
   11.4000000000000      -9.346885580140625E-013   70.0000000000000     
   11.6000000000000       1.148649506667805E-011   70.0000000000000     
   11.8000000000000       2.189216053939403E-011   70.0000000000000     
   12.0000000000000       2.860457850509008E-011   70.0000000000000     
   12.2000000000000       3.056904173477484E-011   70.0000000000000     
   12.4000000000000       2.751798547665662E-011   70.0000000000000     
   12.6000000000000       2.000491874298968E-011   70.0000000000000     
   12.8000000000000       9.304368730036370E-012   70.0000000000000     
   13.0000000000000      -2.804181781735982E-012   70.0000000000000     
   13.2000000000000      -1.433181148897117E-011   70.0000000000000     
   13.4000000000000      -2.340616980402073E-011   70.0000000000000     
   13.6000000000000      -2.857469277667436E-011   70.0000000000000     
   13.8000000000000      -2.903609655835031E-011   70.0000000000000     
   14.0000000000000      -2.476343978447130E-011   70.0000000000000     
   14.2000000000000      -1.650005678418541E-011   70.0000000000000     
   14.4000000000000      -5.630481553572996E-012   70.0000000000000     
   14.6000000000000       6.051290791688121E-012   70.0000000000000     
   14.8000000000000       1.663748474660560E-011   70.0000000000000     
   15.0000000000000       2.441752736656493E-011   70.0000000000000     
   15.2000000000000       2.815375614057986E-011   70.0000000000000     
   15.4000000000000       2.727754137459723E-011   70.0000000000000     
   15.6000000000000       2.197487864274340E-011   70.0000000000000     
   15.8000000000000       1.314873311132952E-011   70.0000000000000     
   16.0000000000000       2.265505388218617E-012   70.0000000000000     
   16.2000000000000      -8.888328444858461E-012   70.0000000000000     
   16.4000000000000      -1.849907618491733E-011   70.0000000000000     
   16.6000000000000      -2.502025776247031E-011   70.0000000000000     
   16.8000000000000      -2.742089740986911E-011   70.0000000000000     
   17.0000000000000      -2.534791335311275E-011   70.0000000000000     
   17.2000000000000      -1.917712961659009E-011   70.0000000000000     
   17.4000000000000      -9.945705133963609E-012   70.0000000000000     
   17.6000000000000       8.219661498364068E-013   70.0000000000000     
   17.8000000000000       1.136570592229579E-011   70.0000000000000     
   18.0000000000000       1.997693079129110E-011   70.0000000000000     
   18.2000000000000       2.527510724174987E-011   70.0000000000000     
   18.4000000000000       2.642862499106747E-011   70.0000000000000     
   18.6000000000000       2.328482807338564E-011   70.0000000000000     
   18.8000000000000       1.638895581849347E-011   70.0000000000000     
   19.0000000000000       6.889897842377689E-012   70.0000000000000     
   19.2000000000000      -3.651003343803252E-012   70.0000000000000     
   19.4000000000000      -1.351632508382056E-011   70.0000000000000     
   19.6000000000000      -2.111206558195927E-011   70.0000000000000     
   19.8000000000000      -2.522484296322669E-011   70.0000000000000     
   20.0000000000000      -2.521535331121534E-011   70.0000000000000     
   20.2000000000000      -2.111730592631006E-011   70.0000000000000     
   20.4000000000000      -1.362659887189158E-011   70.0000000000000     
   20.6000000000000      -3.983377133336934E-012   70.0000000000000     
   20.8000000000000       6.233079334353230E-012   70.0000000000000     
   21.0000000000000       1.536275156905028E-011   70.0000000000000     
   21.2000000000000       2.193432789799628E-011   70.0000000000000     
   21.4000000000000       2.490201439031334E-011   70.0000000000000     
   21.6000000000000       2.381164535630286E-011   70.0000000000000     
   21.8000000000000       1.886976167582041E-011   70.0000000000000     
   22.0000000000000       1.090522237529480E-011   70.0000000000000     
   22.2000000000000       1.230376519170700E-012   70.0000000000000     
   22.4000000000000      -8.574985977328619E-012   70.0000000000000     
   22.6000000000000      -1.692137159753435E-011   70.0000000000000     
   22.8000000000000      -2.246699893214090E-011   70.0000000000000     
   23.0000000000000      -2.433324715133760E-011   70.0000000000000     
   23.2000000000000      -2.224358592777626E-011   70.0000000000000     
   23.4000000000000      -1.656406379391978E-011   70.0000000000000     
   23.6000000000000      -8.239512361907842E-012   70.0000000000000     
   23.8000000000000       1.363467770459829E-012   70.0000000000000     
   24.0000000000000       1.068067607615615E-011   70.0000000000000     
   24.2000000000000       1.820489635515200E-011   70.0000000000000     
   24.4000000000000       2.272949589021243E-011   70.0000000000000     
   24.6000000000000       2.354170519166672E-011   70.0000000000000     
   24.8000000000000       2.053465529876703E-011   70.0000000000000     
   25.0000000000000       1.422060232802426E-011   70.0000000000000     
   25.2000000000000       5.643870605303282E-012   70.0000000000000     
   25.4000000000000      -3.791725255996637E-012   70.0000000000000     
   25.6000000000000      -1.255248668873467E-011   70.0000000000000     
   25.8000000000000      -1.922394052127562E-011   70.0000000000000     
   26.0000000000000      -2.273902116341860E-011   70.0000000000000     
   26.2000000000000      -2.254854721778161E-011   70.0000000000000     
   26.4000000000000      -1.870678859482090E-011   70.0000000000000     
   26.6000000000000      -1.185883065808999E-011   70.0000000000000     
   26.8000000000000      -3.132411292821964E-012   70.0000000000000     
   27.0000000000000       6.047659825262266E-012   70.0000000000000     
   27.2000000000000       1.419198451987677E-011   70.0000000000000     
   27.4000000000000       1.998805427679677E-011   70.0000000000000     
   27.6000000000000       2.251159977609805E-011   70.0000000000000     
   27.8000000000000       2.137380654373556E-011   70.0000000000000     
   28.0000000000000       1.678097651057903E-011   70.0000000000000     
   28.2000000000000       9.497521678132330E-012   70.0000000000000     
   28.4000000000000       7.188678673680276E-013   70.0000000000000     
   28.6000000000000      -8.124621779086206E-012   70.0000000000000     
   28.8000000000000      -1.560056452943951E-011   70.0000000000000     
   29.0000000000000      -2.050641285964193E-011   70.0000000000000     
   29.2000000000000      -2.206274139263479E-011   70.0000000000000     
   29.4000000000000      -2.003692307199969E-011   70.0000000000000     
   29.6000000000000      -1.477759540018666E-011   70.0000000000000     
   29.8000000000000      -7.154863161641382E-012   70.0000000000000     
   30.0000000000000       1.583538643488132E-012   70.0000000000000     
   30.2000000000000       1.001636335886640E-011   70.0000000000000     
   30.4000000000000       1.677988082477412E-011   70.0000000000000     
   30.6000000000000       2.078828228164774E-011   70.0000000000000     
   30.8000000000000       2.140786225174554E-011   70.0000000000000     
   31.0000000000000       1.855705719734927E-011   70.0000000000000     
   31.2000000000000       1.271657229517508E-011   70.0000000000000     
   31.4000000000000       4.848460924566847E-012   70.0000000000000     
   31.6000000000000      -3.762243777101068E-012   70.0000000000000     
   31.8000000000000      -1.171729293130195E-011   70.0000000000000     
   32.0000000000000      -1.773215891250793E-011   70.0000000000000     
   32.2000000000000      -2.084333273793483E-011   70.0000000000000     
   32.4000000000000      -2.056254762433091E-011   70.0000000000000     
   32.6000000000000      -1.695326216148933E-011   70.0000000000000     
   32.8000000000000      -1.061744633457209E-011   70.0000000000000     
   33.0000000000000      -2.595288771261647E-012   70.0000000000000     
   33.2000000000000       5.805483032461729E-012   70.0000000000000     
   33.4000000000000       1.322267941544363E-011   70.0000000000000     
   33.6000000000000       1.846042120467945E-011   70.0000000000000     
   33.8000000000000       2.068184490916879E-011   70.0000000000000     
   34.0000000000000       1.954270511307841E-011   70.0000000000000     
   34.2000000000000       1.524456226251451E-011   70.0000000000000     
   34.4000000000000       8.499364386558643E-012   70.0000000000000     
   34.6000000000000       4.116088309564283E-013   70.0000000000000     
   34.8000000000000      -7.702427028517032E-012   70.0000000000000     
   35.0000000000000      -1.452881493659789E-011   70.0000000000000     
   35.2000000000000      -1.896864635542442E-011   70.0000000000000     
   35.4000000000000      -2.031483788112545E-011   70.0000000000000     
   35.6000000000000      -1.836464047817203E-011   70.0000000000000     
   35.8000000000000      -1.344996647314672E-011   70.0000000000000     
   36.0000000000000      -6.381034033307855E-012   70.0000000000000     
   36.2000000000000       1.687123798177649E-012   70.0000000000000     
   36.4000000000000       9.443304970415008E-012   70.0000000000000     
   36.6000000000000       1.563314225067623E-011   70.0000000000000     
   36.8000000000000       1.926187706287704E-011   70.0000000000000     
   37.0000000000000       1.975413848343252E-011   70.0000000000000     
   37.2000000000000       1.704507754637237E-011   70.0000000000000     
   37.4000000000000       1.158843743022510E-011   70.0000000000000     
   37.6000000000000       4.280649485672093E-012   70.0000000000000     
   37.8000000000000      -3.686362817717347E-012   70.0000000000000     
   38.0000000000000      -1.101951421905340E-011   70.0000000000000     
   38.2000000000000      -1.653435148034482E-011   70.0000000000000     
   38.4000000000000      -1.934628632837871E-011   70.0000000000000     
   38.6000000000000      -1.901240550724560E-011   70.0000000000000     
   38.8000000000000      -1.560113681388438E-011   70.0000000000000     
   39.0000000000000      -9.678829276566705E-012   70.0000000000000     
   39.2000000000000      -2.215800869340556E-012   70.0000000000000     
   39.4000000000000       5.572572799292584E-012   70.0000000000000     
   39.6000000000000       1.242371471779124E-011   70.0000000000000     
   39.8000000000000       1.723244954509925E-011   70.0000000000000     
   40.0000000000000       1.922920927478029E-011   70.0000000000000     
   40.2000000000000       1.810311823236729E-011   70.0000000000000     
   40.4000000000000       1.405028287346146E-011   70.0000000000000     
   40.6000000000000       7.739803578545922E-012   70.0000000000000     
   40.8000000000000       2.033738490870459E-013   70.0000000000000     
   41.0000000000000      -7.333327759461884E-012   70.0000000000000     
   41.2000000000000      -1.364990802339821E-011   70.0000000000000     
   41.4000000000000      -1.772880539773065E-011   70.0000000000000     
   41.6000000000000      -1.891914633687048E-011   70.0000000000000     
   41.8000000000000      -1.704053675975117E-011   70.0000000000000     
   42.0000000000000      -1.241024864930207E-011   70.0000000000000     
   42.2000000000000      -5.789730606068067E-012   70.0000000000000     
   42.4000000000000       1.740554819429446E-012   70.0000000000000     
   42.6000000000000       8.957403028825778E-012   70.0000000000000     
   42.8000000000000       1.469350039531978E-011   70.0000000000000     
   43.0000000000000       1.802617305968004E-011   70.0000000000000     
   43.2000000000000       1.842574186416560E-011   70.0000000000000     
   43.4000000000000       1.583963947909661E-011   70.0000000000000     
   43.6000000000000       1.069894216309752E-011   70.0000000000000     
   43.8000000000000       3.846581200520330E-012   70.0000000000000     
   44.0000000000000      -3.600821837209052E-012   70.0000000000000     
   44.2000000000000      -1.043485820880568E-011   70.0000000000000     
   44.4000000000000      -1.555134971452797E-011   70.0000000000000     
   44.6000000000000      -1.812869409918807E-011   70.0000000000000     
   44.8000000000000      -1.775974126488542E-011   70.0000000000000     
   45.0000000000000      -1.451604168888028E-011   70.0000000000000     
   45.2000000000000      -8.934340032699698E-012   70.0000000000000     
   45.4000000000000      -1.927812915130439E-012   70.0000000000000     
   45.6000000000000       5.363279434407068E-012   70.0000000000000     
   45.8000000000000       1.175711015315925E-011   70.0000000000000     
   46.0000000000000       1.622179683950342E-011   70.0000000000000     
   46.2000000000000       1.804188173463332E-011   70.0000000000000     
   46.4000000000000       1.693293012414973E-011   70.0000000000000     
   46.6000000000000       1.308589955852260E-011   70.0000000000000     
   46.8000000000000       7.134372067300877E-012   70.0000000000000     
   47.0000000000000       5.025438553975510E-014   70.0000000000000     
   47.2000000000000      -7.014891908021065E-012   70.0000000000000     
   47.4000000000000      -1.291699414698917E-011   70.0000000000000     
   47.6000000000000      -1.670468093909804E-011   70.0000000000000     
   47.8000000000000      -1.777258739351894E-011   70.0000000000000     
   48.0000000000000      -1.595805715186168E-011   70.0000000000000     
   48.2000000000000      -1.156580190693647E-011   70.0000000000000     
   48.4000000000000      -5.316799573469522E-012   70.0000000000000     
   48.6000000000000       1.770009789867337E-012   70.0000000000000     
   48.8000000000000       8.543825078353546E-012   70.0000000000000     
   49.0000000000000       1.390881273331231E-011   70.0000000000000     
   49.2000000000000       1.700133934145607E-011   70.0000000000000     
   49.4000000000000       1.732895126869455E-011   70.0000000000000     
   49.6000000000000       1.484874325725948E-011   70.0000000000000     
   49.8000000000000       9.972652485297994E-012   70.0000000000000     
   50.0000000000000       3.499090027989797E-012   70.0000000000000     
   50.2000000000000      -3.517751450418203E-012   70.0000000000000     
   50.4000000000000      -9.939527244656189E-012   70.0000000000000     
   50.6000000000000      -1.472837177935206E-011   70.0000000000000     
   50.8000000000000      -1.711459257298643E-011   70.0000000000000     
   51.0000000000000      -1.672033853971847E-011   70.0000000000000     
   51.2000000000000      -1.361937918416924E-011   70.0000000000000     
   51.4000000000000      -8.323545635557722E-012   70.0000000000000     
   51.6000000000000      -1.698291050387931E-012   70.0000000000000     
   51.8000000000000       5.178705924590993E-012   70.0000000000000     
   52.0000000000000       1.119279961035048E-011   70.0000000000000     
   52.2000000000000       1.537300253907737E-011   70.0000000000000     
   52.4000000000000       1.704871417944577E-011   70.0000000000000     
   52.6000000000000       1.595726159628464E-011   70.0000000000000     
   52.8000000000000       1.228501257634250E-011   70.0000000000000     
   53.0000000000000       6.635636429311689E-012   70.0000000000000     
   53.2000000000000      -6.909531769744201E-014   70.0000000000000     
   53.4000000000000      -6.739673137105313E-012   70.0000000000000     
   53.6000000000000      -1.229585624037277E-011   70.0000000000000     
   53.8000000000000      -1.584157057194787E-011   70.0000000000000     
   54.0000000000000      -1.680938699855017E-011   70.0000000000000     
   54.2000000000000      -1.505129062650747E-011   70.0000000000000     
   54.4000000000000      -1.086122730418550E-011   70.0000000000000     
   54.6000000000000      -4.926008289187619E-012   70.0000000000000     
   54.8000000000000       1.787235177106429E-012   70.0000000000000     
   55.0000000000000       8.188610375411288E-012   70.0000000000000     
   55.2000000000000       1.324237183825260E-011   70.0000000000000     
   55.4000000000000       1.613447061746346E-011   70.0000000000000     
   55.6000000000000       1.640364580406916E-011   70.0000000000000     
   55.8000000000000       1.401495320103762E-011   70.0000000000000     
   56.0000000000000       9.364016188343787E-012   70.0000000000000     
   56.2000000000000       3.211539464349598E-012   70.0000000000000     
   56.4000000000000      -3.441080857652225E-012   70.0000000000000     
   56.6000000000000      -9.514715699732869E-012   70.0000000000000     
   56.8000000000000      -1.402751681993429E-011   70.0000000000000     
   57.0000000000000      -1.625360748292189E-011   70.0000000000000     
   57.2000000000000      -1.583980693476190E-011   70.0000000000000     
   57.4000000000000      -1.286162389117630E-011   70.0000000000000     
   57.6000000000000      -7.809648367517613E-012   70.0000000000000     
   57.8000000000000      -1.508769552236578E-012   70.0000000000000     
   58.0000000000000       5.016483659970618E-012   70.0000000000000     
   58.2000000000000       1.070850168819104E-011   70.0000000000000     
   58.4000000000000       1.464798009145111E-011   70.0000000000000     
   58.6000000000000       1.620236412449120E-011   70.0000000000000     
   58.8000000000000       1.512738680961744E-011   70.0000000000000     
   59.0000000000000       1.160540639142263E-011   70.0000000000000     
   59.2000000000000       6.214534120927989E-012   70.0000000000000     
   59.4000000000000      -1.662310527348791E-013   70.0000000000000     
   59.6000000000000      -6.500298570097269E-012   70.0000000000000     
   59.8000000000000      -1.176185725849774E-011   70.0000000000000     
   60.0000000000000      -1.510197784573648E-011   70.0000000000000     
   60.2000000000000      -1.598555586275708E-011   70.0000000000000     
   60.4000000000000      -1.427700884546607E-011   70.0000000000000     
   60.6000000000000      -1.026100809450140E-011   70.0000000000000     
   60.8000000000000      -4.595087316289175E-012   70.0000000000000     
   61.0000000000000       1.797988629178984E-012   70.0000000000000     
   61.2000000000000       7.880481038011210E-012   70.0000000000000     
   61.4000000000000       1.266809808325158E-011   70.0000000000000     
   61.6000000000000       1.538924942260326E-011   70.0000000000000     
   61.8000000000000       1.560937230873077E-011   70.0000000000000     
   62.0000000000000       1.330030079203184E-011   70.0000000000000     
   62.2000000000000       8.843609396598560E-012   70.0000000000000     
   62.4000000000000       2.967587791345664E-012   70.0000000000000     
   62.6000000000000      -3.371748430771143E-012   70.0000000000000     
   62.8000000000000      -9.146174186344092E-012   70.0000000000000     
   63.0000000000000      -1.342200459315113E-011   70.0000000000000     
   63.2000000000000      -1.551103994631542E-011   70.0000000000000     
   63.4000000000000      -1.508130743000833E-011   70.0000000000000     
   63.6000000000000      -1.220978352966123E-011   70.0000000000000     
   63.8000000000000      -7.368729215982202E-012   70.0000000000000     
   64.0000000000000      -1.348045363852609E-012   70.0000000000000     
   64.2000000000000       4.873590151900537E-012   70.0000000000000     
   64.4000000000000       1.028778501926249E-011   70.0000000000000     
   64.6000000000000       1.401984652868875E-011   70.0000000000000     
   64.8000000000000       1.547006916066782E-011   70.0000000000000     
   65.0000000000000       1.441007761205948E-011   70.0000000000000     
   65.2000000000000       1.101875150784348E-011   70.0000000000000     
   65.4000000000000       5.852087046418303E-012   70.0000000000000     
   65.6000000000000      -2.479342823171020E-013   70.0000000000000     
   65.8000000000000      -6.290536600447339E-012   70.0000000000000     
   66.0000000000000      -1.129705014739686E-011   70.0000000000000     
   66.2000000000000      -1.445939514261099E-011   70.0000000000000     
   66.4000000000000      -1.527048817723097E-011   70.0000000000000     
   66.6000000000000      -1.360552997761728E-011   70.0000000000000     
   66.8000000000000      -9.741147484778074E-012   70.0000000000000     
   67.0000000000000      -4.309464391428870E-012   70.0000000000000     
   67.2000000000000       1.805279043762545E-012   70.0000000000000     
   67.4000000000000       7.610653074400518E-012   70.0000000000000     
   67.6000000000000       1.216708900328774E-011   70.0000000000000     
   67.8000000000000       1.473992162370124E-011   70.0000000000000     
   68.0000000000000       1.491782333341362E-011   70.0000000000000     
   68.2000000000000       1.267854072605115E-011   70.0000000000000     
   68.4000000000000       8.391431755395383E-012   70.0000000000000     
   68.6000000000000       2.756565998372304E-012   70.0000000000000     
   68.8000000000000      -3.309574741367730E-012   70.0000000000000     
   69.0000000000000      -8.823137190278372E-012   70.0000000000000     
   69.2000000000000      -1.289244463002495E-011   70.0000000000000     
   69.4000000000000      -1.486218223655342E-011   70.0000000000000     
   69.6000000000000      -1.441890805712186E-011   70.0000000000000     
   69.8000000000000      -1.164090469578456E-011   70.0000000000000     
   70.0000000000000      -6.984447210658039E-012   70.0000000000000     
