   70.0000000000000                          NaN   2.00000000000000     
   70.0000000000000       3.645452164913100E-012   4.00000000000000     
   70.0000000000000      -1.475119881894873E-013   6.00000000000000     
   70.0000000000000      -2.515701527692692E-012   8.00000000000000     
   70.0000000000000      -3.822508701204865E-012   10.0000000000000     
   70.0000000000000      -4.305425082158017E-012   12.0000000000000     
   70.0000000000000      -4.176328084907958E-012   14.0000000000000     
   70.0000000000000      -3.595737314112372E-012   16.0000000000000     
   70.0000000000000      -2.690577243030725E-012   18.0000000000000     
   70.0000000000000      -1.560449561630453E-012   20.0000000000000     
   70.0000000000000      -2.837351103350872E-013   22.0000000000000     
   70.0000000000000       1.077561396611430E-012   24.0000000000000     
   70.0000000000000       2.482202293674832E-012   26.0000000000000     
   70.0000000000000       3.890750458712347E-012   28.0000000000000     
   70.0000000000000       5.270357692215431E-012   30.0000000000000     
   70.0000000000000       6.600037794344350E-012   32.0000000000000     
   70.0000000000000       7.850326117059991E-012   34.0000000000000     
   70.0000000000000       9.038648917117959E-012   36.0000000000000     
   70.0000000000000       1.012018687061860E-011   38.0000000000000     
   70.0000000000000       1.109651992451360E-011   40.0000000000000     
   70.0000000000000       1.195911108550067E-011   42.0000000000000     
   70.0000000000000       1.270830225419228E-011   44.0000000000000     
   70.0000000000000       1.333978237744398E-011   46.0000000000000     
   70.0000000000000       1.387084075299080E-011   48.0000000000000     
   70.0000000000000       1.431435733294725E-011   50.0000000000000     
   70.0000000000000       1.449140664786052E-011   52.0000000000000     
   70.0000000000000       1.472604016811533E-011   54.0000000000000     
   70.0000000000000       1.472517836779904E-011   56.0000000000000     
   70.0000000000000       1.468535366152436E-011   58.0000000000000     
   70.0000000000000       1.471533815449939E-011   60.0000000000000     
   70.0000000000000       1.437092375586465E-011   62.0000000000000     
   70.0000000000000       1.423702341208257E-011   64.0000000000000     
   70.0000000000000       1.383192371125939E-011   66.0000000000000     
   70.0000000000000       1.356242532592099E-011   68.0000000000000     
   70.0000000000000       1.311828626139332E-011   70.0000000000000     
   70.0000000000000       1.271751127766655E-011   72.0000000000000     
   70.0000000000000       1.236194869326272E-011   74.0000000000000     
   70.0000000000000       1.189985749540673E-011   76.0000000000000     
   70.0000000000000       1.175243146178836E-011   78.0000000000000     
   70.0000000000000       1.142760919372305E-011   80.0000000000000     
   70.0000000000000       1.111380748358704E-011   82.0000000000000     
   70.0000000000000       1.097371537778071E-011   84.0000000000000     
   70.0000000000000       1.086527362204869E-011   86.0000000000000     
   70.0000000000000       1.074771510761356E-011   88.0000000000000     
   70.0000000000000       1.071186362831599E-011   90.0000000000000     
   70.0000000000000       1.100403057901259E-011   92.0000000000000     
   70.0000000000000       1.121876463512631E-011   94.0000000000000     
   70.0000000000000       1.145492613940145E-011   96.0000000000000     
   70.0000000000000       1.186691229848425E-011   98.0000000000000     
   70.0000000000000       1.233806473967248E-011   100.000000000000     
   70.0000000000000       1.289825933580753E-011   102.000000000000     
   70.0000000000000       1.349666667872885E-011   104.000000000000     
   70.0000000000000       1.419027021395061E-011   106.000000000000     
   70.0000000000000       1.506899207575740E-011   108.000000000000     
   70.0000000000000       1.594386979849276E-011   110.000000000000     
   70.0000000000000       1.669597608570742E-011   112.000000000000     
   70.0000000000000       1.792758933506446E-011   114.000000000000     
   70.0000000000000       1.901251295140014E-011   116.000000000000     
   70.0000000000000       2.001449802943723E-011   118.000000000000     
   70.0000000000000       2.100149171473812E-011   120.000000000000     
   70.0000000000000       2.211218515736007E-011   122.000000000000     
   70.0000000000000       2.297480349764475E-011   124.000000000000     
   70.0000000000000       2.395413462155443E-011   126.000000000000     
   70.0000000000000       2.487183925353945E-011   128.000000000000     
   70.0000000000000       2.578760607941722E-011   130.000000000000     
   70.0000000000000       2.653939363916258E-011   132.000000000000     
   70.0000000000000       2.728149038587189E-011   134.000000000000     
   70.0000000000000       2.790538526155706E-011   136.000000000000     
   70.0000000000000       2.842538992724259E-011   138.000000000000     
   70.0000000000000       2.883156831275973E-011   140.000000000000     
   70.0000000000000       2.911855253848234E-011   142.000000000000     
   70.0000000000000       2.927863773535614E-011   144.000000000000     
   70.0000000000000       2.930310914285549E-011   146.000000000000     
   70.0000000000000       2.918516220941683E-011   148.000000000000     
   70.0000000000000       2.891532483947585E-011   150.000000000000     
   70.0000000000000       2.848272580079534E-011   152.000000000000     
   70.0000000000000       2.787912782133434E-011   154.000000000000     
   70.0000000000000       2.708168553181584E-011   156.000000000000     
   70.0000000000000       2.606629902955943E-011   158.000000000000     
   70.0000000000000       2.480748819671224E-011   160.000000000000     
   70.0000000000000       2.326308873984867E-011   162.000000000000     
   70.0000000000000       2.137885735429285E-011   164.000000000000     
   70.0000000000000       1.908534181054536E-011   166.000000000000     
   70.0000000000000       1.629400094302832E-011   168.000000000000     
   70.0000000000000       1.290556289847615E-011   170.000000000000     
   70.0000000000000       8.768164469206653E-012   172.000000000000     
   70.0000000000000       3.739778279171694E-012   174.000000000000     
   70.0000000000000      -2.343887142241933E-012   176.000000000000     
   70.0000000000000                          NaN   178.000000000000     
