   70.0000000000000      -1.093719293659377E-012   69.2201827737866     
   70.0000000000000       1.520437541316384E-012   69.1336518377814     
   70.0000000000000      -1.564452444302855E-012   69.0473334891312     
   70.0000000000000       1.313408395190089E-012   68.9612548688046     
   70.0000000000000      -8.990108039850804E-013   68.8754431450589     
   70.0000000000000       4.406674842162023E-013   68.7899255045977     
   70.0000000000000      -2.091468809259710E-014   68.7047291435901     
   70.0000000000000      -3.147293497398143E-013   68.6198812585503     
   70.0000000000000       5.456754570164313E-013   68.5354090370809     
   70.0000000000000      -6.613870293886824E-013   68.4513396484834     
   70.0000000000000       6.489571087381847E-013   68.3677002342355     
   70.0000000000000      -4.859907604692436E-013   68.2845178983411     
   70.0000000000000       1.412840209922309E-013   68.2018196975529     
   70.0000000000000       4.124654006958808E-013   68.1196326314737     
   70.0000000000000      -1.168972733638731E-012   68.0379836325380     
   70.0000000000000       2.040043187375013E-012   67.9568995558777     
   70.0000000000000      -2.801091715530538E-012   67.8764071690769     
   70.0000000000000       3.072583512766223E-012   67.7965331418199     
   70.0000000000000      -2.413760772563659E-012   67.7173040354352     
   70.0000000000000       6.041844049956677E-013   67.6387462923434     
   70.0000000000000       1.926761255452281E-012   67.5608862254112     
   70.0000000000000      -3.837900153347179E-012   67.4837500072184     
   70.0000000000000       3.372117216091108E-012   67.4073636592434     
   70.0000000000000       4.973755405599526E-014   67.3317530409723     
   70.0000000000000      -4.108623641510111E-012   67.2569438389395     
   70.0000000000000       4.364524761676861E-012   67.1829615557045     
   70.0000000000000       8.549428726781404E-013   67.1098314987720     
   70.0000000000000      -5.852721032484649E-012   67.0375787694636     
   70.0000000000000       2.564072488743279E-012   66.9662282517473     
   70.0000000000000       5.789000286196814E-012   66.8958046010318     
   70.0000000000000      -4.663371108034800E-012   66.8263322329353     
   70.0000000000000      -6.311459835130674E-012   66.7578353120351     
   70.0000000000000       5.155090822332160E-012   66.6903377406072     
   70.0000000000000       8.579738403505044E-012   66.6238631473641     
   70.0000000000000      -2.734947850313224E-012   66.5584348762005     
   70.0000000000000      -1.156125579901332E-011   66.4940759749539     
   70.0000000000000      -4.955744400129228E-012   66.4308091841924     
   70.0000000000000       9.222643713704947E-012   66.3686569260357     
   70.0000000000000       1.492380702863708E-011   66.3076412930219     
   70.0000000000000       6.219833828333012E-012   66.2477840370281     
   70.0000000000000      -9.251595346291409E-012   66.1891065582556     
   70.0000000000000      -1.955051781757583E-011   66.1316298942896     
   70.0000000000000      -1.804739962610772E-011   66.0753747092432     
   70.0000000000000      -6.212770155156827E-012   66.0203612829977     
   70.0000000000000       9.455525888814786E-012   65.9666095005474     
   70.0000000000000       2.209200604162162E-011   65.9141388414616     
   70.0000000000000       2.755988519396982E-011   65.8629683694730     
   70.0000000000000       2.518362197478056E-011   65.8131167222044     
   70.0000000000000       1.684177957575444E-011   65.7646021010431     
   70.0000000000000       5.512591667121693E-012   65.7174422611752     
   70.0000000000000      -5.947447634304680E-012   65.6716545017896     
   70.0000000000000      -1.548476733574576E-011   65.6272556564630     
   70.0000000000000      -2.202744588227014E-011   65.5842620837358     
   70.0000000000000      -2.534645046408837E-011   65.5426896578908     
   70.0000000000000      -2.578710874934612E-011   65.5025537599439     
   70.0000000000000      -2.399797988742155E-011   65.4638692688584     
   70.0000000000000      -2.071841955932575E-011   65.4266505529917     
   70.0000000000000      -1.664001971990917E-011   65.3909114617869     
   70.0000000000000      -1.233283451009676E-011   65.3566653177161     
   70.0000000000000      -8.219052704250215E-012   65.3239249084886     
   70.0000000000000      -4.576581964311835E-012   65.2927024795304     
   70.0000000000000      -1.558865492389434E-012   65.2630097267464     
   70.0000000000000       7.787846283907665E-013   65.2348577895735     
   70.0000000000000       2.452297297484695E-012   65.2082572443335     
   70.0000000000000       3.524663632432175E-012   65.1832180978943     
   70.0000000000000       4.085970095822640E-012   65.1597497816467     
   70.0000000000000       4.237957014994330E-012   65.1378611458062     
   70.0000000000000       4.082823798134316E-012   65.1175604540460     
   70.0000000000000       3.715671448394922E-012   65.0988553784676     
   70.0000000000000       3.219899588048196E-012   65.0817529949175     
   70.0000000000000       2.664863921742296E-012   65.0662597786549     
   70.0000000000000       2.105190393886451E-012   65.0523816003757     
   70.0000000000000       1.581239697512626E-012   65.0401237225997     
   70.0000000000000       1.120313567698347E-012   65.0294907964241     
   70.0000000000000       7.382889991590393E-013   65.0204868586492     
   70.0000000000000       4.414606832604874E-013   65.0131153292789     
   70.0000000000000       2.284240194511832E-013   65.0073790094001     
   70.0000000000000       9.190172730974816E-014   65.0032800794439     
   70.0000000000000       2.044738228206032E-014   65.0008200978305     
   70.0000000000000       2.381116790645399E-028   65.0000000000000     
   70.0000000000000       1.528117482021210E-014   65.0008200978305     
   70.0000000000000       5.104344533800530E-014   65.0032800794439     
   70.0000000000000       9.318762730333024E-014   65.0073790094001     
   70.0000000000000       1.297707606319645E-013   65.0131153292789     
   70.0000000000000       1.519266689813397E-013   65.0204868586492     
   70.0000000000000       1.547176223476775E-013   65.0294907964241     
   70.0000000000000       1.379289506917969E-013   65.0401237225997     
   70.0000000000000       1.068089904869765E-013   65.0523816003757     
   70.0000000000000       7.274474223524758E-014   65.0662597786549     
   70.0000000000000       5.384554898729957E-014   65.0817529949175     
   70.0000000000000       7.538974865506451E-014   65.0988553784676     
   70.0000000000000       1.700626301179390E-013   65.1175604540460     
   70.0000000000000       3.778815681319086E-013   65.1378611458062     
   70.0000000000000       7.456662272341605E-013   65.1597497816467     
   70.0000000000000       1.325864987657402E-012   65.1832180978943     
   70.0000000000000       2.174474932805883E-012   65.2082572443335     
   70.0000000000000       3.347737557621345E-012   65.2348577895735     
   70.0000000000000       4.897179474960901E-012   65.2630097267464     
   70.0000000000000       6.862496939980728E-012   65.2927024795304     
   70.0000000000000       9.261694090637308E-012   65.3239249084886     
   70.0000000000000       1.207788720190771E-011   65.3566653177161     
   70.0000000000000       1.524235883453118E-011   65.3909114617869     
   70.0000000000000       1.861395798507921E-011   65.4266505529917     
   70.0000000000000       2.195620777172596E-011   65.4638692688584     
   70.0000000000000       2.491576220433398E-011   65.5025537599439     
   70.0000000000000       2.701007122885227E-011   65.5426896578908     
   70.0000000000000       2.763815758633125E-011   65.5842620837358     
   70.0000000000000       2.613610211709525E-011   65.6272556564630     
   70.0000000000000       2.190440266559770E-011   65.6716545017896     
   70.0000000000000       1.463035904743210E-011   65.7174422611752     
   70.0000000000000       4.600520810123392E-012   65.7646021010431     
   70.0000000000000      -6.968048106044434E-012   65.8131167222044     
   70.0000000000000      -1.775404198843281E-011   65.8629683694730     
   70.0000000000000      -2.459303173587192E-011   65.9141388414616     
   70.0000000000000      -2.444133640146380E-011   65.9666095005474     
   70.0000000000000      -1.604059097806071E-011   66.0203612829977     
   70.0000000000000      -1.668296317535193E-012   66.0753747092432     
   70.0000000000000       1.239300587595465E-011   66.1316298942896     
   70.0000000000000       1.822125063803068E-011   66.1891065582556     
   70.0000000000000       1.158078675211839E-011   66.2477840370281     
   70.0000000000000      -2.966243361412954E-012   66.3076412930219     
   70.0000000000000      -1.311099556757297E-011   66.3686569260357     
   70.0000000000000      -9.087653808350579E-012   66.4308091841924     
   70.0000000000000       4.379846686486369E-012   66.4940759749539     
   70.0000000000000       1.053190334489400E-011   66.5584348762005     
   70.0000000000000       1.408586965983173E-012   66.6238631473641     
   70.0000000000000      -8.478836612623899E-012   66.6903377406072     
   70.0000000000000      -2.938367160269661E-012   66.7578353120351     
   70.0000000000000       7.011050294419987E-012   66.8263322329353     
   70.0000000000000       1.907913901184424E-012   66.8958046010318     
   70.0000000000000      -6.358160537423918E-012   66.9662282517473     
   70.0000000000000       7.252899347298905E-013   67.0375787694636     
   70.0000000000000       4.989453803443482E-012   67.1098314987720     
   70.0000000000000      -3.804125688460923E-012   67.1829615557045     
   70.0000000000000      -1.255432833533837E-012   67.2569438389395     
   70.0000000000000       4.302980506454704E-012   67.3317530409723     
   70.0000000000000      -3.304919507053823E-012   67.4073636592434     
   70.0000000000000       1.352084155592670E-013   67.4837500072184     
   70.0000000000000       2.562182651961743E-012   67.5608862254112     
   70.0000000000000      -3.482233393983311E-012   67.6387462923434     
   70.0000000000000       2.788218293883576E-012   67.7173040354352     
   70.0000000000000      -1.301101767925727E-012   67.7965331418199     
   70.0000000000000      -2.195222737651784E-013   67.8764071690769     
   70.0000000000000       1.362958905114346E-012   67.9568995558777     
   70.0000000000000      -2.037441920388605E-012   68.0379836325380     
   70.0000000000000       2.329297052124235E-012   68.1196326314737     
   70.0000000000000      -2.378590474743930E-012   68.2018196975529     
   70.0000000000000       2.309481642063342E-012   68.2845178983411     
   70.0000000000000      -2.205372148097499E-012   68.3677002342355     
   70.0000000000000       2.108273889829104E-012   68.4513396484834     
   70.0000000000000      -2.026100801251593E-012   68.5354090370809     
   70.0000000000000       1.940534941949603E-012   68.6198812585503     
   70.0000000000000      -1.813435739716600E-012   68.7047291435901     
   70.0000000000000       1.594529791718459E-012   68.7899255045977     
   70.0000000000000      -1.234055239152840E-012   68.8754431450589     
   70.0000000000000       7.042768789060696E-013   68.9612548688046     
   70.0000000000000      -2.883670243282019E-014   69.0473334891312     
   70.0000000000000      -6.893947392026651E-013   69.1336518377814     
   70.0000000000000       1.262809416348570E-012   69.2201827737866     
   70.0000000000000      -1.462659344397176E-012   69.3068991921666     
