   70.0000000000000       1.168091841401312E-012   70.0040738265156     
   70.0000000000000      -3.341962746397362E-013   69.8295816139486     
   70.0000000000000      -1.164861369825685E-012   69.6550793245736     
   70.0000000000000       5.943757275033281E-013   69.4807802872705     
   70.0000000000000       1.427460971811151E-012   69.3068991921666     
   70.0000000000000       3.512540474590940E-013   69.1336518377814     
   70.0000000000000      -1.034609536089526E-012   68.9612548688046     
   70.0000000000000      -1.744668842151193E-012   68.7899255045977     
   70.0000000000000      -1.920293688618788E-012   68.6198812585503     
   70.0000000000000      -2.008727440301769E-012   68.4513396484834     
   70.0000000000000      -2.258865264346138E-012   68.2845178983411     
   70.0000000000000      -2.504869641607530E-012   68.1196326314737     
   70.0000000000000      -1.926363007512994E-012   67.9568995558777     
   70.0000000000000       5.469914525524909E-013   67.7965331418199     
   70.0000000000000       3.442263165772952E-012   67.6387462923434     
   70.0000000000000       9.001219264595688E-013   67.4837500072184     
   70.0000000000000      -4.480430078213323E-012   67.3317530409723     
   70.0000000000000       2.704813767648721E-012   67.1829615557045     
   70.0000000000000       9.848481544365601E-013   67.0375787694636     
   70.0000000000000      -3.794373278564737E-012   66.8958046010318     
   70.0000000000000       5.149722227324392E-012   66.7578353120351     
   70.0000000000000      -4.461347992101875E-012   66.6238631473641     
   70.0000000000000      -3.719897405320053E-013   66.4940759749539     
   70.0000000000000       1.040620294114583E-011   66.3686569260357     
   70.0000000000000      -1.551545962976699E-011   66.2477840370281     
   70.0000000000000      -3.882512276897772E-012   66.1316298942896     
   70.0000000000000       2.245805374186742E-011   66.0203612829977     
   70.0000000000000       1.435751595456613E-011   65.9141388414616     
   70.0000000000000      -1.333263574977782E-011   65.8131167222044     
   70.0000000000000      -2.881096856863532E-011   65.7174422611752     
   70.0000000000000      -2.426882183348991E-011   65.6272556564630     
   70.0000000000000      -9.477307093373919E-012   65.5426896578908     
   70.0000000000000       4.770747032760118E-012   65.4638692688584     
   70.0000000000000       1.334419873218277E-011   65.3909114617869     
   70.0000000000000       1.593272456962913E-011   65.3239249084886     
   70.0000000000000       1.441374331784863E-011   65.2630097267464     
   70.0000000000000       1.096250788543375E-011   65.2082572443335     
   70.0000000000000       7.208775891533420E-012   65.1597497816467     
   70.0000000000000       4.068162147412174E-012   65.1175604540460     
   70.0000000000000       1.876235095780670E-012   65.0817529949175     
   70.0000000000000       6.005597661392713E-013   65.0523816003757     
   70.0000000000000       2.748250197692171E-014   65.0294907964241     
   70.0000000000000      -1.086731679499099E-013   65.0131153292789     
   70.0000000000000      -5.290099222647658E-014   65.0032800794439     
   70.0000000000000      -2.485027981111828E-028   65.0000000000000     
   70.0000000000000      -9.294627022708589E-014   65.0032800794439     
   70.0000000000000      -4.357257646542697E-013   65.0131153292789     
   70.0000000000000      -1.109919021925712E-012   65.0294907964241     
   70.0000000000000      -2.186570480647436E-012   65.0523816003757     
   70.0000000000000      -3.726273225203757E-012   65.0817529949175     
   70.0000000000000      -5.761117263767327E-012   65.1175604540460     
   70.0000000000000      -8.252610699523501E-012   65.1597497816467     
   70.0000000000000      -1.102097999020931E-011   65.2082572443335     
   70.0000000000000      -1.364564733735765E-011   65.2630097267464     
   70.0000000000000      -1.535009974417538E-011   65.3239249084886     
   70.0000000000000      -1.492073702182196E-011   65.3909114617869     
   70.0000000000000      -1.079759261445641E-011   65.4638692688584     
   70.0000000000000      -1.648621598515511E-012   65.5426896578908     
   70.0000000000000       1.206888142708160E-011   65.6272556564630     
   70.0000000000000       2.542465675524960E-011   65.7174422611752     
   70.0000000000000       2.763006148604496E-011   65.8131167222044     
   70.0000000000000       9.453982535985814E-012   65.9141388414616     
   70.0000000000000      -1.690154230955956E-011   66.0203612829977     
   70.0000000000000      -1.561121566035637E-011   66.1316298942896     
   70.0000000000000       1.205409470190825E-011   66.2477840370281     
   70.0000000000000       4.631199889340774E-012   66.3686569260357     
   70.0000000000000      -1.070597755625961E-011   66.4940759749539     
   70.0000000000000       9.567205448908697E-012   66.6238631473641     
   70.0000000000000      -7.597378693712463E-012   66.7578353120351     
   70.0000000000000       6.653544747668138E-012   66.8958046010318     
   70.0000000000000      -5.890519851300218E-012   67.0375787694636     
   70.0000000000000       3.448727571903315E-012   67.1829615557045     
   70.0000000000000       1.249434452497251E-012   67.3317530409723     
   70.0000000000000      -3.939722821736712E-012   67.4837500072184     
   70.0000000000000      -2.970946437654619E-013   67.6387462923434     
   70.0000000000000       2.836741688265371E-012   67.7965331418199     
   70.0000000000000       2.452548425058025E-012   67.9568995558777     
   70.0000000000000       1.009393367926419E-012   68.1196326314737     
   70.0000000000000       7.038421109154099E-014   68.2845178983411     
   70.0000000000000      -1.661325368100557E-013   68.4513396484834     
   70.0000000000000       1.445912458902372E-013   68.6198812585503     
   70.0000000000000       8.339856190553066E-013   68.7899255045977     
   70.0000000000000       1.516391516849097E-012   68.9612548688046     
   70.0000000000000       1.399944525881881E-012   69.1336518377814     
   70.0000000000000      -1.296840344764556E-014   69.3068991921666     
   70.0000000000000      -1.343821214454968E-012   69.4807802872705     
   70.0000000000000      -3.033593492085116E-013   69.6550793245736     
   70.0000000000000       1.232350403125667E-012   69.8295816139486     
   70.0000000000000      -3.792566183429153E-013   70.0040738265156     
