   70.0000000000000       1.510033378855653E-012   69.2201827737866     
   70.0000000000000       1.560483810521791E-012   69.1336518377814     
   70.0000000000000       1.614367295640326E-012   69.0473334891312     
   70.0000000000000       1.671962471086953E-012   68.9612548688046     
   70.0000000000000       1.733537942632264E-012   68.8754431450589     
   70.0000000000000       1.799460252525357E-012   68.7899255045977     
   70.0000000000000       1.870106641784304E-012   68.7047291435901     
   70.0000000000000       1.945914287458930E-012   68.6198812585503     
   70.0000000000000       2.027302270782170E-012   68.5354090370809     
   70.0000000000000       2.114809384333463E-012   68.4513396484834     
   70.0000000000000       2.208998943332529E-012   68.3677002342355     
   70.0000000000000       2.310553895006784E-012   68.2845178983411     
   70.0000000000000       2.420149190646818E-012   68.2018196975529     
   70.0000000000000       2.538601904241437E-012   68.1196326314737     
   70.0000000000000       2.666805888323775E-012   68.0379836325380     
   70.0000000000000       2.805824414155260E-012   67.9568995558777     
   70.0000000000000       2.956746325021368E-012   67.8764071690769     
   70.0000000000000       3.120892355094662E-012   67.7965331418199     
   70.0000000000000       3.299722977809585E-012   67.7173040354352     
   70.0000000000000       3.494884046385115E-012   67.6387462923434     
   70.0000000000000       3.708297151809934E-012   67.5608862254112     
   70.0000000000000       3.942042246038921E-012   67.4837500072184     
   70.0000000000000       4.198595102777236E-012   67.4073636592434     
   70.0000000000000       4.480706139666170E-012   67.3317530409723     
   70.0000000000000       4.791544751962304E-012   67.2569438389395     
   70.0000000000000       5.134695113923760E-012   67.1829615557045     
   70.0000000000000       5.514297766467197E-012   67.1098314987720     
   70.0000000000000       5.935003738110472E-012   67.0375787694636     
   70.0000000000000       6.402138074012850E-012   66.9662282517473     
   70.0000000000000       6.921690031392110E-012   66.8958046010318     
   70.0000000000000       7.500400912327150E-012   66.8263322329353     
   70.0000000000000       8.145806545030800E-012   66.7578353120351     
   70.0000000000000       8.866161944625325E-012   66.6903377406072     
   70.0000000000000       9.670343167603242E-012   66.6238631473641     
   70.0000000000000       1.056763664761868E-011   66.5584348762005     
   70.0000000000000       1.156723873780083E-011   66.4940759749539     
   70.0000000000000       1.267752669798734E-011   66.4308091841924     
   70.0000000000000       1.390489901877225E-011   66.3686569260357     
   70.0000000000000       1.525206599189071E-011   66.3076412930219     
   70.0000000000000       1.671573571144881E-011   66.2477840370281     
   70.0000000000000       1.828380881808203E-011   66.1891065582556     
   70.0000000000000       1.993230163617869E-011   66.1316298942896     
   70.0000000000000       2.162280392754639E-011   66.0753747092432     
   70.0000000000000       2.330155983777508E-011   66.0203612829977     
   70.0000000000000       2.490143155773456E-011   65.9666095005474     
   70.0000000000000       2.634758044543497E-011   65.9141388414616     
   70.0000000000000       2.756632601188887E-011   65.8629683694730     
   70.0000000000000       2.849515733953585E-011   65.8131167222044     
   70.0000000000000       2.909088904673309E-011   65.7646021010431     
   70.0000000000000       2.933360831454787E-011   65.7174422611752     
   70.0000000000000       2.922582032555530E-011   65.6716545017896     
   70.0000000000000       2.878808317043452E-011   65.6272556564630     
   70.0000000000000       2.805313224684913E-011   65.5842620837358     
   70.0000000000000       2.706033815144595E-011   65.5426896578908     
   70.0000000000000       2.585140205537482E-011   65.5025537599439     
   70.0000000000000       2.446759215631319E-011   65.4638692688584     
   70.0000000000000       2.294817555699398E-011   65.4266505529917     
   70.0000000000000       2.132974205383071E-011   65.3909114617869     
   70.0000000000000       1.964598021177171E-011   65.3566653177161     
   70.0000000000000       1.792775891088750E-011   65.3239249084886     
   70.0000000000000       1.620319961124739E-011   65.2927024795304     
   70.0000000000000       1.449779493772031E-011   65.2630097267464     
   70.0000000000000       1.283444976780009E-011   65.2348577895735     
   70.0000000000000       1.123344743048401E-011   65.2082572443335     
   70.0000000000000       9.712413988639075E-012   65.1832180978943     
   70.0000000000000       8.286229629832275E-012   65.1597497816467     
   70.0000000000000       6.966926034370585E-012   65.1378611458062     
   70.0000000000000       5.763626759623593E-012   65.1175604540460     
   70.0000000000000       4.682480345378093E-012   65.0988553784676     
   70.0000000000000       3.726662245462023E-012   65.0817529949175     
   70.0000000000000       2.896418156268371E-012   65.0662597786549     
   70.0000000000000       2.189177614360481E-012   65.0523816003757     
   70.0000000000000       1.599754320431958E-012   65.0401237225997     
   70.0000000000000       1.120650604730979E-012   65.0294907964241     
   70.0000000000000       7.424924959370977E-013   65.0204868586492     
   70.0000000000000       4.546398489981776E-013   65.0131153292789     
   70.0000000000000       2.459970091212507E-013   65.0073790094001     
   70.0000000000000       1.060398154518436E-013   65.0032800794439     
   70.0000000000000       2.599401900375479E-014   65.0008200978305     
   70.0000000000000       3.441668379957920E-028   65.0000000000000     
   70.0000000000000       2.599401900377749E-014   65.0008200978305     
   70.0000000000000       1.060398154520292E-013   65.0032800794439     
   70.0000000000000       2.459970091218990E-013   65.0073790094001     
   70.0000000000000       4.546398489997843E-013   65.0131153292789     
   70.0000000000000       7.424924959404022E-013   65.0204868586492     
   70.0000000000000       1.120650604737019E-012   65.0294907964241     
   70.0000000000000       1.599754320442129E-012   65.0401237225997     
   70.0000000000000       2.189177614376597E-012   65.0523816003757     
   70.0000000000000       2.896418156292727E-012   65.0662597786549     
   70.0000000000000       3.726662245497458E-012   65.0817529949175     
   70.0000000000000       4.682480345428065E-012   65.0988553784676     
   70.0000000000000       5.763626759692248E-012   65.1175604540460     
   70.0000000000000       6.966926034462853E-012   65.1378611458062     
   70.0000000000000       8.286229629953986E-012   65.1597497816467     
   70.0000000000000       9.712413988797093E-012   65.1832180978943     
   70.0000000000000       1.123344743068641E-011   65.2082572443335     
   70.0000000000000       1.283444976805644E-011   65.2348577895735     
   70.0000000000000       1.449779493804193E-011   65.2630097267464     
   70.0000000000000       1.620319961164784E-011   65.2927024795304     
   70.0000000000000       1.792775891138318E-011   65.3239249084886     
   70.0000000000000       1.964598021238260E-011   65.3566653177161     
   70.0000000000000       2.132974205458141E-011   65.3909114617869     
   70.0000000000000       2.294817555791508E-011   65.4266505529917     
   70.0000000000000       2.446759215744293E-011   65.4638692688584     
   70.0000000000000       2.585140205676113E-011   65.5025537599439     
   70.0000000000000       2.706033815314888E-011   65.5426896578908     
   70.0000000000000       2.805313224894320E-011   65.5842620837358     
   70.0000000000000       2.878808317301077E-011   65.6272556564630     
   70.0000000000000       2.922582032872211E-011   65.6716545017896     
   70.0000000000000       2.933360831842952E-011   65.7174422611752     
   70.0000000000000       2.909088905146462E-011   65.7646021010431     
   70.0000000000000       2.849515734525385E-011   65.8131167222044     
   70.0000000000000       2.756632601871828E-011   65.8629683694730     
   70.0000000000000       2.634758045347482E-011   65.9141388414616     
   70.0000000000000       2.490143156704541E-011   65.9666095005474     
   70.0000000000000       2.330155984837227E-011   66.0203612829977     
   70.0000000000000       2.162280393940057E-011   66.0753747092432     
   70.0000000000000       1.993230164922261E-011   66.1316298942896     
   70.0000000000000       1.828380883222108E-011   66.1891065582556     
   70.0000000000000       1.671573572657254E-011   66.2477840370281     
   70.0000000000000       1.525206600788282E-011   66.3076412930219     
   70.0000000000000       1.390489903551795E-011   66.3686569260357     
   70.0000000000000       1.267752671537846E-011   66.4308091841924     
   70.0000000000000       1.156723875573856E-011   66.4940759749539     
   70.0000000000000       1.056763666601469E-011   66.5584348762005     
   70.0000000000000       9.670343186379991E-012   66.6238631473641     
   70.0000000000000       8.866161963715328E-012   66.6903377406072     
   70.0000000000000       8.145806564375764E-012   66.7578353120351     
   70.0000000000000       7.500400931877161E-012   66.8263322329353     
   70.0000000000000       6.921690051104212E-012   66.8958046010318     
   70.0000000000000       6.402138093850626E-012   66.9662282517473     
   70.0000000000000       5.935003758042823E-012   67.0375787694636     
   70.0000000000000       5.514297786467662E-012   67.1098314987720     
   70.0000000000000       5.134695133969925E-012   67.1829615557045     
   70.0000000000000       4.791544772035110E-012   67.2569438389395     
   70.0000000000000       4.480706159749408E-012   67.3317530409723     
   70.0000000000000       4.198595122857238E-012   67.4073636592434     
   70.0000000000000       3.942042266104098E-012   67.4837500072184     
   70.0000000000000       3.708297171850563E-012   67.5608862254112     
   70.0000000000000       3.494884066392855E-012   67.6387462923434     
   70.0000000000000       3.299722997777768E-012   67.7173040354352     
   70.0000000000000       3.120892375017460E-012   67.7965331418199     
   70.0000000000000       2.956746344894032E-012   67.8764071690769     
   70.0000000000000       2.805824433973925E-012   67.9568995558777     
   70.0000000000000       2.666805908085203E-012   68.0379836325380     
   70.0000000000000       2.538601923943274E-012   68.1196326314737     
   70.0000000000000       2.420149210287011E-012   68.2018196975529     
   70.0000000000000       2.310553914583810E-012   68.2845178983411     
   70.0000000000000       2.208998962845258E-012   68.3677002342355     
   70.0000000000000       2.114809403781364E-012   68.4513396484834     
   70.0000000000000       2.027302290164720E-012   68.5354090370809     
   70.0000000000000       1.945914306775979E-012   68.6198812585503     
   70.0000000000000       1.870106661035749E-012   68.7047291435901     
   70.0000000000000       1.799460271711708E-012   68.7899255045977     
   70.0000000000000       1.733537961754070E-012   68.8754431450589     
   70.0000000000000       1.671959674912520E-012   68.9612548688046     
   70.0000000000000       1.614367314634769E-012   69.0473334891312     
   70.0000000000000       1.560483829453851E-012   69.1336518377814     
   70.0000000000000       1.510033397726519E-012   69.2201827737866     
   70.0000000000000       1.462716834264362E-012   69.3068991921666     
