   70.0000000000000                          NaN   2.00000000000000     
   70.0000000000000       6.462740354975807E-013   4.00000000000000     
   70.0000000000000      -1.493306506487594E-012   6.00000000000000     
   70.0000000000000      -3.341201263413895E-013   8.00000000000000     
   70.0000000000000       1.485305123411583E-012   10.0000000000000     
   70.0000000000000       1.211665752311212E-012   12.0000000000000     
   70.0000000000000      -2.206603455654741E-013   14.0000000000000     
   70.0000000000000      -1.401473964344226E-012   16.0000000000000     
   70.0000000000000      -1.940604410738459E-012   18.0000000000000     
   70.0000000000000      -2.141156176253890E-012   20.0000000000000     
   70.0000000000000      -2.262837615074567E-012   22.0000000000000     
   70.0000000000000      -2.174381601819419E-012   24.0000000000000     
   70.0000000000000      -1.174723253758270E-012   26.0000000000000     
   70.0000000000000       1.369403947228068E-012   28.0000000000000     
   70.0000000000000       3.315266694600046E-012   30.0000000000000     
   70.0000000000000       2.225607400651643E-013   32.0000000000000     
   70.0000000000000      -4.205822529159339E-012   34.0000000000000     
   70.0000000000000       2.884406074441226E-012   36.0000000000000     
   70.0000000000000       7.796750703431874E-013   38.0000000000000     
   70.0000000000000      -3.779806942077329E-012   40.0000000000000     
   70.0000000000000       5.408617592110604E-012   42.0000000000000     
   70.0000000000000      -5.364438959322972E-012   44.0000000000000     
   70.0000000000000       1.513704557548687E-012   46.0000000000000     
   70.0000000000000       8.561635910141522E-012   48.0000000000000     
   70.0000000000000      -1.713487258917661E-011   50.0000000000000     
   70.0000000000000       3.209604111332484E-013   52.0000000000000     
   70.0000000000000       2.481941879907093E-011   54.0000000000000     
   70.0000000000000       1.161377180539382E-011   56.0000000000000     
   70.0000000000000      -1.653677529180221E-011   58.0000000000000     
   70.0000000000000      -2.943651557616046E-011   60.0000000000000     
   70.0000000000000      -2.312156497247330E-011   62.0000000000000     
   70.0000000000000      -8.268486224582389E-012   64.0000000000000     
   70.0000000000000       5.160445320098294E-012   66.0000000000000     
   70.0000000000000       1.295158513902415E-011   68.0000000000000     
   70.0000000000000       1.502271471593122E-011   70.0000000000000     
   70.0000000000000       1.351937026375604E-011   72.0000000000000     
   70.0000000000000       1.030417162784537E-011   74.0000000000000     
   70.0000000000000       6.956476941247818E-012   76.0000000000000     
   70.0000000000000       4.146115068725014E-012   78.0000000000000     
   70.0000000000000       2.256148225193723E-012   80.0000000000000     
   70.0000000000000       1.128213612822615E-012   82.0000000000000     
   70.0000000000000       5.951957133143530E-013   84.0000000000000     
   70.0000000000000       4.402476801476472E-013   86.0000000000000     
   70.0000000000000       3.285784954721178E-013   88.0000000000000     
   70.0000000000000       2.083829286866966E-013   90.0000000000000     
   70.0000000000000      -1.002561268505323E-013   92.0000000000000     
   70.0000000000000      -6.524482057440777E-013   94.0000000000000     
   70.0000000000000      -1.606104116803228E-012   96.0000000000000     
   70.0000000000000      -2.696852781401959E-012   98.0000000000000     
   70.0000000000000      -4.424354954084496E-012   100.000000000000     
   70.0000000000000      -6.503779349953625E-012   102.000000000000     
   70.0000000000000      -9.032986616463932E-012   104.000000000000     
   70.0000000000000      -1.181025181022641E-011   106.000000000000     
   70.0000000000000      -1.448345103708373E-011   108.000000000000     
   70.0000000000000      -1.630112835453371E-011   110.000000000000     
   70.0000000000000      -1.598899669068006E-011   112.000000000000     
   70.0000000000000      -1.206141257448176E-011   114.000000000000     
   70.0000000000000      -3.124164918211749E-012   116.000000000000     
   70.0000000000000       1.051074102869166E-011   118.000000000000     
   70.0000000000000       2.445454660164643E-011   120.000000000000     
   70.0000000000000       2.876627765550088E-011   122.000000000000     
   70.0000000000000       1.366118372442523E-011   124.000000000000     
   70.0000000000000      -1.261426515893695E-011   126.000000000000     
   70.0000000000000      -1.665455240328753E-011   128.000000000000     
   70.0000000000000       8.196776286584378E-012   130.000000000000     
   70.0000000000000       5.951243508918902E-012   132.000000000000     
   70.0000000000000      -9.318044343429509E-012   134.000000000000     
   70.0000000000000       7.663538697104000E-012   136.000000000000     
   70.0000000000000      -6.047326769090990E-012   138.000000000000     
   70.0000000000000       5.375388410722713E-012   140.000000000000     
   70.0000000000000      -4.637014816967367E-012   142.000000000000     
   70.0000000000000       2.269040822498514E-012   144.000000000000     
   70.0000000000000       1.720967199751034E-012   146.000000000000     
   70.0000000000000      -3.089622046538473E-012   148.000000000000     
   70.0000000000000      -1.143838670958738E-012   150.000000000000     
   70.0000000000000       1.878549266576371E-012   152.000000000000     
   70.0000000000000       2.392550368098582E-012   154.000000000000     
   70.0000000000000       1.716007377143344E-012   156.000000000000     
   70.0000000000000       1.093350240276035E-012   158.000000000000     
   70.0000000000000       8.913870405394792E-013   160.000000000000     
   70.0000000000000       1.156235442925102E-012   162.000000000000     
   70.0000000000000       1.531002974876602E-012   164.000000000000     
   70.0000000000000       1.584805471627019E-012   166.000000000000     
   70.0000000000000       6.241738516571003E-013   168.000000000000     
   70.0000000000000      -1.023798931845705E-012   170.000000000000     
   70.0000000000000      -1.305545691664132E-012   172.000000000000     
   70.0000000000000       7.118745491881106E-013   174.000000000000     
   70.0000000000000       1.054743906999783E-012   176.000000000000     
   70.0000000000000                          NaN   178.000000000000     
