   70.0000000000000       1.646646777914453E-012   11.0000000000000     
   70.0000000000000       1.695340119529279E-012   12.0000000000000     
   70.0000000000000       1.748596981486647E-012   13.0000000000000     
   70.0000000000000       1.800966131524035E-012   14.0000000000000     
   70.0000000000000       1.888139327525955E-012   15.0000000000000     
   70.0000000000000       1.938770903415787E-012   16.0000000000000     
   70.0000000000000       1.989661728700822E-012   17.0000000000000     
   70.0000000000000       2.044516580500036E-012   18.0000000000000     
   70.0000000000000       2.084412698599927E-012   19.0000000000000     
   70.0000000000000       2.164222557362122E-012   20.0000000000000     
   70.0000000000000       2.246954408655043E-012   21.0000000000000     
   70.0000000000000       2.300791377583847E-012   22.0000000000000     
   70.0000000000000       2.411447107785811E-012   23.0000000000000     
   70.0000000000000       2.512806772906603E-012   24.0000000000000     
   70.0000000000000       2.679860318057996E-012   25.0000000000000     
   70.0000000000000       2.780580543983505E-012   26.0000000000000     
   70.0000000000000       2.883606650315365E-012   27.0000000000000     
   70.0000000000000       3.040399824636997E-012   28.0000000000000     
   70.0000000000000       3.200977570828779E-012   29.0000000000000     
   70.0000000000000       3.319920113562510E-012   30.0000000000000     
   70.0000000000000       3.561299381126710E-012   31.0000000000000     
   70.0000000000000       3.787408905868672E-012   32.0000000000000     
   70.0000000000000       3.994433384336976E-012   33.0000000000000     
   70.0000000000000       4.249724230228873E-012   34.0000000000000     
   70.0000000000000       4.568073811682766E-012   35.0000000000000     
   70.0000000000000       4.874304703730565E-012   36.0000000000000     
   70.0000000000000       5.247862622583952E-012   37.0000000000000     
   70.0000000000000       5.635680127212960E-012   38.0000000000000     
   70.0000000000000       6.114563145894181E-012   39.0000000000000     
   70.0000000000000       6.644560338030995E-012   40.0000000000000     
   70.0000000000000       7.200550352816097E-012   41.0000000000000     
   70.0000000000000       7.869152142476569E-012   42.0000000000000     
   70.0000000000000       8.632321701661057E-012   43.0000000000000     
   70.0000000000000       9.479729984240161E-012   44.0000000000000     
   70.0000000000000       1.043131877798146E-011   45.0000000000000     
   70.0000000000000       1.153609622909487E-011   46.0000000000000     
   70.0000000000000       1.275633840625222E-011   47.0000000000000     
   70.0000000000000       1.414345950592073E-011   48.0000000000000     
   70.0000000000000       1.567172131095380E-011   49.0000000000000     
   70.0000000000000       1.737707491653544E-011   50.0000000000000     
   70.0000000000000       1.922671989054016E-011   51.0000000000000     
   70.0000000000000       2.113698109811720E-011   52.0000000000000     
   70.0000000000000       2.308042643409904E-011   53.0000000000000     
   70.0000000000000       2.490918477773696E-011   54.0000000000000     
   70.0000000000000       2.653008824648056E-011   55.0000000000000     
   70.0000000000000       2.787411176678235E-011   56.0000000000000     
   70.0000000000000       2.885879863887476E-011   57.0000000000000     
   70.0000000000000       2.947689945159821E-011   58.0000000000000     
   70.0000000000000       2.973108577694827E-011   59.0000000000000     
   70.0000000000000       2.961968143429691E-011   60.0000000000000     
   70.0000000000000       2.918749120568040E-011   61.0000000000000     
   70.0000000000000       2.848107471618650E-011   62.0000000000000     
   70.0000000000000       2.751957140266219E-011   63.0000000000000     
   70.0000000000000       2.634463444693493E-011   64.0000000000000     
   70.0000000000000       2.502615659340239E-011   65.0000000000000     
   70.0000000000000       2.353553230054604E-011   66.0000000000000     
   70.0000000000000       2.196987896025598E-011   67.0000000000000     
   70.0000000000000       2.036222196488879E-011   68.0000000000000     
   70.0000000000000       1.872990515270426E-011   69.0000000000000     
   70.0000000000000       1.696449679975307E-011   70.0000000000000     
   70.0000000000000       1.529637616664865E-011   71.0000000000000     
   70.0000000000000       1.363641505510665E-011   72.0000000000000     
   70.0000000000000       1.202027375333857E-011   73.0000000000000     
   70.0000000000000       1.045643782613664E-011   74.0000000000000     
   70.0000000000000       8.955166869988990E-012   75.0000000000000     
   70.0000000000000       7.651365347336376E-012   76.0000000000000     
   70.0000000000000       6.304586283162970E-012   77.0000000000000     
   70.0000000000000       5.215606397614162E-012   78.0000000000000     
   70.0000000000000       4.214963942896271E-012   79.0000000000000     
   70.0000000000000       3.238161459289041E-012   80.0000000000000     
   70.0000000000000       2.416332503057768E-012   81.0000000000000     
   70.0000000000000       1.841107389997731E-012   82.0000000000000     
   70.0000000000000       1.324255713054812E-012   83.0000000000000     
   70.0000000000000       9.338335752964785E-013   84.0000000000000     
   70.0000000000000       6.871699680070120E-013   85.0000000000000     
   70.0000000000000       5.568816276831932E-013   86.0000000000000     
   70.0000000000000       4.472396790903835E-013   87.0000000000000     
   70.0000000000000       3.713906762413278E-013   88.0000000000000     
   70.0000000000000       3.306940626593757E-013   89.0000000000000     
   70.0000000000000       3.344441832911757E-013   90.0000000000000     
   70.0000000000000       4.414458053088878E-013   91.0000000000000     
   70.0000000000000       4.681493414477400E-013   92.0000000000000     
   70.0000000000000       6.554692831927662E-013   93.0000000000000     
   70.0000000000000       9.259474429132976E-013   94.0000000000000     
   70.0000000000000       1.296142848630728E-012   95.0000000000000     
   70.0000000000000       1.783436814997519E-012   96.0000000000000     
   70.0000000000000       2.251527642267482E-012   97.0000000000000     
   70.0000000000000       2.805456013164022E-012   98.0000000000000     
   70.0000000000000       3.566818790056154E-012   99.0000000000000     
   70.0000000000000       4.493046643572224E-012   100.000000000000     
   70.0000000000000       5.452767644166905E-012   101.000000000000     
   70.0000000000000       6.566410741552242E-012   102.000000000000     
   70.0000000000000       7.816419587209844E-012   103.000000000000     
   70.0000000000000       9.143479400421892E-012   104.000000000000     
   70.0000000000000       1.059584044623359E-011   105.000000000000     
   70.0000000000000       1.214652392255708E-011   106.000000000000     
   70.0000000000000       1.382610068742823E-011   107.000000000000     
   70.0000000000000       1.546215086276956E-011   108.000000000000     
   70.0000000000000       1.724644320993989E-011   109.000000000000     
   70.0000000000000       1.899737700426749E-011   110.000000000000     
   70.0000000000000       2.071941885478343E-011   111.000000000000     
   70.0000000000000       2.242847148186061E-011   112.000000000000     
   70.0000000000000       2.407254533063453E-011   113.000000000000     
   70.0000000000000       2.559170873796944E-011   114.000000000000     
   70.0000000000000       2.697821693720450E-011   115.000000000000     
   70.0000000000000       2.817085674467409E-011   116.000000000000     
   70.0000000000000       2.910266805732543E-011   117.000000000000     
   70.0000000000000       2.976123158708305E-011   118.000000000000     
   70.0000000000000       3.014089351129285E-011   119.000000000000     
   70.0000000000000       3.011651265326724E-011   120.000000000000     
   70.0000000000000       2.972856120139233E-011   121.000000000000     
   70.0000000000000       2.894041218602369E-011   122.000000000000     
   70.0000000000000       2.778517513914087E-011   123.000000000000     
   70.0000000000000       2.627291851552087E-011   124.000000000000     
   70.0000000000000       2.446691667064304E-011   125.000000000000     
   70.0000000000000       2.248454821195751E-011   126.000000000000     
   70.0000000000000       2.043688667502110E-011   127.000000000000     
   70.0000000000000       1.841696432661594E-011   128.000000000000     
   70.0000000000000       1.650997923268992E-011   129.000000000000     
   70.0000000000000       1.478285613931461E-011   130.000000000000     
   70.0000000000000       1.323102881311748E-011   131.000000000000     
   70.0000000000000       1.187939294803386E-011   132.000000000000     
   70.0000000000000       1.066478557593107E-011   133.000000000000     
   70.0000000000000       9.606262792467373E-012   134.000000000000     
   70.0000000000000       8.708308250347092E-012   135.000000000000     
   70.0000000000000       7.876454336637630E-012   136.000000000000     
   70.0000000000000       7.167977147629007E-012   137.000000000000     
   70.0000000000000       6.571511033435914E-012   138.000000000000     
   70.0000000000000       6.031604665669499E-012   139.000000000000     
   70.0000000000000       5.548054244631229E-012   140.000000000000     
   70.0000000000000       5.110811513971641E-012   141.000000000000     
   70.0000000000000       4.741844229072673E-012   142.000000000000     
   70.0000000000000       4.436412914855555E-012   143.000000000000     
   70.0000000000000       4.110456886118497E-012   144.000000000000     
   70.0000000000000       3.854238695365355E-012   145.000000000000     
   70.0000000000000       3.632922359578233E-012   146.000000000000     
   70.0000000000000       3.422140687390639E-012   147.000000000000     
   70.0000000000000       3.234904083823055E-012   148.000000000000     
   70.0000000000000       3.072554028978831E-012   149.000000000000     
   70.0000000000000       2.927501193296555E-012   150.000000000000     
   70.0000000000000       2.773014210388017E-012   151.000000000000     
   70.0000000000000       2.674820024721891E-012   152.000000000000     
   70.0000000000000       2.572966364920644E-012   153.000000000000     
   70.0000000000000       2.403199493167320E-012   154.000000000000     
   70.0000000000000       2.293870366632429E-012   155.000000000000     
   70.0000000000000       2.218717417649263E-012   156.000000000000     
   70.0000000000000       2.148243204529645E-012   157.000000000000     
   70.0000000000000       2.069250993202988E-012   158.000000000000     
   70.0000000000000       1.994054347073102E-012   159.000000000000     
   70.0000000000000       1.973589719307631E-012   160.000000000000     
   70.0000000000000       1.917365433679694E-012   161.000000000000     
   70.0000000000000       1.864841645285991E-012   162.000000000000     
   70.0000000000000       1.774893360305076E-012   163.000000000000     
   70.0000000000000       1.722695971386882E-012   164.000000000000     
   70.0000000000000       1.681582652810133E-012   165.000000000000     
   70.0000000000000       1.622584403969485E-012   166.000000000000     
   70.0000000000000       1.583621504316584E-012   167.000000000000     
   70.0000000000000       1.557030683647167E-012   168.000000000000     
   70.0000000000000       1.514965438227963E-012   169.000000000000     
   70.0000000000000       1.493893343959382E-012   170.000000000000     
