   70.0000000000000      -3.728691238169228E-013   11.0000000000000     
   70.0000000000000       1.185767357267712E-012   12.0000000000000     
   70.0000000000000      -1.666515579542853E-012   13.0000000000000     
   70.0000000000000       1.787396995295553E-012   14.0000000000000     
   70.0000000000000      -1.672516736035698E-012   15.0000000000000     
   70.0000000000000       1.339665384787166E-012   16.0000000000000     
   70.0000000000000      -9.778739031566927E-013   17.0000000000000     
   70.0000000000000       6.435080177915416E-013   18.0000000000000     
   70.0000000000000      -4.431645434174584E-013   19.0000000000000     
   70.0000000000000       3.151341090470244E-013   20.0000000000000     
   70.0000000000000      -3.171774592865673E-013   21.0000000000000     
   70.0000000000000       4.161813198208436E-013   22.0000000000000     
   70.0000000000000      -7.571545745543581E-013   23.0000000000000     
   70.0000000000000       1.259469145169707E-012   24.0000000000000     
   70.0000000000000      -1.907150879702882E-012   25.0000000000000     
   70.0000000000000       2.520248685875898E-012   26.0000000000000     
   70.0000000000000      -2.883587397230783E-012   27.0000000000000     
   70.0000000000000       2.714546725140105E-012   28.0000000000000     
   70.0000000000000      -1.722756708810124E-012   29.0000000000000     
   70.0000000000000      -1.757165447890299E-013   30.0000000000000     
   70.0000000000000       2.447336712744620E-012   31.0000000000000     
   70.0000000000000      -3.780864046383443E-012   32.0000000000000     
   70.0000000000000       2.809311632251933E-012   33.0000000000000     
   70.0000000000000       6.092724236416154E-013   34.0000000000000     
   70.0000000000000      -4.141221160955843E-012   35.0000000000000     
   70.0000000000000       3.929255392887623E-012   36.0000000000000     
   70.0000000000000       1.082765845788158E-012   37.0000000000000     
   70.0000000000000      -5.581487013417520E-012   38.0000000000000     
   70.0000000000000       2.416980239214698E-012   39.0000000000000     
   70.0000000000000       5.464727034935835E-012   40.0000000000000     
   70.0000000000000      -4.770908226691027E-012   41.0000000000000     
   70.0000000000000      -5.715803634114389E-012   42.0000000000000     
   70.0000000000000       5.684002636819347E-012   43.0000000000000     
   70.0000000000000       7.815886080656488E-012   44.0000000000000     
   70.0000000000000      -4.113450989632259E-012   45.0000000000000     
   70.0000000000000      -1.143635495773864E-011   46.0000000000000     
   70.0000000000000      -2.796459007421102E-012   47.0000000000000     
   70.0000000000000       1.125770124571595E-011   48.0000000000000     
   70.0000000000000       1.434554242434925E-011   49.0000000000000     
   70.0000000000000       2.891171736090588E-012   50.0000000000000     
   70.0000000000000      -1.305125995898302E-011   51.0000000000000     
   70.0000000000000      -2.113454410098901E-011   52.0000000000000     
   70.0000000000000      -1.635210322634263E-011   53.0000000000000     
   70.0000000000000      -2.112803059389833E-012   54.0000000000000     
   70.0000000000000       1.399840335056714E-011   55.0000000000000     
   70.0000000000000       2.533942405105756E-011   56.0000000000000     
   70.0000000000000       2.869952248826046E-011   57.0000000000000     
   70.0000000000000       2.440128406924667E-011   58.0000000000000     
   70.0000000000000       1.490664101099635E-011   59.0000000000000     
   70.0000000000000       3.288932806199562E-012   60.0000000000000     
   70.0000000000000      -7.813115846373276E-012   61.0000000000000     
   70.0000000000000      -1.663023903053393E-011   62.0000000000000     
   70.0000000000000      -2.237559965867742E-011   63.0000000000000     
   70.0000000000000      -2.501343438427681E-011   64.0000000000000     
   70.0000000000000      -2.500726363101964E-011   65.0000000000000     
   70.0000000000000      -2.296281961711849E-011   66.0000000000000     
   70.0000000000000      -1.965042601404514E-011   67.0000000000000     
   70.0000000000000      -1.571230491474782E-011   68.0000000000000     
   70.0000000000000      -1.168771790084217E-011   69.0000000000000     
   70.0000000000000      -7.881128994793556E-012   70.0000000000000     
   70.0000000000000      -4.501810241788796E-012   71.0000000000000     
   70.0000000000000      -1.782818898993401E-012   72.0000000000000     
   70.0000000000000       2.978678957239148E-013   73.0000000000000     
   70.0000000000000       1.777959244686938E-012   74.0000000000000     
   70.0000000000000       2.695503021775760E-012   75.0000000000000     
   70.0000000000000       3.186035191944259E-012   76.0000000000000     
   70.0000000000000       3.279611742253276E-012   77.0000000000000     
   70.0000000000000       3.164218692145842E-012   78.0000000000000     
   70.0000000000000       2.852160506592701E-012   79.0000000000000     
   70.0000000000000       2.322818293018234E-012   80.0000000000000     
   70.0000000000000       1.838360999253575E-012   81.0000000000000     
   70.0000000000000       1.454926274883370E-012   82.0000000000000     
   70.0000000000000       1.051612725509829E-012   83.0000000000000     
   70.0000000000000       7.195743250027910E-013   84.0000000000000     
   70.0000000000000       4.816347490361717E-013   85.0000000000000     
   70.0000000000000       3.410265786939452E-013   86.0000000000000     
   70.0000000000000       2.070849166617559E-013   87.0000000000000     
   70.0000000000000       1.731103888051500E-013   88.0000000000000     
   70.0000000000000       1.658083516675492E-013   89.0000000000000     
   70.0000000000000       2.615902650506257E-013   90.0000000000000     
   70.0000000000000       4.224109039928434E-013   91.0000000000000     
   70.0000000000000       4.572882186618004E-013   92.0000000000000     
   70.0000000000000       5.603697989365642E-013   93.0000000000000     
   70.0000000000000       6.570312061531083E-013   94.0000000000000     
   70.0000000000000       7.439196717590605E-013   95.0000000000000     
   70.0000000000000       7.752911963102758E-013   96.0000000000000     
   70.0000000000000       7.549440402910584E-013   97.0000000000000     
   70.0000000000000       7.730255605364446E-013   98.0000000000000     
   70.0000000000000       7.672245338080958E-013   99.0000000000000     
   70.0000000000000       7.826566179261523E-013   100.000000000000     
   70.0000000000000       7.755171893624724E-013   101.000000000000     
   70.0000000000000       9.047674805658505E-013   102.000000000000     
   70.0000000000000       1.076832808282707E-012   103.000000000000     
   70.0000000000000       1.417169126365287E-012   104.000000000000     
   70.0000000000000       1.975373785081513E-012   105.000000000000     
   70.0000000000000       2.838308577356457E-012   106.000000000000     
   70.0000000000000       3.946994597270583E-012   107.000000000000     
   70.0000000000000       5.413663764904839E-012   108.000000000000     
   70.0000000000000       7.400714083782930E-012   109.000000000000     
   70.0000000000000       9.755693076931441E-012   110.000000000000     
   70.0000000000000       1.254638685902997E-011   111.000000000000     
   70.0000000000000       1.572858282993280E-011   112.000000000000     
   70.0000000000000       1.914826172891870E-011   113.000000000000     
   70.0000000000000       2.257117371421333E-011   114.000000000000     
   70.0000000000000       2.568813876419081E-011   115.000000000000     
   70.0000000000000       2.799708490705353E-011   116.000000000000     
   70.0000000000000       2.892134305796095E-011   117.000000000000     
   70.0000000000000       2.784340547791825E-011   118.000000000000     
   70.0000000000000       2.419728742965115E-011   119.000000000000     
   70.0000000000000       1.757781228999528E-011   120.000000000000     
   70.0000000000000       8.132883081244163E-012   121.000000000000     
   70.0000000000000      -3.169972767009084E-012   122.000000000000     
   70.0000000000000      -1.430904058951496E-011   123.000000000000     
   70.0000000000000      -2.244188732194106E-011   124.000000000000     
   70.0000000000000      -2.446646468388862E-011   125.000000000000     
   70.0000000000000      -1.861277042237053E-011   126.000000000000     
   70.0000000000000      -6.110797560941484E-012   127.000000000000     
   70.0000000000000       7.861962811791576E-012   128.000000000000     
   70.0000000000000       1.571938908392969E-011   129.000000000000     
   70.0000000000000       1.230226378124610E-011   130.000000000000     
   70.0000000000000       1.199818104072361E-013   131.000000000000     
   70.0000000000000      -1.028118074499944E-011   132.000000000000     
   70.0000000000000      -8.757315608534357E-012   133.000000000000     
   70.0000000000000       2.335451659063913E-012   134.000000000000     
   70.0000000000000       8.703770376938397E-012   135.000000000000     
   70.0000000000000       1.818985309211498E-012   136.000000000000     
   70.0000000000000      -6.716912179098802E-012   137.000000000000     
   70.0000000000000      -2.571885730433115E-012   138.000000000000     
   70.0000000000000       5.634942732448867E-012   139.000000000000     
   70.0000000000000       1.373355502132838E-012   140.000000000000     
   70.0000000000000      -5.101958902710136E-012   141.000000000000     
   70.0000000000000       9.915544765744899E-013   142.000000000000     
   70.0000000000000       3.758738262674135E-012   143.000000000000     
   70.0000000000000      -3.427434836502984E-012   144.000000000000     
   70.0000000000000      -3.539887852239020E-013   145.000000000000     
   70.0000000000000       3.199436945480339E-012   146.000000000000     
   70.0000000000000      -3.119708415062590E-012   147.000000000000     
   70.0000000000000       9.585614435593023E-013   148.000000000000     
   70.0000000000000       1.403041651549446E-012   149.000000000000     
   70.0000000000000      -2.694790591413756E-012   150.000000000000     
   70.0000000000000       2.703644538873612E-012   151.000000000000     
   70.0000000000000      -1.904130987536992E-012   152.000000000000     
   70.0000000000000       8.120000577852735E-013   153.000000000000     
   70.0000000000000       2.259879201882325E-013   154.000000000000     
   70.0000000000000      -9.718302354149881E-013   155.000000000000     
   70.0000000000000       1.406423002147588E-012   156.000000000000     
   70.0000000000000      -1.660395307877635E-012   157.000000000000     
   70.0000000000000       1.756811010029220E-012   158.000000000000     
   70.0000000000000      -1.758648143480145E-012   159.000000000000     
   70.0000000000000       1.760819560351100E-012   160.000000000000     
   70.0000000000000      -1.650276139883207E-012   161.000000000000     
   70.0000000000000       1.463131560221690E-012   162.000000000000     
   70.0000000000000      -1.186105545477753E-012   163.000000000000     
   70.0000000000000       7.897539495004678E-013   164.000000000000     
   70.0000000000000      -2.799313851521648E-013   165.000000000000     
   70.0000000000000      -3.480973500417239E-013   166.000000000000     
   70.0000000000000       9.713422436121561E-013   167.000000000000     
   70.0000000000000      -1.426447178386324E-012   168.000000000000     
   70.0000000000000       1.501037789859002E-012   169.000000000000     
   70.0000000000000      -1.087912253023072E-012   170.000000000000     
