   2.04900000000000     
   2.04900000000000     
   2.04900000000000     
   2.04900000000000     
   2.04900000000000     
   2.04900000000000     
   2.04900000000000     
   2.04900000000000     
   2.04900000000000     
   2.04900000000000     
   2.04900000000000     
   2.04900000000000     
   2.04900000000000     
   2.04900000000000     
   2.04900000000000     
   2.04900000000000     
   2.04900000000000     
   2.04900000000000     
   2.04900000000000     
   2.04900000000000     
   2.04900000000000     
   2.04900000000000     
   2.04900000000000     
   2.04900000000000     
   2.04900000000000     
   2.04900000000000     
   2.04900000000000     
   2.04900000000000     
   2.04900000000000     
   2.04900000000000     
   2.04900000000000     
   2.04900000000000     
   2.04900000000000     
   2.04900000000000     
   2.04900000000000     
   2.04900000000000     
   2.04900000000000     
   2.04900000000000     
   2.04900000000000     
   2.04900000000000     
   2.04900000000000     
   2.04900000000000     
   2.04900000000000     
   2.04900000000000     
   2.04900000000000     
   2.04900000000000     
   2.04900000000000     
   2.04900000000000     
   2.04900000000000     
   2.04900000000000     
   2.04900000000000     
   2.04900000000000     
   2.04900000000000     
   2.04900000000000     
   2.04900000000000     
   2.04900000000000     
   2.04900000000000     
   2.04900000000000     
   2.04900000000000     
   2.04900000000000     
   2.04900000000000     
   2.04900000000000     
   2.04900000000000     
   2.04900000000000     
   2.04900000000000     
   2.04900000000000     
   2.04900000000000     
   2.04900000000000     
   2.04900000000000     
   2.04900000000000     
   2.04900000000000     
   2.04900000000000     
   2.04900000000000     
   2.04900000000000     
   2.04900000000000     
   2.04900000000000     
   2.04900000000000     
   2.04900000000000     
   2.04900000000000     
   2.04900000000000     
   2.04900000000000     
   2.04900000000000     
   2.04900000000000     
   2.04900000000000     
   2.04900000000000     
   2.04900000000000     
   2.04900000000000     
   2.04900000000000     
   2.04900000000000     
