   10.0000000000000      -0.8857440       2.02748799844453     
   10.2000000000000      -0.8913691       2.02748799844453     
   10.4000000000000      -0.8968537       2.02748799844453     
   10.6000000000000      -0.9022033       2.02748799844453     
   10.8000000000000      -0.9074232       2.02748799844453     
   11.0000000000000      -0.9125182       2.02748799844453     
   11.2000000000000      -0.9174930       2.02748799844453     
   11.4000000000000      -0.9223521       2.02748799844453     
   11.6000000000000      -0.9270996       2.02748799844453     
   11.8000000000000      -0.9317396       2.02748799844453     
   12.0000000000000      -0.9362758       2.02748799844453     
   12.2000000000000      -0.9407120       2.02748799844453     
   12.4000000000000      -0.9450515       2.02748799844453     
   12.6000000000000      -0.9492976       2.02748799844453     
   12.8000000000000      -0.9534536       2.02748799844453     
   13.0000000000000      -0.9575223       2.02748799844453     
   13.2000000000000      -0.9615067       2.02748799844453     
   13.4000000000000      -0.9654094       2.02748799844453     
   13.6000000000000      -0.9692331       2.02748799844453     
   13.8000000000000      -0.9729803       2.02748799844453     
   14.0000000000000      -0.9766534       2.02748799844453     
   14.2000000000000      -0.9802547       2.02748799844453     
   14.4000000000000      -0.9837862       2.02748799844453     
   14.6000000000000      -0.9872503       2.02748799844453     
   14.8000000000000      -0.9906489       2.02748799844453     
   15.0000000000000      -0.9939838       2.02748799844453     
   15.2000000000000      -0.9972571       2.02748799844453     
   15.4000000000000       -1.000470       2.02748799844453     
   15.6000000000000       -1.003625       2.02748799844453     
   15.8000000000000       -1.006724       2.02748799844453     
   16.0000000000000       -1.009767       2.02748799844453     
   16.2000000000000       -1.012757       2.02748799844453     
   16.4000000000000       -1.015695       2.02748799844453     
   16.6000000000000       -1.018583       2.02748799844453     
   16.8000000000000       -1.021421       2.02748799844453     
   17.0000000000000       -1.024211       2.02748799844453     
   17.2000000000000       -1.026954       2.02748799844453     
   17.4000000000000       -1.029652       2.02748799844453     
   17.6000000000000       -1.032306       2.02748799844453     
   17.8000000000000       -1.034917       2.02748799844453     
   18.0000000000000       -1.037485       2.02748799844453     
   18.2000000000000       -1.040012       2.02748799844453     
   18.4000000000000       -1.042500       2.02748799844453     
   18.6000000000000       -1.044948       2.02748799844453     
   18.8000000000000       -1.047359       2.02748799844453     
   19.0000000000000       -1.049732       2.02748799844453     
   19.2000000000000       -1.052069       2.02748799844453     
   19.4000000000000       -1.054371       2.02748799844453     
   19.6000000000000       -1.056638       2.02748799844453     
   19.8000000000000       -1.058871       2.02748799844453     
   20.0000000000000       -1.061071       2.02748799844453     
   20.2000000000000       -1.063240       2.02748799844453     
   20.4000000000000       -1.065376       2.02748799844453     
   20.6000000000000       -1.067482       2.02748799844453     
   20.8000000000000       -1.069558       2.02748799844453     
   21.0000000000000       -1.071604       2.02748799844453     
   21.2000000000000       -1.073622       2.02748799844453     
   21.4000000000000       -1.075612       2.02748799844453     
   21.6000000000000       -1.077574       2.02748799844453     
   21.8000000000000       -1.079509       2.02748799844453     
   22.0000000000000       -1.081417       2.02748799844453     
   22.2000000000000       -1.083300       2.02748799844453     
   22.4000000000000       -1.085158       2.02748799844453     
   22.6000000000000       -1.086990       2.02748799844453     
   22.8000000000000       -1.088799       2.02748799844453     
   23.0000000000000       -1.090584       2.02748799844453     
   23.2000000000000       -1.092346       2.02748799844453     
   23.4000000000000       -1.094084       2.02748799844453     
   23.6000000000000       -1.095801       2.02748799844453     
   23.8000000000000       -1.097496       2.02748799844453     
   24.0000000000000       -1.099169       2.02748799844453     
   24.2000000000000       -1.100821       2.02748799844453     
   24.4000000000000       -1.102452       2.02748799844453     
   24.6000000000000       -1.104064       2.02748799844453     
   24.8000000000000       -1.105655       2.02748799844453     
   25.0000000000000       -1.107227       2.02748799844453     
   25.2000000000000       -1.108780       2.02748799844453     
   25.4000000000000       -1.110314       2.02748799844453     
   25.6000000000000       -1.111830       2.02748799844453     
   25.8000000000000       -1.113328       2.02748799844453     
   26.0000000000000       -1.114808       2.02748799844453     
   26.2000000000000       -1.116270       2.02748799844453     
   26.4000000000000       -1.117716       2.02748799844453     
   26.6000000000000       -1.119145       2.02748799844453     
   26.8000000000000       -1.120557       2.02748799844453     
   27.0000000000000       -1.121953       2.02748799844453     
   27.2000000000000       -1.123334       2.02748799844453     
   27.4000000000000       -1.124698       2.02748799844453     
   27.6000000000000       -1.126048       2.02748799844453     
   27.8000000000000       -1.127382       2.02748799844453     
   28.0000000000000       -1.128701       2.02748799844453     
   28.2000000000000       -1.130006       2.02748799844453     
   28.4000000000000       -1.131297       2.02748799844453     
   28.6000000000000       -1.132574       2.02748799844453     
   28.8000000000000       -1.133836       2.02748799844453     
   29.0000000000000       -1.135085       2.02748799844453     
   29.2000000000000       -1.136321       2.02748799844453     
   29.4000000000000       -1.137544       2.02748799844453     
   29.6000000000000       -1.138754       2.02748799844453     
   29.8000000000000       -1.139951       2.02748799844453     
   30.0000000000000       -1.141135       2.02748799844453     
   30.2000000000000       -1.142307       2.02748799844453     
   30.4000000000000       -1.143467       2.02748799844453     
   30.6000000000000       -1.144615       2.02748799844453     
   30.8000000000000       -1.145751       2.02748799844453     
   31.0000000000000       -1.146876       2.02748799844453     
   31.2000000000000       -1.147990       2.02748799844453     
   31.4000000000000       -1.149092       2.02748799844453     
   31.6000000000000       -1.150183       2.02748799844453     
   31.8000000000000       -1.151264       2.02748799844453     
   32.0000000000000       -1.152333       2.02748799844453     
   32.2000000000000       -1.153392       2.02748799844453     
   32.4000000000000       -1.154441       2.02748799844453     
   32.6000000000000       -1.155480       2.02748799844453     
   32.8000000000000       -1.156508       2.02748799844453     
   33.0000000000000       -1.157527       2.02748799844453     
   33.2000000000000       -1.158536       2.02748799844453     
   33.4000000000000       -1.159535       2.02748799844453     
   33.6000000000000       -1.160525       2.02748799844453     
   33.8000000000000       -1.161505       2.02748799844453     
   34.0000000000000       -1.162476       2.02748799844453     
   34.2000000000000       -1.163439       2.02748799844453     
   34.4000000000000       -1.164392       2.02748799844453     
   34.6000000000000       -1.165336       2.02748799844453     
   34.8000000000000       -1.166272       2.02748799844453     
   35.0000000000000       -1.167199       2.02748799844453     
   35.2000000000000       -1.168118       2.02748799844453     
   35.4000000000000       -1.169028       2.02748799844453     
   35.6000000000000       -1.169931       2.02748799844453     
   35.8000000000000       -1.170825       2.02748799844453     
   36.0000000000000       -1.171711       2.02748799844453     
   36.2000000000000       -1.172589       2.02748799844453     
   36.4000000000000       -1.173460       2.02748799844453     
   36.6000000000000       -1.174322       2.02748799844453     
   36.8000000000000       -1.175178       2.02748799844453     
   37.0000000000000       -1.176025       2.02748799844453     
   37.2000000000000       -1.176866       2.02748799844453     
   37.4000000000000       -1.177699       2.02748799844453     
   37.6000000000000       -1.178525       2.02748799844453     
   37.8000000000000       -1.179344       2.02748799844453     
   38.0000000000000       -1.180156       2.02748799844453     
   38.2000000000000       -1.180961       2.02748799844453     
   38.4000000000000       -1.181759       2.02748799844453     
   38.6000000000000       -1.182551       2.02748799844453     
   38.8000000000000       -1.183336       2.02748799844453     
   39.0000000000000       -1.184115       2.02748799844453     
   39.2000000000000       -1.184887       2.02748799844453     
   39.4000000000000       -1.185652       2.02748799844453     
   39.6000000000000       -1.186411       2.02748799844453     
   39.8000000000000       -1.187165       2.02748799844453     
   40.0000000000000       -1.187912       2.02748799844453     
   40.2000000000000       -1.188653       2.02748799844453     
   40.4000000000000       -1.189388       2.02748799844453     
   40.6000000000000       -1.190117       2.02748799844453     
   40.8000000000000       -1.190840       2.02748799844453     
   41.0000000000000       -1.191557       2.02748799844453     
   41.2000000000000       -1.192269       2.02748799844453     
   41.4000000000000       -1.192975       2.02748799844453     
   41.6000000000000       -1.193676       2.02748799844453     
   41.8000000000000       -1.194371       2.02748799844453     
   42.0000000000000       -1.195061       2.02748799844453     
   42.2000000000000       -1.195745       2.02748799844453     
   42.4000000000000       -1.196424       2.02748799844453     
   42.6000000000000       -1.197098       2.02748799844453     
   42.8000000000000       -1.197766       2.02748799844453     
   43.0000000000000       -1.198430       2.02748799844453     
   43.2000000000000       -1.199088       2.02748799844453     
   43.4000000000000       -1.199742       2.02748799844453     
   43.6000000000000       -1.200390       2.02748799844453     
   43.8000000000000       -1.201034       2.02748799844453     
   44.0000000000000       -1.201673       2.02748799844453     
   44.2000000000000       -1.202307       2.02748799844453     
   44.4000000000000       -1.202936       2.02748799844453     
   44.6000000000000       -1.203561       2.02748799844453     
   44.8000000000000       -1.204181       2.02748799844453     
   45.0000000000000       -1.204797       2.02748799844453     
   45.2000000000000       -1.205408       2.02748799844453     
   45.4000000000000       -1.206014       2.02748799844453     
   45.6000000000000       -1.206617       2.02748799844453     
   45.8000000000000       -1.207214       2.02748799844453     
   46.0000000000000       -1.207808       2.02748799844453     
   46.2000000000000       -1.208397       2.02748799844453     
   46.4000000000000       -1.208982       2.02748799844453     
   46.6000000000000       -1.209563       2.02748799844453     
   46.8000000000000       -1.210140       2.02748799844453     
   47.0000000000000       -1.210713       2.02748799844453     
   47.2000000000000       -1.211281       2.02748799844453     
   47.4000000000000       -1.211846       2.02748799844453     
   47.6000000000000       -1.212407       2.02748799844453     
   47.8000000000000       -1.212964       2.02748799844453     
   48.0000000000000       -1.213517       2.02748799844453     
   48.2000000000000       -1.214066       2.02748799844453     
   48.4000000000000       -1.214611       2.02748799844453     
   48.6000000000000       -1.215153       2.02748799844453     
   48.8000000000000       -1.215691       2.02748799844453     
   49.0000000000000       -1.216225       2.02748799844453     
   49.2000000000000       -1.216756       2.02748799844453     
   49.4000000000000       -1.217283       2.02748799844453     
   49.6000000000000       -1.217806       2.02748799844453     
   49.8000000000000       -1.218326       2.02748799844453     
   50.0000000000000       -1.218843       2.02748799844453     
   50.2000000000000       -1.219356       2.02748799844453     
   50.4000000000000       -1.219866       2.02748799844453     
   50.6000000000000       -1.220372       2.02748799844453     
   50.8000000000000       -1.220875       2.02748799844453     
   51.0000000000000       -1.221375       2.02748799844453     
   51.2000000000000       -1.221871       2.02748799844453     
   51.4000000000000       -1.222364       2.02748799844453     
   51.6000000000000       -1.222854       2.02748799844453     
   51.8000000000000       -1.223341       2.02748799844453     
   52.0000000000000       -1.223825       2.02748799844453     
   52.2000000000000       -1.224305       2.02748799844453     
   52.4000000000000       -1.224782       2.02748799844453     
   52.6000000000000       -1.225257       2.02748799844453     
   52.8000000000000       -1.225728       2.02748799844453     
   53.0000000000000       -1.226197       2.02748799844453     
   53.2000000000000       -1.226662       2.02748799844453     
   53.4000000000000       -1.227124       2.02748799844453     
   53.6000000000000       -1.227584       2.02748799844453     
   53.8000000000000       -1.228041       2.02748799844453     
   54.0000000000000       -1.228495       2.02748799844453     
   54.2000000000000       -1.228945       2.02748799844453     
   54.4000000000000       -1.229394       2.02748799844453     
   54.6000000000000       -1.229839       2.02748799844453     
   54.8000000000000       -1.230282       2.02748799844453     
   55.0000000000000       -1.230722       2.02748799844453     
   55.2000000000000       -1.231159       2.02748799844453     
   55.4000000000000       -1.231594       2.02748799844453     
   55.6000000000000       -1.232026       2.02748799844453     
   55.8000000000000       -1.232455       2.02748799844453     
   56.0000000000000       -1.232882       2.02748799844453     
   56.2000000000000       -1.233306       2.02748799844453     
   56.4000000000000       -1.233727       2.02748799844453     
   56.6000000000000       -1.234146       2.02748799844453     
   56.8000000000000       -1.234563       2.02748799844453     
   57.0000000000000       -1.234977       2.02748799844453     
   57.2000000000000       -1.235389       2.02748799844453     
   57.4000000000000       -1.235798       2.02748799844453     
   57.6000000000000       -1.236205       2.02748799844453     
   57.8000000000000       -1.236609       2.02748799844453     
   58.0000000000000       -1.237011       2.02748799844453     
   58.2000000000000       -1.237411       2.02748799844453     
   58.4000000000000       -1.237808       2.02748799844453     
   58.6000000000000       -1.238203       2.02748799844453     
   58.8000000000000       -1.238596       2.02748799844453     
   59.0000000000000       -1.238987       2.02748799844453     
   59.2000000000000       -1.239375       2.02748799844453     
   59.4000000000000       -1.239761       2.02748799844453     
   59.6000000000000       -1.240145       2.02748799844453     
   59.8000000000000       -1.240526       2.02748799844453     
   60.0000000000000       -1.240906       2.02748799844453     
   60.2000000000000       -1.241283       2.02748799844453     
   60.4000000000000       -1.241658       2.02748799844453     
   60.6000000000000       -1.242031       2.02748799844453     
   60.8000000000000       -1.242402       2.02748799844453     
   61.0000000000000       -1.242771       2.02748799844453     
   61.2000000000000       -1.243138       2.02748799844453     
   61.4000000000000       -1.243503       2.02748799844453     
   61.6000000000000       -1.243866       2.02748799844453     
   61.8000000000000       -1.244226       2.02748799844453     
   62.0000000000000       -1.244585       2.02748799844453     
   62.2000000000000       -1.244942       2.02748799844453     
   62.4000000000000       -1.245297       2.02748799844453     
   62.6000000000000       -1.245650       2.02748799844453     
   62.8000000000000       -1.246001       2.02748799844453     
   63.0000000000000       -1.246350       2.02748799844453     
   63.2000000000000       -1.246697       2.02748799844453     
   63.4000000000000       -1.247042       2.02748799844453     
   63.6000000000000       -1.247386       2.02748799844453     
   63.8000000000000       -1.247727       2.02748799844453     
   64.0000000000000       -1.248067       2.02748799844453     
   64.2000000000000       -1.248405       2.02748799844453     
   64.4000000000000       -1.248741       2.02748799844453     
   64.6000000000000       -1.249075       2.02748799844453     
   64.8000000000000       -1.249408       2.02748799844453     
   65.0000000000000       -1.249739       2.02748799844453     
   65.2000000000000       -1.250068       2.02748799844453     
   65.4000000000000       -1.250395       2.02748799844453     
   65.6000000000000       -1.250721       2.02748799844453     
   65.8000000000000       -1.251045       2.02748799844453     
   66.0000000000000       -1.251367       2.02748799844453     
   66.2000000000000       -1.251687       2.02748799844453     
   66.4000000000000       -1.252006       2.02748799844453     
   66.6000000000000       -1.252323       2.02748799844453     
   66.8000000000000       -1.252639       2.02748799844453     
   67.0000000000000       -1.252953       2.02748799844453     
   67.2000000000000       -1.253265       2.02748799844453     
   67.4000000000000       -1.253576       2.02748799844453     
   67.6000000000000       -1.253885       2.02748799844453     
   67.8000000000000       -1.254193       2.02748799844453     
   68.0000000000000       -1.254499       2.02748799844453     
   68.2000000000000       -1.254803       2.02748799844453     
   68.4000000000000       -1.255106       2.02748799844453     
   68.6000000000000       -1.255407       2.02748799844453     
   68.8000000000000       -1.255707       2.02748799844453     
   69.0000000000000       -1.256006       2.02748799844453     
   69.2000000000000       -1.256303       2.02748799844453     
   69.4000000000000       -1.256598       2.02748799844453     
   69.6000000000000       -1.256892       2.02748799844453     
   69.8000000000000       -1.257184       2.02748799844453     
   70.0000000000000       -1.257475       2.02748799844453     
