   14.0000000000000       -15.43453       15.4758258797527     
   14.0000000000000       -15.43245       15.4758258797527     
   14.0000000000000       -15.43010       15.4758258797527     
   14.0000000000000       -15.42744       15.4758258797527     
   14.0000000000000       -15.42443       15.4758258797527     
   14.0000000000000       -15.42099       15.4758258797527     
   14.0000000000000       -15.41705       15.4758258797527     
   14.0000000000000       -15.41253       15.4758258797527     
   14.0000000000000       -15.40731       15.4758258797527     
   14.0000000000000       -15.40125       15.4758258797527     
   14.0000000000000       -15.39416       15.4758258797527     
   14.0000000000000       -15.38581       15.4758258797527     
   14.0000000000000       -15.37589       15.4758258797527     
   14.0000000000000       -15.36401       15.4758258797527     
   14.0000000000000       -15.34963       15.4758258797527     
   14.0000000000000       -15.33202       15.4758258797527     
   14.0000000000000       -15.31019       15.4758258797527     
   14.0000000000000       -15.28273       15.4758258797527     
   14.0000000000000       -15.24766       15.4758258797527     
   14.0000000000000       -15.20211       15.4758258797527     
   14.0000000000000       -15.14189       15.4758258797527     
   14.0000000000000       -15.06083       15.4758258797527     
   14.0000000000000       -14.94994       15.4758258797527     
   14.0000000000000       -14.79653       15.4758258797527     
   14.0000000000000       -14.58404       15.4758258797527     
   14.0000000000000       -14.29371       15.4758258797527     
   14.0000000000000       -13.90935       15.4758258797527     
   14.0000000000000       -13.42316       15.4758258797527     
   14.0000000000000       -12.83828       15.4758258797527     
   14.0000000000000       -12.16602       15.4758258797527     
   14.0000000000000       -11.42080       15.4758258797527     
   14.0000000000000       -10.61641       15.4758258797527     
   14.0000000000000       -9.764460       15.4758258797527     
   14.0000000000000       -8.874221       15.4758258797527     
   14.0000000000000       -7.953008       15.4758258797527     
   14.0000000000000       -7.006636       15.4758258797527     
   14.0000000000000       -6.039829       15.4758258797527     
   14.0000000000000       -5.056531       15.4758258797527     
   14.0000000000000       -4.060134       15.4758258797527     
   14.0000000000000       -3.053636       15.4758258797527     
   14.0000000000000       -2.039767       15.4758258797527     
   14.0000000000000       -1.021076       15.4758258797527     
   14.0000000000000       7.5777473E-09   15.4758258797527     
   14.0000000000000        1.021076       15.4758258797527     
   14.0000000000000        2.039767       15.4758258797527     
   14.0000000000000        3.053636       15.4758258797527     
   14.0000000000000        4.060134       15.4758258797527     
   14.0000000000000        5.056531       15.4758258797527     
   14.0000000000000        6.039829       15.4758258797527     
   14.0000000000000        7.006636       15.4758258797527     
   14.0000000000000        7.953008       15.4758258797527     
   14.0000000000000        8.874221       15.4758258797527     
   14.0000000000000        9.764460       15.4758258797527     
   14.0000000000000        10.61641       15.4758258797527     
   14.0000000000000        11.42080       15.4758258797527     
   14.0000000000000        12.16602       15.4758258797527     
   14.0000000000000        12.83828       15.4758258797527     
   14.0000000000000        13.42316       15.4758258797527     
   14.0000000000000        13.90935       15.4758258797527     
   14.0000000000000        14.29371       15.4758258797527     
   14.0000000000000        14.58404       15.4758258797527     
   14.0000000000000        14.79653       15.4758258797527     
   14.0000000000000        14.94994       15.4758258797527     
   14.0000000000000        15.06083       15.4758258797527     
   14.0000000000000        15.14189       15.4758258797527     
   14.0000000000000        15.20211       15.4758258797527     
   14.0000000000000        15.24766       15.4758258797527     
   14.0000000000000        15.28273       15.4758258797527     
   14.0000000000000        15.31019       15.4758258797527     
   14.0000000000000        15.33202       15.4758258797527     
   14.0000000000000        15.34963       15.4758258797527     
   14.0000000000000        15.36401       15.4758258797527     
   14.0000000000000        15.37589       15.4758258797527     
   14.0000000000000        15.38581       15.4758258797527     
   14.0000000000000        15.39416       15.4758258797527     
   14.0000000000000        15.40125       15.4758258797527     
   14.0000000000000        15.40731       15.4758258797527     
   14.0000000000000        15.41253       15.4758258797527     
   14.0000000000000        15.41705       15.4758258797527     
   14.0000000000000        15.42099       15.4758258797527     
   14.0000000000000        15.42443       15.4758258797527     
   14.0000000000000        15.42744       15.4758258797527     
   14.0000000000000        15.43010       15.4758258797527     
   14.0000000000000        15.43245       15.4758258797527     
   14.0000000000000        15.43453       15.4758258797527     
