   14.0000000000000      -6.679550261060394E-004   13.9310158649147     
   14.0000000000000      -1.146385548424049E-003   13.8961560574541     
   14.0000000000000      -1.724654828332076E-003   13.8613798384333     
   14.0000000000000      -2.385558825281905E-003   13.8267303675563     
   14.0000000000000      -3.112042632839207E-003   13.7922509737609     
   14.0000000000000      -3.887214673903828E-003   13.7579851009195     
   14.0000000000000      -4.694217344031590E-003   13.7239762517101     
   14.0000000000000      -5.516091745559401E-003   13.6902679296967     
   14.0000000000000      -6.335621951363681E-003   13.6569035796682     
   14.0000000000000      -7.135233652945759E-003   13.6239265262947     
   14.0000000000000      -7.896945417584978E-003   13.5913799111755     
   14.0000000000000      -8.602332481072613E-003   13.5593066283640     
   14.0000000000000      -9.232487289742478E-003   13.5277492584687     
   14.0000000000000      -9.767848600673708E-003   13.4967500014437     
   14.0000000000000      -1.018767329106790E-002   13.4663506081945     
   14.0000000000000      -1.046869865982459E-002   13.4365923111409     
   14.0000000000000      -1.058198210518585E-002   13.4075157538927     
   14.0000000000000      -1.048550260543342E-002   13.3791609202064     
   14.0000000000000      -1.010595998427828E-002   13.3515670624070     
   14.0000000000000      -9.287680435648819E-003   13.3247726294728     
   14.0000000000000      -7.600019453477688E-003   13.2988151949908     
   14.0000000000000      -1.646726118419809E-003   13.2737313852071     
   14.0000000000000      -2.181923194643242E-003   13.2495568074056     
   14.0000000000000      -2.143084709444622E-003   13.2263259788579     
   14.0000000000000      -1.981002170698357E-003   13.2040722565995     
   14.0000000000000      -1.756128778511411E-003   13.1828277682923     
   14.0000000000000      -1.494432030854511E-003   13.1626233444409     
   14.0000000000000      -1.211561571320142E-003   13.1434884522350     
   14.0000000000000      -9.187850804459662E-004   13.1254511312926     
   14.0000000000000      -6.250144215164779E-004   13.1085379315782     
   14.0000000000000      -3.376138981342280E-004   13.0927738537717     
   14.0000000000000      -6.274414568810956E-005   13.0781822923574     
   14.0000000000000       1.944958223753622E-004   13.0647849816977     
   14.0000000000000       4.300101999049018E-004   13.0526019453493     
   14.0000000000000       6.406859069509252E-004   13.0416514488667     
   14.0000000000000       8.243793718954719E-004   13.0319499563293     
   14.0000000000000       9.798996992662061E-004   13.0235120908092     
   14.0000000000000       1.106975877448236E-003   13.0163505989835     
   14.0000000000000       1.206206415146551E-003   13.0104763200751     
   14.0000000000000       1.278988561308825E-003   13.0058981592848     
   14.0000000000000       1.327426302633339E-003   13.0026230658558     
   14.0000000000000       1.354218900411408E-003   13.0006560158888     
   14.0000000000000       1.362531788123876E-003   13.0000000000000     
   14.0000000000000       1.355852834242180E-003   13.0006560158888     
   14.0000000000000       1.337837606135951E-003   13.0026230658558     
   14.0000000000000       1.312147606358332E-003   13.0058981592848     
   14.0000000000000       1.282285610100392E-003   13.0104763200751     
   14.0000000000000       1.251432057529237E-003   13.0163505989835     
   14.0000000000000       1.222285983721062E-003   13.0235120908092     
   14.0000000000000       1.196913041456385E-003   13.0319499563293     
   14.0000000000000       1.176601438932768E-003   13.0416514488667     
   14.0000000000000       1.161724435189807E-003   13.0526019453493     
   14.0000000000000       1.151603890325195E-003   13.0647849816977     
   14.0000000000000       1.144363103789346E-003   13.0781822923574     
   14.0000000000000       1.136746190119623E-003   13.0927738537717     
   14.0000000000000       1.123860897946991E-003   13.1085379315782     
   14.0000000000000       1.098761481081166E-003   13.1254511312926     
   14.0000000000000       1.051701236274563E-003   13.1434884522350     
   14.0000000000000       9.686759509095759E-004   13.1626233444409     
   14.0000000000000       8.283182332874554E-004   13.1828277682923     
   14.0000000000000       5.944109231318590E-004   13.2040722565995     
   14.0000000000000       1.940122096961399E-004   13.2263259788579     
   14.0000000000000      -5.738662163028333E-004   13.2495568074056     
   14.0000000000000      -3.489072516067355E-003   13.2737313852071     
   14.0000000000000       9.978475815610689E-004   13.2988151949908     
   14.0000000000000       3.687769492394520E-003   13.3247726294728     
   14.0000000000000       5.427525919067984E-003   13.3515670624070     
   14.0000000000000       6.562057108487297E-003   13.3791609202064     
   14.0000000000000       7.263782363194633E-003   13.4075157538927     
   14.0000000000000       7.638234350668027E-003   13.4365923111409     
   14.0000000000000       7.757363489983393E-003   13.4663506081945     
   14.0000000000000       7.673951619062070E-003   13.4967500014437     
   14.0000000000000       7.428918432548116E-003   13.5277492584687     
   14.0000000000000       7.055377362836551E-003   13.5593066283640     
   14.0000000000000       6.581055814109075E-003   13.5913799111755     
   14.0000000000000       6.029821022280322E-003   13.6239265262947     
   14.0000000000000       5.422709200353711E-003   13.6569035796682     
   14.0000000000000       4.778664140779020E-003   13.6902679296967     
   14.0000000000000       4.115130337817522E-003   13.7239762517101     
   14.0000000000000       3.448555413593435E-003   13.7579851009195     
   14.0000000000000       2.794859871466633E-003   13.7922509737609     
   14.0000000000000       2.169906181674296E-003   13.8267303675563     
   14.0000000000000       1.589930082545808E-003   13.8613798384333     
   14.0000000000000       1.071958758363843E-003   13.8961560574541     
   14.0000000000000       6.341096445497651E-004   13.9310158649147     
