   70.0000000000000       2.085974500957040E-012   70.0000000000000     
   70.0000000000000       2.347708408394187E-012   70.0000000000000     
   70.0000000000000       2.168920282322037E-012   70.0000000000000     
   70.0000000000000       1.504448038463885E-012   70.0000000000000     
   70.0000000000000       4.416279212760821E-013   70.0000000000000     
   70.0000000000000      -7.984257493647370E-013   70.0000000000000     
   70.0000000000000      -1.891501027059671E-012   70.0000000000000     
   70.0000000000000      -2.468529709985285E-012   70.0000000000000     
   70.0000000000000      -2.191130229533291E-012   70.0000000000000     
   70.0000000000000      -8.304068018951143E-013   70.0000000000000     
   70.0000000000000       1.666476707716644E-012   70.0000000000000     
   70.0000000000000       5.135785590217918E-012   70.0000000000000     
   70.0000000000000       9.192347202693134E-012   70.0000000000000     
   70.0000000000000       1.326382433425088E-011   70.0000000000000     
   70.0000000000000       1.666104661996784E-011   70.0000000000000     
   70.0000000000000       1.867485919680643E-011   70.0000000000000     
   70.0000000000000       1.868532420428694E-011   70.0000000000000     
   70.0000000000000       1.626673988740022E-011   70.0000000000000     
   70.0000000000000       1.127201663545775E-011   70.0000000000000     
   70.0000000000000       3.882874192836456E-012   70.0000000000000     
   70.0000000000000      -5.382687736420620E-012   70.0000000000000     
   70.0000000000000      -1.570843711377562E-011   70.0000000000000     
   70.0000000000000      -2.605950097619807E-011   70.0000000000000     
   70.0000000000000      -3.529414635020318E-011   70.0000000000000     
   70.0000000000000      -4.229406885279029E-011   70.0000000000000     
   70.0000000000000      -4.609728926243734E-011   70.0000000000000     
   70.0000000000000      -4.601792102849731E-011   70.0000000000000     
   70.0000000000000      -4.173898678326457E-011   70.0000000000000     
   70.0000000000000      -3.336848003038593E-011   70.0000000000000     
   70.0000000000000      -2.145408761128336E-011   70.0000000000000     
   70.0000000000000      -6.957985871498002E-012   70.0000000000000     
   70.0000000000000       8.798768508281908E-012   70.0000000000000     
   70.0000000000000       2.419790289504130E-011   70.0000000000000     
   70.0000000000000       3.731096434089764E-011   70.0000000000000     
   70.0000000000000       4.512044821351964E-011   70.0000000000000     
   70.0000000000000       3.927171220918139E-011   70.0000000000000     
   70.0000000000000       4.013995493577970E-011   70.0000000000000     
   70.0000000000000       4.118437007225516E-011   70.0000000000000     
   70.0000000000000       4.160191709837760E-011   70.0000000000000     
   70.0000000000000       4.108518254191882E-011   70.0000000000000     
   70.0000000000000       3.946508958282391E-011   70.0000000000000     
   70.0000000000000       3.661880738456494E-011   70.0000000000000     
   70.0000000000000       3.242525612973791E-011   70.0000000000000     
   70.0000000000000       2.673789018230556E-011   70.0000000000000     
   70.0000000000000       1.937177168561050E-011   70.0000000000000     
   70.0000000000000       1.011145775663595E-011   70.0000000000000     
   70.0000000000000      -1.245527655624467E-012   70.0000000000000     
   70.0000000000000      -1.478266783939289E-011   70.0000000000000     
   70.0000000000000      -3.025025107704718E-011   70.0000000000000     
   70.0000000000000      -4.668026837580030E-011   70.0000000000000     
   70.0000000000000      -6.179584775848429E-011   70.0000000000000     
   70.0000000000000      -7.139281431792368E-011   70.0000000000000     
   70.0000000000000      -6.950760110255392E-011   70.0000000000000     
   70.0000000000000      -5.107647692460982E-011   70.0000000000000     
   70.0000000000000      -1.818052392534263E-011   70.0000000000000     
   70.0000000000000      -2.168345311110214E-011   70.0000000000000     
   70.0000000000000      -2.676683344566617E-011   70.0000000000000     
   70.0000000000000      -2.245485265877866E-011   70.0000000000000     
   70.0000000000000      -1.570882934531483E-011   70.0000000000000     
   70.0000000000000      -8.353459161101327E-012   70.0000000000000     
   70.0000000000000      -1.294800257704247E-012   70.0000000000000     
   70.0000000000000       4.943085778405945E-012   70.0000000000000     
   70.0000000000000       1.006558816883090E-011   70.0000000000000     
   70.0000000000000       1.393977288908822E-011   70.0000000000000     
   70.0000000000000       1.655202844123359E-011   70.0000000000000     
   70.0000000000000       1.797548792861996E-011   70.0000000000000     
   70.0000000000000       1.834277987764572E-011   70.0000000000000     
   70.0000000000000       1.782292741471279E-011   70.0000000000000     
   70.0000000000000       1.660218892915439E-011   70.0000000000000     
   70.0000000000000       1.486875075318386E-011   70.0000000000000     
   70.0000000000000       1.280117905159952E-011   70.0000000000000     
   70.0000000000000       1.056031144621210E-011   70.0000000000000     
   70.0000000000000       8.284235502327226E-012   70.0000000000000     
   70.0000000000000       6.085838577539412E-012   70.0000000000000     
   70.0000000000000       4.052407688739189E-012   70.0000000000000     
   70.0000000000000       2.246814186882459E-012   70.0000000000000     
   70.0000000000000       7.097583570478780E-013   70.0000000000000     
   70.0000000000000      -5.373144077272462E-013   70.0000000000000     
   70.0000000000000      -1.488974617656114E-012   70.0000000000000     
   70.0000000000000      -2.152526875772780E-012   70.0000000000000     
   70.0000000000000      -2.544878036307295E-012   70.0000000000000     
   70.0000000000000      -2.689697324561530E-012   70.0000000000000     
   70.0000000000000      -2.614946826460097E-012   70.0000000000000     
   70.0000000000000      -2.350819131030510E-012   70.0000000000000     
   70.0000000000000      -1.928081068855138E-012   70.0000000000000     
   70.0000000000000      -1.376797980304627E-012   70.0000000000000     
   70.0000000000000      -7.253947879098636E-013   70.0000000000000     
   70.0000000000000      -2.835556806417087E-027   70.0000000000000     
   70.0000000000000       7.759873396318605E-013   70.0000000000000     
   70.0000000000000       1.582165259617634E-012   70.0000000000000     
   70.0000000000000       2.401286601586967E-012   70.0000000000000     
   70.0000000000000       3.219356227775943E-012   70.0000000000000     
   70.0000000000000       4.025705527717495E-012   70.0000000000000     
   70.0000000000000       4.813074113534709E-012   70.0000000000000     
   70.0000000000000       5.577714107830918E-012   70.0000000000000     
   70.0000000000000       6.319519683122182E-012   70.0000000000000     
   70.0000000000000       7.042166764206768E-012   70.0000000000000     
   70.0000000000000       7.753232649749468E-012   70.0000000000000     
   70.0000000000000       8.464251138951490E-012   70.0000000000000     
   70.0000000000000       9.190635926531963E-012   70.0000000000000     
   70.0000000000000       9.951401116143728E-012   70.0000000000000     
   70.0000000000000       1.076858368604314E-011   70.0000000000000     
   70.0000000000000       1.166628295825961E-011   70.0000000000000     
   70.0000000000000       1.266922979333214E-011   70.0000000000000     
   70.0000000000000       1.380079853356350E-011   70.0000000000000     
   70.0000000000000       1.508044845025511E-011   70.0000000000000     
   70.0000000000000       1.652057376842429E-011   70.0000000000000     
   70.0000000000000       1.812282627392188E-011   70.0000000000000     
   70.0000000000000       1.987408122183966E-011   70.0000000000000     
   70.0000000000000       2.174223719918646E-011   70.0000000000000     
   70.0000000000000       2.367222058141101E-011   70.0000000000000     
   70.0000000000000       2.558251822464511E-011   70.0000000000000     
   70.0000000000000       2.736270523880522E-011   70.0000000000000     
   70.0000000000000       2.887216935215717E-011   70.0000000000000     
   70.0000000000000       2.993984947265622E-011   70.0000000000000     
   70.0000000000000       3.036317922714279E-011   70.0000000000000     
   70.0000000000000       2.989921182964720E-011   70.0000000000000     
   70.0000000000000       2.821949728252556E-011   70.0000000000000     
   70.0000000000000       2.467153233872645E-011   70.0000000000000     
   70.0000000000000       1.587509371558768E-011   70.0000000000000     
   70.0000000000000       5.448637796699384E-011   70.0000000000000     
   70.0000000000000       8.261345158925944E-011   70.0000000000000     
   70.0000000000000       7.796210775369918E-011   70.0000000000000     
   70.0000000000000       5.047935037093461E-011   70.0000000000000     
   70.0000000000000       1.248437855677494E-011   70.0000000000000     
   70.0000000000000      -2.645056736104353E-011   70.0000000000000     
   70.0000000000000      -6.079529160249378E-011   70.0000000000000     
   70.0000000000000      -8.803207847881082E-011   70.0000000000000     
   70.0000000000000      -1.073854876476002E-010   70.0000000000000     
   70.0000000000000      -1.189782721252445E-010   70.0000000000000     
   70.0000000000000      -1.233847800148777E-010   70.0000000000000     
   70.0000000000000      -1.214222977533594E-010   70.0000000000000     
   70.0000000000000      -1.140598396653073E-010   70.0000000000000     
   70.0000000000000      -1.023764509069549E-010   70.0000000000000     
   70.0000000000000      -8.753610429073297E-011   70.0000000000000     
   70.0000000000000      -7.076667638219579E-011   70.0000000000000     
   70.0000000000000      -5.334569678760222E-011   70.0000000000000     
   70.0000000000000      -3.661798242856677E-011   70.0000000000000     
   70.0000000000000      -2.215104623616203E-011   70.0000000000000     
   70.0000000000000      -1.272227992070853E-011   70.0000000000000     
   70.0000000000000      -1.310968309138746E-011   70.0000000000000     
   70.0000000000000       2.944808983421518E-011   70.0000000000000     
   70.0000000000000       7.101548840294603E-011   70.0000000000000     
   70.0000000000000       1.079793601272057E-010   70.0000000000000     
   70.0000000000000       1.370642081506407E-010   70.0000000000000     
   70.0000000000000       1.557331342620230E-010   70.0000000000000     
   70.0000000000000       1.623584628575501E-010   70.0000000000000     
   70.0000000000000       1.563480705165247E-010   70.0000000000000     
   70.0000000000000       1.382003963482649E-010   70.0000000000000     
   70.0000000000000       1.094700520364109E-010   70.0000000000000     
   70.0000000000000       7.263739411629923E-011   70.0000000000000     
   70.0000000000000       3.088699144969707E-011   70.0000000000000     
   70.0000000000000      -1.218761993714120E-011   70.0000000000000     
   70.0000000000000      -5.292552562569336E-011   70.0000000000000     
   70.0000000000000      -8.795240343043821E-011   70.0000000000000     
   70.0000000000000      -1.145086604269129E-010   70.0000000000000     
   70.0000000000000      -1.307141104916950E-010   70.0000000000000     
   70.0000000000000      -1.357386996479043E-010   70.0000000000000     
   70.0000000000000      -1.298579454060999E-010   70.0000000000000     
   70.0000000000000      -1.143854927072282E-010   70.0000000000000     
   70.0000000000000      -9.149075785859091E-011   70.0000000000000     
   70.0000000000000      -6.392387913363459E-011   70.0000000000000     
   70.0000000000000      -3.468286775760757E-011   70.0000000000000     
   70.0000000000000      -6.665285918121547E-012   70.0000000000000     
   70.0000000000000       1.765103195011443E-011   70.0000000000000     
   70.0000000000000       3.645750275456568E-011   70.0000000000000     
   70.0000000000000       4.876519947377863E-011   70.0000000000000     
   70.0000000000000       5.443893570242034E-011   70.0000000000000     
   70.0000000000000       5.411806475550914E-011   70.0000000000000     
   70.0000000000000       4.903988384145055E-011   70.0000000000000     
   70.0000000000000       4.079871141353591E-011   70.0000000000000     
   70.0000000000000       3.108030142917507E-011   70.0000000000000     
   70.0000000000000       2.141327908335179E-011   70.0000000000000     
   70.0000000000000       1.297543261655166E-011   70.0000000000000     
   70.0000000000000       6.481116742702363E-012   70.0000000000000     
