   3.00000000000000       7.478947083836252E-011   3.00000000000000     
   3.20000000000000       7.442498896117911E-011   3.20000000000000     
   3.40000000000000       7.407010263363683E-011   3.40000000000000     
   3.60000000000000       7.372349617448488E-011   3.60000000000000     
   3.80000000000000       7.338411131313227E-011   3.80000000000000     
   4.00000000000000       7.305109664675076E-011   4.00000000000000     
   4.20000000000000       7.272376709163497E-011   4.20000000000000     
   4.40000000000000       7.240156190011625E-011   4.40000000000000     
   4.60000000000000       7.208402754234235E-011   4.60000000000000     
   4.80000000000000       7.177079135854001E-011   4.80000000000000     
   5.00000000000000       7.146154910136874E-011   5.00000000000000     
   5.20000000000000       7.115604716202394E-011   5.20000000000000     
   5.40000000000000       7.085408007210803E-011   5.40000000000000     
   5.60000000000000       7.055546767612722E-011   5.60000000000000     
   5.80000000000000       7.026006416107932E-011   5.80000000000000     
   6.00000000000000       6.996774575437078E-011   6.00000000000000     
   6.20000000000000       6.967840897822952E-011   6.20000000000000     
   6.40000000000000       6.939196430739426E-011   6.40000000000000     
   6.60000000000000       6.910832780645303E-011   6.60000000000000     
   6.80000000000000       6.882743871921939E-011   6.80000000000000     
   7.00000000000000       6.854923135869096E-011   7.00000000000000     
   7.20000000000000       6.827365441217352E-011   7.20000000000000     
   7.40000000000000       6.800066291821063E-011   7.40000000000000     
   7.60000000000000       6.773021055207629E-011   7.60000000000000     
   7.80000000000000       6.746226157534069E-011   7.80000000000000     
   8.00000000000000       6.719678089371010E-011   8.00000000000000     
   8.20000000000000       6.693373073448355E-011   8.20000000000000     
   8.40000000000000       6.667308394908986E-011   8.40000000000000     
   8.60000000000000       6.641480839891880E-011   8.60000000000000     
   8.80000000000000       6.615887759256926E-011   8.80000000000000     
   9.00000000000000       6.590526527084520E-011   9.00000000000000     
   9.20000000000000       6.565394671391781E-011   9.20000000000000     
   9.40000000000000       6.540489693598510E-011   9.40000000000000     
   9.60000000000000       6.515808901522372E-011   9.60000000000000     
   9.80000000000000       6.491349922905961E-011   9.80000000000000     
   10.0000000000000       6.467110905019612E-011   10.0000000000000     
   10.2000000000000       6.443089051112397E-011   10.2000000000000     
   10.4000000000000       6.419282509612335E-011   10.4000000000000     
   10.6000000000000       6.395688929394050E-011   10.6000000000000     
   10.8000000000000       6.372305693378324E-011   10.8000000000000     
   11.0000000000000       6.349131513450384E-011   11.0000000000000     
   11.2000000000000       6.326163651575397E-011   11.2000000000000     
   11.4000000000000       6.303400201191985E-011   11.4000000000000     
   11.6000000000000       6.280838665485551E-011   11.6000000000000     
   11.8000000000000       6.258477244095575E-011   11.8000000000000     
   12.0000000000000       6.236313756739530E-011   12.0000000000000     
   12.2000000000000       6.214346263501657E-011   12.2000000000000     
   12.4000000000000       6.192572672772529E-011   12.4000000000000     
   12.6000000000000       6.170990691363897E-011   12.6000000000000     
   12.8000000000000       6.149598458432996E-011   12.8000000000000     
   13.0000000000000       6.128394163450075E-011   13.0000000000000     
   13.2000000000000       6.107374985275100E-011   13.2000000000000     
   13.4000000000000       6.086539777036839E-011   13.4000000000000     
   13.6000000000000       6.065886309528279E-011   13.6000000000000     
   13.8000000000000       6.045412259290278E-011   13.8000000000000     
   14.0000000000000       6.025115859359119E-011   14.0000000000000     
   14.2000000000000       6.004995190073763E-011   14.2000000000000     
   14.4000000000000       5.985048492856866E-011   14.4000000000000     
   14.6000000000000       5.965273464609320E-011   14.6000000000000     
   14.8000000000000       5.945668255543815E-011   14.8000000000000     
   15.0000000000000       5.926231106689140E-011   15.0000000000000     
   15.2000000000000       5.906960329117526E-011   15.2000000000000     
   15.4000000000000       5.887853265099856E-011   15.4000000000000     
   15.6000000000000       5.868908989026525E-011   15.6000000000000     
   15.8000000000000       5.850125231280936E-011   15.8000000000000     
   16.0000000000000       5.831500061735017E-011   16.0000000000000     
   16.2000000000000       5.813031534717584E-011   16.2000000000000     
   16.4000000000000       5.794718691164361E-011   16.4000000000000     
   16.6000000000000       5.776558833383823E-011   16.6000000000000     
   16.8000000000000       5.758550563088330E-011   16.8000000000000     
   17.0000000000000       5.740692074538712E-011   17.0000000000000     
   17.2000000000000       5.722981820226649E-011   17.2000000000000     
   17.4000000000000       5.705418161613151E-011   17.4000000000000     
   17.6000000000000       5.687999022159023E-011   17.6000000000000     
   17.8000000000000       5.670722890278140E-011   17.8000000000000     
   18.0000000000000       5.653588471169682E-011   18.0000000000000     
   18.2000000000000       5.636593668452879E-011   18.2000000000000     
   18.4000000000000       5.619736923426176E-011   18.4000000000000     
   18.6000000000000       5.603016869170464E-011   18.6000000000000     
   18.8000000000000       5.586431986994882E-011   18.8000000000000     
   19.0000000000000       5.569980600216775E-011   19.0000000000000     
   19.2000000000000       5.553660868387705E-011   19.2000000000000     
   19.4000000000000       5.537471450138637E-011   19.4000000000000     
   19.6000000000000       5.521411160720996E-011   19.6000000000000     
   19.8000000000000       5.505478298703414E-011   19.8000000000000     
   20.0000000000000       5.489671309412383E-011   20.0000000000000     
   20.2000000000000       5.473989111505285E-011   20.2000000000000     
   20.4000000000000       5.458429760626649E-011   20.4000000000000     
   20.6000000000000       5.442991776921184E-011   20.6000000000000     
   20.8000000000000       5.427674469131138E-011   20.8000000000000     
   21.0000000000000       5.412475939905543E-011   21.0000000000000     
   21.2000000000000       5.397395072276618E-011   21.2000000000000     
   21.4000000000000       5.382430200574462E-011   21.4000000000000     
   21.6000000000000       5.367580099199482E-011   21.6000000000000     
   21.8000000000000       5.352843647052611E-011   21.8000000000000     
   22.0000000000000       5.338219823465926E-011   22.0000000000000     
   22.2000000000000       5.323706719256678E-011   22.2000000000000     
   22.4000000000000       5.309303179105304E-011   22.4000000000000     
   22.6000000000000       5.295008466135144E-011   22.6000000000000     
   22.8000000000000       5.280820948175444E-011   22.8000000000000     
   23.0000000000000       5.266739407418713E-011   23.0000000000000     
   23.2000000000000       5.252762708912600E-011   23.2000000000000     
   23.4000000000000       5.238889797516424E-011   23.4000000000000     
   23.6000000000000       5.225119369766499E-011   23.6000000000000     
   23.8000000000000       5.211450522841243E-011   23.8000000000000     
   24.0000000000000       5.197881776702763E-011   24.0000000000000     
   24.2000000000000       5.184412047578006E-011   24.2000000000000     
   24.4000000000000       5.171040643162483E-011   24.4000000000000     
   24.6000000000000       5.157765966284821E-011   24.6000000000000     
   24.8000000000000       5.144587454170338E-011   24.8000000000000     
   25.0000000000000       5.131503637413110E-011   25.0000000000000     
   25.2000000000000       5.118513430832621E-011   25.2000000000000     
   25.4000000000000       5.105616129074925E-011   25.4000000000000     
   25.6000000000000       5.092810761142504E-011   25.6000000000000     
   25.8000000000000       5.080096090814275E-011   25.8000000000000     
   26.0000000000000       5.067470936769684E-011   26.0000000000000     
   26.2000000000000       5.054934809110656E-011   26.2000000000000     
   26.4000000000000       5.042486309519732E-011   26.4000000000000     
   26.6000000000000       5.030125045922224E-011   26.6000000000000     
   26.8000000000000       5.017849399650482E-011   26.8000000000000     
   27.0000000000000       5.005658754182966E-011   27.0000000000000     
   27.2000000000000       4.993552536188337E-011   27.2000000000000     
   27.4000000000000       4.981529265134621E-011   27.4000000000000     
   27.6000000000000       4.969588454042951E-011   27.6000000000000     
   27.8000000000000       4.957729024198692E-011   27.8000000000000     
   28.0000000000000       4.945949938372035E-011   28.0000000000000     
   28.2000000000000       4.934250828397978E-011   28.2000000000000     
   28.4000000000000       4.922630733437060E-011   28.4000000000000     
   28.6000000000000       4.911088730479243E-011   28.6000000000000     
   28.8000000000000       4.899623620203855E-011   28.8000000000000     
   29.0000000000000       4.888235178351369E-011   29.0000000000000     
   29.2000000000000       4.876922275235397E-011   29.2000000000000     
   29.4000000000000       4.865684439713972E-011   29.4000000000000     
   29.6000000000000       4.854520609023211E-011   29.6000000000000     
   29.8000000000000       4.843430064447929E-011   29.8000000000000     
   30.0000000000000       4.832411807686843E-011   30.0000000000000     
   30.2000000000000       4.821465801098427E-011   30.2000000000000     
   30.4000000000000       4.810590795157783E-011   30.4000000000000     
   30.6000000000000       4.799785880806176E-011   30.6000000000000     
   30.8000000000000       4.789050794569923E-011   30.8000000000000     
   31.0000000000000       4.778384681773134E-011   31.0000000000000     
   31.2000000000000       4.767786715159994E-011   31.2000000000000     
   31.4000000000000       4.757256401034271E-011   31.4000000000000     
   31.6000000000000       4.746792963341228E-011   31.6000000000000     
   31.8000000000000       4.736395651251980E-011   31.8000000000000     
   32.0000000000000       4.726063738474408E-011   32.0000000000000     
   32.2000000000000       4.715796827624971E-011   32.2000000000000     
   32.4000000000000       4.705594238115026E-011   32.4000000000000     
   32.6000000000000       4.695455311952101E-011   32.6000000000000     
   32.8000000000000       4.685379109471112E-011   32.8000000000000     
   33.0000000000000       4.675365623834627E-011   33.0000000000000     
   33.2000000000000       4.665413654388261E-011   33.2000000000000     
   33.4000000000000       4.655522628968896E-011   33.4000000000000     
   33.6000000000000       4.645692598785951E-011   33.6000000000000     
   33.8000000000000       4.635922123724178E-011   33.8000000000000     
   34.0000000000000       4.626211292408003E-011   34.0000000000000     
   34.2000000000000       4.616559006141081E-011   34.2000000000000     
   34.4000000000000       4.606965087597340E-011   34.4000000000000     
   34.6000000000000       4.597429075308319E-011   34.6000000000000     
   34.8000000000000       4.587949926348142E-011   34.8000000000000     
   35.0000000000000       4.578527513722982E-011   35.0000000000000     
   35.2000000000000       4.569160829877917E-011   35.2000000000000     
   35.4000000000000       4.559850077419667E-011   35.4000000000000     
   35.6000000000000       4.550593983802762E-011   35.6000000000000     
   35.8000000000000       4.541392484049039E-011   35.8000000000000     
   36.0000000000000       4.532244932803409E-011   36.0000000000000     
   36.2000000000000       4.523150700396964E-011   36.2000000000000     
   36.4000000000000       4.514109468040555E-011   36.4000000000000     
   36.6000000000000       4.505120930141396E-011   36.6000000000000     
   36.8000000000000       4.496184204581625E-011   36.8000000000000     
   37.0000000000000       4.487299013765041E-011   37.0000000000000     
   37.2000000000000       4.478464504644202E-011   37.2000000000000     
   37.4000000000000       4.469681013057390E-011   37.4000000000000     
   37.6000000000000       4.460947418172107E-011   37.6000000000000     
   37.8000000000000       4.452263200647043E-011   37.8000000000000     
   38.0000000000000       4.443628438007395E-011   38.0000000000000     
   38.2000000000000       4.435042341748098E-011   38.2000000000000     
   38.4000000000000       4.426504428428972E-011   38.4000000000000     
   38.6000000000000       4.418014517253870E-011   38.6000000000000     
   38.8000000000000       4.409571856520036E-011   38.8000000000000     
   39.0000000000000       4.401176287449613E-011   39.0000000000000     
   39.2000000000000       4.392827371078862E-011   39.2000000000000     
   39.4000000000000       4.384524390125351E-011   39.4000000000000     
   39.6000000000000       4.376267505638247E-011   39.6000000000000     
   39.8000000000000       4.368055732507734E-011   39.8000000000000     
   40.0000000000000       4.359888674781886E-011   40.0000000000000     
   40.2000000000000       4.351766521257175E-011   40.2000000000000     
   40.4000000000000       4.343688318913469E-011   40.4000000000000     
   40.6000000000000       4.335653987329905E-011   40.6000000000000     
   40.8000000000000       4.327662881229982E-011   40.8000000000000     
   41.0000000000000       4.319714937587145E-011   41.0000000000000     
   41.2000000000000       4.311809529766031E-011   41.2000000000000     
   41.4000000000000       4.303946326362666E-011   41.4000000000000     
   41.6000000000000       4.296125004394889E-011   41.6000000000000     
   41.8000000000000       4.288345249117733E-011   41.8000000000000     
   42.0000000000000       4.280606753843278E-011   42.0000000000000     
   42.2000000000000       4.272909219764933E-011   42.2000000000000     
   42.4000000000000       4.265251789865443E-011   42.4000000000000     
   42.6000000000000       4.257634748111962E-011   42.6000000000000     
   42.8000000000000       4.250057536160839E-011   42.8000000000000     
   43.0000000000000       4.242519604478890E-011   43.0000000000000     
   43.2000000000000       4.235020974909936E-011   43.2000000000000     
   43.4000000000000       4.227561112670547E-011   43.4000000000000     
   43.6000000000000       4.220139491309374E-011   43.6000000000000     
   43.8000000000000       4.212756152922658E-011   43.8000000000000     
   44.0000000000000       4.205410864703329E-011   44.0000000000000     
   44.2000000000000       4.198102841359738E-011   44.2000000000000     
   44.4000000000000       4.190832143951606E-011   44.4000000000000     
   44.6000000000000       4.183598280775676E-011   44.6000000000000     
   44.8000000000000       4.176401045841465E-011   44.8000000000000     
   45.0000000000000       4.169239961091791E-011   45.0000000000000     
   45.2000000000000       4.162115110624843E-011   45.2000000000000     
   45.4000000000000       4.155025751272891E-011   45.4000000000000     
   45.6000000000000       4.147971978487925E-011   45.6000000000000     
   45.8000000000000       4.140953338842884E-011   45.8000000000000     
   46.0000000000000       4.133969385626204E-011   46.0000000000000     
   46.2000000000000       4.127020229876185E-011   46.2000000000000     
   46.4000000000000       4.120105160494634E-011   46.4000000000000     
   46.6000000000000       4.113224023911179E-011   46.6000000000000     
   46.8000000000000       4.106376945769925E-011   46.8000000000000     
   47.0000000000000       4.099562958560422E-011   47.0000000000000     
   47.2000000000000       4.092782472350524E-011   47.2000000000000     
   47.4000000000000       4.086034805341019E-011   47.4000000000000     
   47.6000000000000       4.079319829004648E-011   47.6000000000000     
   47.8000000000000       4.072637419087999E-011   47.8000000000000     
   48.0000000000000       4.065986911042956E-011   48.0000000000000     
   48.2000000000000       4.059368462965457E-011   48.2000000000000     
   48.4000000000000       4.052781692474541E-011   48.4000000000000     
   48.6000000000000       4.046226493714540E-011   48.6000000000000     
   48.8000000000000       4.039702223090717E-011   48.8000000000000     
   49.0000000000000       4.033209054934792E-011   49.0000000000000     
   49.2000000000000       4.026746355601568E-011   49.2000000000000     
   49.4000000000000       4.020314307046408E-011   49.4000000000000     
   49.6000000000000       4.013912554599771E-011   49.6000000000000     
   49.8000000000000       4.007540479459591E-011   49.8000000000000     
   50.0000000000000       4.001198543620028E-011   50.0000000000000     
   50.2000000000000       3.994885868065538E-011   50.2000000000000     
   50.4000000000000       3.988602653012159E-011   50.4000000000000     
   50.6000000000000       3.982348565237361E-011   50.6000000000000     
   50.8000000000000       3.976123276008622E-011   50.8000000000000     
   51.0000000000000       3.969926461009204E-011   51.0000000000000     
   51.2000000000000       3.963758333366181E-011   51.2000000000000     
   51.4000000000000       3.957618309099259E-011   51.4000000000000     
   51.6000000000000       3.951506341542204E-011   51.6000000000000     
   51.8000000000000       3.945422386795729E-011   51.8000000000000     
   52.0000000000000       3.939365873321546E-011   52.0000000000000     
   52.2000000000000       3.933336499799649E-011   52.2000000000000     
   52.4000000000000       3.927334762341439E-011   52.4000000000000     
   52.6000000000000       3.921359571945702E-011   52.6000000000000     
   52.8000000000000       3.915411430413047E-011   52.8000000000000     
   53.0000000000000       3.909490048823688E-011   53.0000000000000     
   53.2000000000000       3.903594878833237E-011   53.2000000000000     
   53.4000000000000       3.897725902720898E-011   53.4000000000000     
   53.6000000000000       3.891883105031645E-011   53.6000000000000     
   53.8000000000000       3.886065948236506E-011   53.8000000000000     
   54.0000000000000       3.880274423261139E-011   54.0000000000000     
   54.2000000000000       3.874508523149610E-011   54.2000000000000     
   54.4000000000000       3.868767720706264E-011   54.4000000000000     
   54.6000000000000       3.863052275880301E-011   54.6000000000000     
   54.8000000000000       3.857361407280297E-011   54.8000000000000     
   55.0000000000000       3.851695640257180E-011   55.0000000000000     
   55.2000000000000       3.846054200185560E-011   55.2000000000000     
   55.4000000000000       3.840437356304062E-011   55.4000000000000     
   55.6000000000000       3.834844600742842E-011   55.6000000000000     
   55.8000000000000       3.829275688863832E-011   55.8000000000000     
   56.0000000000000       3.823730896170466E-011   56.0000000000000     
   56.2000000000000       3.818209723830919E-011   56.2000000000000     
   56.4000000000000       3.812712193075004E-011   56.4000000000000     
   56.6000000000000       3.807238069130534E-011   56.6000000000000     
   56.8000000000000       3.801787120067296E-011   56.8000000000000     
   57.0000000000000       3.796359116754577E-011   57.0000000000000     
   57.2000000000000       3.790954089488228E-011   57.2000000000000     
   57.4000000000000       3.785571813673703E-011   57.4000000000000     
   57.6000000000000       3.780212067399039E-011   57.6000000000000     
   57.8000000000000       3.774874887128862E-011   57.8000000000000     
   58.0000000000000       3.769559799845261E-011   58.0000000000000     
   58.2000000000000       3.764266846567381E-011   58.2000000000000     
   58.4000000000000       3.758995814804350E-011   58.4000000000000     
   58.6000000000000       3.753746749063420E-011   58.6000000000000     
   58.8000000000000       3.748519440895027E-011   58.8000000000000     
   59.0000000000000       3.743313430390512E-011   59.0000000000000     
   59.2000000000000       3.738129022012275E-011   59.2000000000000     
   59.4000000000000       3.732965507020884E-011   59.4000000000000     
   59.6000000000000       3.727823446335546E-011   59.6000000000000     
   59.8000000000000       3.722702136147633E-011   59.8000000000000     
   60.0000000000000       3.717601634465144E-011   60.0000000000000     
   60.2000000000000       3.712522000330165E-011   60.2000000000000     
   60.4000000000000       3.707462790226995E-011   60.4000000000000     
   60.6000000000000       3.702423815493706E-011   60.6000000000000     
   60.8000000000000       3.697405391994232E-011   60.8000000000000     
   61.0000000000000       3.692406831755752E-011   61.0000000000000     
   61.2000000000000       3.687428453663280E-011   61.2000000000000     
   61.4000000000000       3.682469825379996E-011   61.4000000000000     
   61.6000000000000       3.677531017808625E-011   61.6000000000000     
   61.8000000000000       3.672611852961990E-011   61.8000000000000     
   62.0000000000000       3.667711905396074E-011   62.0000000000000     
   62.2000000000000       3.662831500216899E-011   62.2000000000000     
   62.4000000000000       3.657970464425743E-011   62.4000000000000     
   62.6000000000000       3.653128378357326E-011   62.6000000000000     
   62.8000000000000       3.648305321939462E-011   62.8000000000000     
   63.0000000000000       3.643501127805810E-011   63.0000000000000     
