  -1.96000000089407      -2.176764962757796E-003 -2.176764962757797E-003
  -1.92000000178814      -2.365502901805460E-003 -2.365502901805461E-003
  -1.88000000268221      -2.544965772411328E-003 -2.544965772411326E-003
  -1.84000000357628      -2.715348238687467E-003 -2.715348238687468E-003
  -1.80000000447035      -2.876835189292278E-003 -2.876835189292274E-003
  -1.76000000536442      -3.029603690097437E-003 -3.029603690097429E-003
  -1.72000000625849      -3.173824776076232E-003 -3.173824776076243E-003
  -1.68000000715256      -3.309665081740020E-003 -3.309665081740023E-003
  -1.64000000804663      -3.437288311405050E-003 -3.437288311405045E-003
  -1.60000000894070      -3.556856552257154E-003 -3.556856552257149E-003
  -1.56000000983477      -3.668531434608315E-003 -3.668531434608310E-003
  -1.52000001072884      -3.772475144923356E-003 -3.772475144923359E-003
  -1.48000001162291      -3.868851298153884E-003 -3.868851298153889E-003
  -1.44000001251698      -3.957825676669184E-003 -3.957825676669180E-003
  -1.40000001341105      -4.039566843639840E-003 -4.039566843639836E-003
  -1.36000001430511      -4.114246639128404E-003 -4.114246639128408E-003
  -1.32000001519918      -4.182040567390770E-003 -4.182040567390770E-003
  -1.28000001609325      -4.243128084011536E-003 -4.243128084011539E-003
  -1.24000001698732      -4.297692791501796E-003 -4.297692791501797E-003
  -1.20000001788139      -4.345922551895602E-003 -4.345922551895602E-003
  -1.16000001877546      -4.388009524706578E-003 -4.388009524706579E-003
  -1.12000001966953      -4.424150138361368E-003 -4.424150138361370E-003
  -1.08000002056360      -4.454545002925797E-003 -4.454545002925798E-003
  -1.04000002145767      -4.479398771592482E-003 -4.479398771592475E-003
  -1.00000002235174      -4.498919958016202E-003 -4.498919958016201E-003
 -0.960000023245811      -4.513320716174698E-003 -4.513320716174697E-003
 -0.920000024139881      -4.522816589004611E-003 -4.522816589004605E-003
 -0.880000025033951      -4.527626231623911E-003 -4.527626231623914E-003
 -0.840000025928020      -4.527971114507858E-003 -4.527971114507855E-003
 -0.800000026822090      -4.524075211541280E-003 -4.524075211541276E-003
 -0.760000027716160      -4.516164677431405E-003 -4.516164677431405E-003
 -0.720000028610229      -4.504467518534179E-003 -4.504467518534182E-003
 -0.680000029504299      -4.489213260729211E-003 -4.489213260729210E-003
 -0.640000030398369      -4.470632617574412E-003 -4.470632617574417E-003
 -0.600000031292439      -4.448957161585296E-003 -4.448957161585295E-003
 -0.560000032186508      -4.424419001116045E-003 -4.424419001116049E-003
 -0.520000033080578      -4.397250464972845E-003 -4.397250464972845E-003
 -0.480000033974648      -4.367683796564330E-003 -4.367683796564332E-003
 -0.440000034868717      -4.335950859091289E-003 -4.335950859091288E-003
 -0.400000035762787      -4.302282852997613E-003 -4.302282852997614E-003
 -0.360000036656857      -4.266910046648583E-003 -4.266910046648583E-003
 -0.320000037550926      -4.230061520969190E-003 -4.230061520969197E-003
 -0.280000038444996      -4.191964928566569E-003 -4.191964928566572E-003
 -0.240000039339066      -4.152846267674906E-003 -4.152846267674907E-003
 -0.200000040233135      -4.112929671099203E-003 -4.112929671099209E-003
 -0.160000041127205      -4.072437210195325E-003 -4.072437210195328E-003
 -0.120000042021275      -4.031588713807742E-003 -4.031588713807742E-003
 -8.000004291534424E-002 -3.990601601992837E-003 -3.990601601992843E-003
 -4.000004380941391E-002 -3.949690734284275E-003 -3.949690734284276E-003
 -4.470348358154297E-008 -3.909068272206932E-003 -3.909068272206931E-003
  3.999995440244675E-002 -3.868943555717649E-003 -3.868943555717656E-003
  7.999995350837708E-002 -3.829522993243176E-003 -3.829522993243173E-003
  0.119999952614307      -3.791009964998361E-003 -3.791009964998364E-003
  0.159999951720238      -3.753604739300398E-003 -3.753604739300398E-003
  0.199999950826168      -3.717504401646745E-003 -3.717504401646752E-003
  0.239999949932098      -3.682902796395805E-003 -3.682902796395810E-003
  0.279999949038029      -3.649990480978802E-003 -3.649990480978809E-003
  0.319999948143959      -3.618954692679257E-003 -3.618954692679259E-003
  0.359999947249889      -3.589979328141826E-003 -3.589979328141825E-003
  0.399999946355820      -3.563244935914631E-003 -3.563244935914632E-003
  0.439999945461750      -3.538928722487897E-003 -3.538928722487897E-003
  0.479999944567680      -3.517204572466547E-003 -3.517204572466544E-003
  0.519999943673611      -3.498243083703940E-003 -3.498243083703932E-003
  0.559999942779541      -3.482211618427534E-003 -3.482211618427534E-003
  0.599999941885471      -3.469274371604682E-003 -3.469274371604679E-003
  0.639999940991402      -3.459592458025074E-003 -3.459592458025071E-003
  0.679999940097332      -3.453324019816856E-003 -3.453324019816855E-003
  0.719999939203262      -3.450624356361740E-003 -3.450624356361745E-003
  0.759999938309193      -3.451646078831053E-003 -3.451646078831055E-003
  0.799999937415123      -3.456539291826232E-003 -3.456539291826236E-003
  0.839999936521053      -3.465451804872175E-003 -3.465451804872171E-003
  0.879999935626984      -3.478529376776284E-003 -3.478529376776287E-003
  0.919999934732914      -3.495915996128815E-003 -3.495915996128817E-003
  0.959999933838844      -3.517754201475050E-003 -3.517754201475045E-003
  0.999999932944775      -3.544185444935536E-003 -3.544185444935534E-003
   1.03999993205070      -3.575350503280587E-003 -3.575350503280587E-003
   1.07999993115664      -3.611389940674892E-003 -3.611389940674896E-003
   1.11999993026257      -3.652444627492524E-003 -3.652444627492529E-003
   1.15999992936850      -3.698656319753999E-003 -3.698656319753995E-003
   1.19999992847443      -3.750168303849167E-003 -3.750168303849167E-003
   1.23999992758036      -3.807126111274812E-003 -3.807126111274818E-003
   1.27999992668629      -3.869678308125209E-003 -3.869678308125206E-003
   1.31999992579222      -3.937977364017472E-003 -3.937977364017472E-003
   1.35999992489815      -4.012180605004086E-003 -4.012180605004089E-003
   1.39999992400408      -4.092451254807965E-003 -4.092451254807968E-003
   1.43999992311001      -4.178959568403817E-003 -4.178959568403817E-003
   1.47999992221594      -4.271884061549346E-003 -4.271884061549342E-003
   1.51999992132187      -4.371412839330254E-003 -4.371412839330258E-003
   1.55999992042780      -4.477745026113630E-003 -4.477745026113626E-003
   1.59999991953373      -4.591092298491982E-003 -4.591092298491990E-003
   1.63999991863966      -4.711680521839437E-003 -4.711680521839439E-003
   1.67999991774559      -4.839751489979431E-003 -4.839751489979433E-003
   1.71999991685152      -4.975564766181818E-003 -4.975564766181816E-003
   1.75999991595745      -5.119399622260455E-003 -5.119399622260458E-003
   1.79999991506338      -5.271557070942387E-003 -5.271557070942387E-003
   1.83999991416931      -5.432361984938195E-003 -5.432361984938203E-003
   1.87999991327524      -5.602165294292671E-003 -5.602165294292673E-003
   1.91999991238117      -5.781346251677724E-003 -5.781346251677724E-003
   1.95999991148710      -5.970314753379378E-003 -5.970314753379381E-003
   1.99999991059303      -6.169513701927176E-003 -6.169513701927181E-003
