  -1.98000000044703      -5.698822349299786E-010 -5.698822349299766E-010
  -1.96000000089407      -1.008928457661017E-009 -1.008928457661012E-009
  -1.94000000134110      -1.398922001941610E-009 -1.398922001941615E-009
  -1.92000000178814      -1.713360295563651E-009 -1.713360295563654E-009
  -1.90000000223517      -1.946539988981380E-009 -1.946539988981380E-009
  -1.88000000268221      -2.104246554378806E-009 -2.104246554378808E-009
  -1.86000000312924      -2.198106557736486E-009 -2.198106557736485E-009
  -1.84000000357628      -2.241960976266602E-009 -2.241960976266600E-009
  -1.82000000402331      -2.249553952073223E-009 -2.249553952073224E-009
  -1.80000000447035      -2.233142802584757E-009 -2.233142802584759E-009
  -1.78000000491738      -2.202765943568380E-009 -2.202765943568380E-009
  -1.76000000536442      -2.165974635516385E-009 -2.165974635516386E-009
  -1.74000000581145      -2.127879596714798E-009 -2.127879596714799E-009
  -1.72000000625849      -2.091397461867149E-009 -2.091397461867147E-009
  -1.70000000670552      -2.057609497240813E-009 -2.057609497240814E-009
  -1.68000000715256      -2.026167694858859E-009 -2.026167694858857E-009
  -1.66000000759959      -1.995702121130933E-009 -1.995702121130932E-009
  -1.64000000804663      -1.964198626420226E-009 -1.964198626420224E-009
  -1.62000000849366      -1.929328093611468E-009 -1.929328093611468E-009
  -1.60000000894070      -1.888717680880699E-009 -1.888717680880700E-009
  -1.58000000938773      -1.840161376138640E-009 -1.840161376138640E-009
  -1.56000000983477      -1.781772011060917E-009 -1.781772011060917E-009
  -1.54000001028180      -1.712080051894514E-009 -1.712080051894514E-009
  -1.52000001072884      -1.630086336816394E-009 -1.630086336816393E-009
  -1.50000001117587      -1.535276774163652E-009 -1.535276774163652E-009
  -1.48000001162291      -1.427607119857459E-009 -1.427607119857458E-009
  -1.46000001206994      -1.307465540504307E-009 -1.307465540504308E-009
  -1.44000001251698      -1.175619924014538E-009 -1.175619924014537E-009
  -1.42000001296401      -1.033155966524179E-009 -1.033155966524179E-009
  -1.40000001341105      -8.814110529139793E-010 -8.814110529139788E-010
  -1.38000001385808      -7.219079385854866E-010 -7.219079385854846E-010
  -1.36000001430511      -5.562912878988613E-010 -5.562912878988606E-010
  -1.34000001475215      -3.862692652437719E-010 -3.862692652437693E-010
  -1.32000001519918      -2.135616277735017E-010 -2.135616277735013E-010
  -1.30000001564622      -3.985514210352978E-011 -3.985514210353089E-011
  -1.28000001609325       1.332333602249289E-010  1.332333602249289E-010
  -1.26000001654029       3.041863689543450E-010  3.041863689543455E-010
  -1.24000001698732       4.716078971896617E-010  4.716078971896620E-010
  -1.22000001743436       6.342390786892809E-010  6.342390786892811E-010
  -1.20000001788139       7.909678699295182E-010  7.909678699295173E-010
  -1.18000001832843       9.408336353366221E-010  9.408336353366217E-010
  -1.16000001877546       1.083027414296398E-009  1.083027414296397E-009
  -1.14000001922250       1.216888651724304E-009  1.216888651724305E-009
  -1.12000001966953       1.341899130273679E-009  1.341899130273679E-009
  -1.10000002011657       1.457674780322718E-009  1.457674780322719E-009
  -1.08000002056360       1.563955970883124E-009  1.563955970883124E-009
  -1.06000002101064       1.660596806257995E-009  1.660596806257996E-009
  -1.04000002145767       1.747553874112049E-009  1.747553874112049E-009
  -1.02000002190471       1.824874813939562E-009  1.824874813939564E-009
  -1.00000002235174       1.892687003076386E-009  1.892687003076388E-009
 -0.980000022798777       1.951186591958879E-009  1.951186591958878E-009
 -0.960000023245811       2.000628062165520E-009  2.000628062165520E-009
 -0.940000023692846       2.041314430258094E-009  2.041314430258095E-009
 -0.920000024139881       2.073588177538308E-009  2.073588177538307E-009
 -0.900000024586916       2.097822950233934E-009  2.097822950233934E-009
 -0.880000025033951       2.114416045806764E-009  2.114416045806763E-009
 -0.860000025480986       2.123781678389140E-009  2.123781678389140E-009
 -0.840000025928020       2.126344999093444E-009  2.126344999093444E-009
 -0.820000026375055       2.122536834367614E-009  2.122536834367614E-009
 -0.800000026822090       2.112789096968952E-009  2.112789096968954E-009
 -0.780000027269125       2.097530818816362E-009  2.097530818816361E-009
 -0.760000027716160       2.077184752328861E-009  2.077184752328860E-009
 -0.740000028163195       2.052164486301911E-009  2.052164486301910E-009
 -0.720000028610229       2.022872023416700E-009  2.022872023416699E-009
 -0.700000029057264       1.989695768694996E-009  1.989695768694996E-009
 -0.680000029504299       1.953008881244207E-009  1.953008881244206E-009
 -0.660000029951334       1.913167945188294E-009  1.913167945188294E-009
 -0.640000030398369       1.870511919511911E-009  1.870511919511910E-009
 -0.620000030845404       1.825361330470410E-009  1.825361330470409E-009
 -0.600000031292439       1.778017674096320E-009  1.778017674096318E-009
 -0.580000031739473       1.728763000058988E-009  1.728763000058987E-009
 -0.560000032186508       1.677859651638304E-009  1.677859651638304E-009
 -0.540000032633543       1.625550139810583E-009  1.625550139810583E-009
 -0.520000033080578       1.572057132391405E-009  1.572057132391405E-009
 -0.500000033527613       1.517583541829797E-009  1.517583541829797E-009
 -0.480000033974648       1.462312697606624E-009  1.462312697606624E-009
 -0.460000034421682       1.406408591271532E-009  1.406408591271532E-009
 -0.440000034868717       1.350016183978970E-009  1.350016183978972E-009
 -0.420000035315752       1.293261767979477E-009  1.293261767979478E-009
 -0.400000035762787       1.236253374914009E-009  1.236253374914008E-009
 -0.380000036209822       1.179081224974749E-009  1.179081224974749E-009
 -0.360000036656857       1.121818212061552E-009  1.121818212061552E-009
 -0.340000037103891       1.064520421004831E-009  1.064520421004830E-009
 -0.320000037550926       1.007227673766398E-009  1.007227673766398E-009
 -0.300000037997961       9.499641022908467E-010  9.499641022908473E-010
 -0.280000038444996       8.927387463791207E-010  8.927387463791209E-010
 -0.260000038892031       8.355461756102011E-010  8.355461756102011E-010
 -0.240000039339066       7.783671349581041E-010  7.783671349581040E-010
 -0.220000039786100       7.211692143518770E-010  7.211692143518770E-010
 -0.200000040233135       6.639075430124425E-010  6.639075430124423E-010
 -0.180000040680170       6.065255099804016E-010  6.065255099804020E-010
 -0.160000041127205       5.489555128252962E-010  5.489555128252962E-010
 -0.140000041574240       4.911197371018614E-010  4.911197371018623E-010
 -0.120000042021275       4.329309696940213E-010  4.329309696940213E-010
 -0.100000042468309       3.742934497583754E-010  3.742934497583755E-010
 -8.000004291534424E-002  3.151037615459872E-010  3.151037615459871E-010
 -6.000004336237907E-002  2.552517739360250E-010  2.552517739360256E-010
 -4.000004380941391E-002  1.946216320539850E-010  1.946216320539849E-010
 -2.000004425644875E-002  1.330928068599994E-010  1.330928068599994E-010
 -4.470348358154297E-008  7.054120907139061E-011  7.054120907139039E-011
  1.999995484948158E-002  6.840374215394027E-012  6.840374215393758E-012
  3.999995440244675E-002 -5.813727401984265E-011 -5.813727401984268E-011
  5.999995395541191E-002 -1.245190746711097E-010 -1.245190746711100E-010
  7.999995350837708E-002 -1.924306869538286E-010 -1.924306869538287E-010
  9.999995306134224E-002 -2.619945465227069E-010 -2.619945465227069E-010
  0.119999952614307      -3.333282128215686E-010 -3.333282128215685E-010
  0.139999952167273      -4.065426000069699E-010 -4.065426000069695E-010
  0.159999951720238      -4.817400843194136E-010 -4.817400843194133E-010
  0.179999951273203      -5.590124813829359E-010 -5.590124813829355E-010
  0.199999950826168      -6.384388877707058E-010 -6.384388877707057E-010
  0.219999950379133      -7.200833823187162E-010 -7.200833823187156E-010
  0.239999949932098      -8.039925841391609E-010 -8.039925841391603E-010
  0.259999949485064      -8.901930661228833E-010 -8.901930661228832E-010
  0.279999949038029      -9.786886249696202E-010 -9.786886249696200E-010
  0.299999948590994      -1.069457411492429E-009 -1.069457411492429E-009
  0.319999948143959      -1.162448928156760E-009 -1.162448928156760E-009
  0.339999947696924      -1.257580904582735E-009 -1.257580904582736E-009
  0.359999947249889      -1.354736066110615E-009 -1.354736066110615E-009
  0.379999946802855      -1.453758815549871E-009 -1.453758815549870E-009
  0.399999946355820      -1.554451853945115E-009 -1.554451853945114E-009
  0.419999945908785      -1.656572772635658E-009 -1.656572772635658E-009
  0.439999945461750      -1.759830656088878E-009 -1.759830656088878E-009
  0.459999945014715      -1.863882742971474E-009 -1.863882742971475E-009
  0.479999944567680      -1.968331201690585E-009 -1.968331201690585E-009
  0.499999944120646      -2.072720086177884E-009 -2.072720086177885E-009
  0.519999943673611      -2.176532547965694E-009 -2.176532547965693E-009
  0.539999943226576      -2.279188391553965E-009 -2.279188391553965E-009
  0.559999942779541      -2.380042071590082E-009 -2.380042071590083E-009
  0.579999942332506      -2.478381242343924E-009 -2.478381242343924E-009
  0.599999941885471      -2.573425982170946E-009 -2.573425982170945E-009
  0.619999941438437      -2.664328827875307E-009 -2.664328827875308E-009
  0.639999940991402      -2.750175765808520E-009 -2.750175765808520E-009
  0.659999940544367      -2.829988337789231E-009 -2.829988337789231E-009
  0.679999940097332      -2.902727030048415E-009 -2.902727030048413E-009
  0.699999939650297      -2.967296121845271E-009 -2.967296121845272E-009
  0.719999939203262      -3.022550176517923E-009 -3.022550176517924E-009
  0.739999938756227      -3.067302360782205E-009 -3.067302360782204E-009
  0.759999938309193      -3.100334777215991E-009 -3.100334777215990E-009
  0.779999937862158      -3.120410989098075E-009 -3.120410989098075E-009
  0.799999937415123      -3.126290905032195E-009 -3.126290905032195E-009
  0.819999936968088      -3.116748171896852E-009 -3.116748171896855E-009
  0.839999936521053      -3.090590197343337E-009 -3.090590197343337E-009
  0.859999936074018      -3.046680885966507E-009 -3.046680885966506E-009
  0.879999935626984      -2.983966124994907E-009 -2.983966124994908E-009
  0.899999935179949      -2.901501994477644E-009 -2.901501994477646E-009
  0.919999934732914      -2.798485602113209E-009 -2.798485602113209E-009
  0.939999934285879      -2.674288352802487E-009 -2.674288352802487E-009
  0.959999933838844      -2.528491356634993E-009 -2.528491356634994E-009
  0.979999933391809      -2.360922555539453E-009 -2.360922555539455E-009
  0.999999932944775      -2.171695007864544E-009 -2.171695007864545E-009
   1.01999993249774      -1.961245611875051E-009 -1.961245611875051E-009
   1.03999993205070      -1.730373374445505E-009 -1.730373374445506E-009
   1.05999993160367      -1.480276141919573E-009 -1.480276141919575E-009
   1.07999993115664      -1.212584509121119E-009 -1.212584509121121E-009
   1.09999993070960      -9.293914141630397E-010 -9.293914141630405E-010
   1.11999993026257      -6.332757169387991E-010 -6.332757169388001E-010
   1.13999992981553      -3.273178558154435E-010 -3.273178558154444E-010
   1.15999992936850      -1.510549004893955E-011 -1.510549004893958E-011
   1.17999992892146       2.992731228327649E-010  2.992731228327646E-010
   1.19999992847443       6.112503800125501E-010  6.112503800125502E-010
   1.21999992802739       9.158176352299141E-010  9.158176352299138E-010
   1.23999992758036       1.207582939191197E-009  1.207582939191196E-009
   1.25999992713332       1.480850474204307E-009  1.480850474204307E-009
   1.27999992668629       1.729723673630622E-009  1.729723673630622E-009
   1.29999992623925       1.948233592861176E-009  1.948233592861175E-009
   1.31999992579222       2.130493486808438E-009  2.130493486808436E-009
   1.33999992534518       2.270879720286970E-009  2.270879720286970E-009
   1.35999992489815       2.364238064624506E-009  2.364238064624507E-009
   1.37999992445111       2.406113092616966E-009  2.406113092616967E-009
   1.39999992400408       2.392996757258410E-009  2.392996757258409E-009
   1.41999992355704       2.322590320339049E-009  2.322590320339049E-009
   1.43999992311001       2.194071592181697E-009  2.194071592181696E-009
   1.45999992266297       2.008356980207868E-009  2.008356980207868E-009
   1.47999992221594       1.768345174037129E-009  1.768345174037127E-009
   1.49999992176890       1.479126503305805E-009  1.479126503305805E-009
   1.51999992132187       1.148139216439442E-009  1.148139216439442E-009
   1.53999992087483       7.852513177821615E-010  7.852513177821618E-010
   1.55999992042780       4.027443973044172E-010  4.027443973044164E-010
   1.57999991998076       1.517438738995401E-011  1.517438738995533E-011
   1.59999991953373      -3.609162464979439E-010 -3.609162464979445E-010
   1.61999991908669      -7.074592830745499E-010 -7.074592830745506E-010
   1.63999991863966      -1.005515753121566E-009 -1.005515753121566E-009
   1.65999991819263      -1.236140644783959E-009 -1.236140644783958E-009
   1.67999991774559      -1.381463637066901E-009 -1.381463637066900E-009
   1.69999991729856      -1.425978972025595E-009 -1.425978972025595E-009
   1.71999991685152      -1.358019486870460E-009 -1.358019486870460E-009
   1.73999991640449      -1.171366071449162E-009 -1.171366071449161E-009
   1.75999991595745      -8.669136148995115E-010 -8.669136148995133E-010
   1.77999991551042      -4.542771206580184E-010 -4.542771206580174E-010
   1.79999991506338       4.682359958228595E-011  4.682359958228490E-011
   1.81999991461635       6.056161514034201E-010  6.056161514034208E-010
   1.83999991416931       1.180043862070240E-009  1.180043862070240E-009
   1.85999991372228       1.717604998547602E-009  1.717604998547601E-009
   1.87999991327524       2.157710840576300E-009  2.157710840576298E-009
   1.89999991282821       2.436134759444554E-009  2.436134759444553E-009
   1.91999991238117       2.492315396008565E-009  2.492315396008566E-009
   1.93999991193414       2.280632734785182E-009  2.280632734785182E-009
   1.95999991148710       1.787593622233627E-009  1.787593622233623E-009
   1.97999991104007       1.059205781707237E-009  1.059205781707236E-009
   1.99999991059303       2.517291849189453E-010  2.517291849189456E-010
