  -1.96000000089407       1.619761416180181E-009  1.619761416180175E-009
  -1.92000000178814       1.919507216267898E-009  1.919507216267894E-009
  -1.88000000268221       6.798359535853707E-010  6.798359535853704E-010
  -1.84000000357628      -5.933225048724090E-010 -5.933225048724069E-010
  -1.80000000447035      -1.249857702387692E-009 -1.249857702387689E-009
  -1.76000000536442      -1.263489121958200E-009 -1.263489121958197E-009
  -1.72000000625849      -8.731979815445147E-010 -8.731979815445144E-010
  -1.68000000715256      -3.514883563780022E-010 -3.514883563780019E-010
  -1.64000000804663       1.006675200830753E-010  1.006675200830748E-010
  -1.60000000894070       3.784117651861483E-010  3.784117651861477E-010
  -1.56000000983477       4.580249175329121E-010  4.580249175329128E-010
  -1.52000001072884       3.688002864850566E-010  3.688002864850570E-010
  -1.48000001162291       1.657831674860844E-010  1.657831674860824E-010
  -1.44000001251698      -9.084054960177314E-011 -9.084054960177351E-011
  -1.40000001341105      -3.485906292982130E-010 -3.485906292982125E-010
  -1.36000001430511      -5.688819666311871E-010 -5.688819666311870E-010
  -1.32000001519918      -7.284212664049921E-010 -7.284212664049927E-010
  -1.28000001609325      -8.176564084750452E-010 -8.176564084750455E-010
  -1.24000001698732      -8.377698351397603E-010 -8.377698351397603E-010
  -1.20000001788139      -7.972667936202932E-010 -7.972667936202932E-010
  -1.16000001877546      -7.088068226598237E-010 -7.088068226598230E-010
  -1.12000001966953      -5.866115219641890E-010 -5.866115219641894E-010
  -1.08000002056360      -4.445611150665393E-010 -4.445611150665399E-010
  -1.04000002145767      -2.949546501519994E-010 -2.949546501519991E-010
  -1.00000002235174      -1.478349134076620E-010 -1.478349134076631E-010
 -0.960000023245811      -1.075004542437608E-011 -1.075004542437564E-011
 -0.920000024139881       1.111769048318632E-010  1.111769048318634E-010
 -0.880000025033951       2.149842002766394E-010  2.149842002766395E-010
 -0.840000025928020       2.995050511872248E-010  2.995050511872245E-010
 -0.800000026822090       3.649668866487788E-010  3.649668866487781E-010
 -0.760000027716160       4.126029951421736E-010  4.126029951421734E-010
 -0.720000028610229       4.443053079440238E-010  4.443053079440239E-010
 -0.680000029504299       4.623331573680566E-010  4.623331573680569E-010
 -0.640000030398369       4.690827463430197E-010  4.690827463430211E-010
 -0.600000031292439       4.669152995417374E-010  4.669152995417382E-010
 -0.560000032186508       4.580377780809207E-010  4.580377780809196E-010
 -0.520000033080578       4.444279740310008E-010  4.444279740310005E-010
 -0.480000033974648       4.277951690422793E-010  4.277951690422803E-010
 -0.440000034868717       4.095678540856202E-010  4.095678540856195E-010
 -0.400000035762787       3.909008821267849E-010  3.909008821267847E-010
 -0.360000036656857       3.726955797675291E-010  3.726955797675289E-010
 -0.320000037550926       3.556275804221125E-010  3.556275804221114E-010
 -0.280000038444996       3.401783324751120E-010  3.401783324751132E-010
 -0.240000039339066       3.266673059389638E-010  3.266673059389650E-010
 -0.200000040233135       3.152828336279628E-010  3.152828336279652E-010
 -0.160000041127205       3.061102673732998E-010  3.061102673733001E-010
 -0.120000042021275       2.991567127715740E-010  2.991567127715737E-010
 -8.000004291534424E-002  2.943720435640983E-010  2.943720435640973E-010
 -4.000004380941391E-002  2.916662097534715E-010  2.916662097534726E-010
 -4.470348358154297E-008  2.909230638309750E-010  2.909230638309753E-010
  3.999995440244675E-002  2.920110577051684E-010  2.920110577051684E-010
  7.999995350837708E-002  2.947912273120629E-010  2.947912273120627E-010
  0.119999952614307       2.991228975690554E-010  2.991228975690553E-010
  0.159999951720238       3.048675191554926E-010  3.048675191554914E-010
  0.199999950826168       3.118909992882637E-010  3.118909992882637E-010
  0.239999949932098       3.200648171890896E-010  3.200648171890894E-010
  0.279999949038029       3.292661250788555E-010  3.292661250788560E-010
  0.319999948143959       3.393769295273815E-010  3.393769295273817E-010
  0.359999947249889       3.502823273979235E-010  3.502823273979246E-010
  0.399999946355820       3.618676373729764E-010  3.618676373729764E-010
  0.439999945461750       3.740141256763749E-010  3.740141256763756E-010
  0.479999944567680       3.865928798459255E-010  3.865928798459258E-010
  0.519999943673611       3.994562490554347E-010  3.994562490554345E-010
  0.559999942779541       4.124261626013206E-010  4.124261626013204E-010
  0.599999941885471       4.252785885592589E-010  4.252785885592590E-010
  0.639999940991402       4.377234433669575E-010  4.377234433669575E-010
  0.679999940097332       4.493794658474575E-010  4.493794658474566E-010
  0.719999939203262       4.597439975564313E-010  4.597439975564323E-010
  0.759999938309193       4.681583524152678E-010  4.681583524152678E-010
  0.799999937415123       4.737706111952063E-010  4.737706111952065E-010
  0.839999936521053       4.754993419004929E-010  4.754993419004938E-010
  0.879999935626984       4.720040119436091E-010  4.720040119436099E-010
  0.919999934732914       4.616707645458707E-010  4.616707645458713E-010
  0.959999933838844       4.426257326781248E-010  4.426257326781248E-010
  0.999999932944775       4.127919554484007E-010  4.127919554484007E-010
   1.03999993205070       3.700097921938997E-010  3.700097921938996E-010
   1.07999993115664       3.122436784853576E-010  3.122436784853586E-010
   1.11999993026257       2.378988022622914E-010  2.378988022622921E-010
   1.15999992936850       1.462677924257450E-010  1.462677924257433E-010
   1.19999992847443       3.811698941542800E-011  3.811698941542806E-011
   1.23999992758036      -8.359938414468881E-011 -8.359938414468889E-011
   1.27999992668629      -2.129452567044430E-010 -2.129452567044439E-010
   1.31999992579222      -3.402333376074757E-010 -3.402333376074744E-010
   1.35999992489815      -4.514646775749304E-010 -4.514646775749285E-010
   1.39999992400408      -5.282656789844513E-010 -5.282656789844512E-010
   1.43999992311001      -5.487328294044075E-010 -5.487328294044069E-010
   1.47999992221594      -4.897140488196666E-010 -4.897140488196670E-010
   1.51999992132187      -3.311256677302285E-010 -3.311256677302275E-010
   1.55999992042780      -6.284002365752244E-011 -6.284002365752227E-011
   1.59999991953373       3.056668738400074E-010  3.056668738400078E-010
   1.63999991863966       7.335797104724335E-010  7.335797104724349E-010
   1.67999991774559       1.137312826972531E-009  1.137312826972529E-009
   1.71999991685152       1.384797279267254E-009  1.384797279267252E-009
   1.75999991595745       1.305644105038393E-009  1.305644105038392E-009
   1.79999991506338       7.337743525717123E-010  7.337743525717107E-010
   1.83999991416931      -3.946686065649471E-010 -3.946686065649484E-010
   1.87999991327524      -1.867458016507715E-009 -1.867458016507713E-009
   1.91999991238117      -2.965824656117630E-009 -2.965824656117631E-009
   1.95999991148710      -2.386837293315545E-009 -2.386837293315534E-009
   1.99999991059303       5.785808477223015E-010  5.785808477223045E-010
