  -1.98000000044703       4.378422531331126E-009  4.378422531331130E-009
  -1.96000000089407      -7.795070599004460E-010 -7.795070599004599E-010
  -1.94000000134110       4.144810625183356E-009  4.144810625183357E-009
  -1.92000000178814      -2.019553717372738E-009 -2.019553717372740E-009
  -1.90000000223517       1.836008757966943E-009  1.836008757966946E-009
  -1.88000000268221      -5.821903966998448E-009 -5.821903966998450E-009
  -1.86000000312924       4.430259898636528E-010  4.430259898636528E-010
  -1.84000000357628      -2.027861899353652E-009 -2.027861899353651E-009
  -1.82000000402331      -3.326437123770359E-009 -3.326437123770362E-009
  -1.80000000447035       4.098366517929876E-009  4.098366517929878E-009
  -1.78000000491738       2.128971425080414E-009  2.128971425080412E-009
  -1.76000000536442      -1.350599306859585E-009 -1.350599306859583E-009
  -1.74000000581145       3.080133863701366E-009  3.080133863701368E-009
  -1.72000000625849       3.961630341962313E-009  3.961630341962312E-009
  -1.70000000670552      -2.068937524379888E-009 -2.068937524379887E-009
  -1.68000000715256      -4.172104414077445E-009 -4.172104414077443E-009
  -1.66000000759959      -8.430449936664010E-011 -8.430449936663933E-011
  -1.64000000804663       1.618377840761367E-009  1.618377840761367E-009
  -1.62000000849366      -1.820913166317084E-009 -1.820913166317082E-009
  -1.60000000894070      -3.942978211735892E-009 -3.942978211735894E-009
  -1.58000000938773      -6.967347926201289E-010 -6.967347926201286E-010
  -1.56000000983477       3.831769811174967E-009  3.831769811174966E-009
  -1.54000001028180       4.108812119897659E-009  4.108812119897659E-009
  -1.52000001072884       4.265826250567890E-010  4.265826250567897E-010
  -1.50000001117587      -2.434497765962746E-009 -2.434497765962744E-009
  -1.48000001162291      -1.476975945910869E-009 -1.476975945910868E-009
  -1.46000001206994       1.545572878728892E-009  1.545572878728891E-009
  -1.44000001251698       2.835125631881289E-009  2.835125631881289E-009
  -1.42000001296401       8.012859183994988E-010  8.012859183994979E-010
  -1.40000001341105      -2.665048120013339E-009 -2.665048120013339E-009
  -1.38000001385808      -4.406037007059341E-009 -4.406037007059341E-009
  -1.36000001430511      -2.943480682766562E-009 -2.943480682766562E-009
  -1.34000001475215       5.058090722703353E-010  5.058090722703346E-010
  -1.32000001519918       3.342769353882797E-009  3.342769353882798E-009
  -1.30000001564622       3.707419535274199E-009  3.707419535274201E-009
  -1.28000001609325       1.676771212373655E-009  1.676771212373655E-009
  -1.26000001654029      -1.094091571469845E-009 -1.094091571469845E-009
  -1.24000001698732      -2.702136022117116E-009 -2.702136022117113E-009
  -1.22000001743436      -2.230269812261173E-009 -2.230269812261173E-009
  -1.20000001788139      -1.493086048880326E-010 -1.493086048880327E-010
  -1.18000001832843       2.164535616302322E-009  2.164535616302321E-009
  -1.16000001877546       3.330177973420993E-009  3.330177973420992E-009
  -1.14000001922250       2.702307500481726E-009  2.702307500481726E-009
  -1.12000001966953       6.034913265725657E-010  6.034913265725666E-010
  -1.10000002011657      -1.957677283611814E-009 -1.957677283611813E-009
  -1.08000002056360      -3.838770946613489E-009 -3.838770946613489E-009
  -1.06000002101064      -4.278553348875065E-009 -4.278553348875065E-009
  -1.04000002145767      -3.160552327388019E-009 -3.160552327388018E-009
  -1.02000002190471      -9.707739624173191E-010 -9.707739624173193E-010
  -1.00000002235174       1.467498030178877E-009  1.467498030178877E-009
 -0.980000022798777       3.333493389930594E-009  3.333493389930596E-009
 -0.960000023245811       4.084952555159553E-009  4.084952555159554E-009
 -0.940000023692846       3.589855203629407E-009  3.589855203629407E-009
 -0.920000024139881       2.103091527672382E-009  2.103091527672382E-009
 -0.900000024586916       1.305819929194998E-010  1.305819929194998E-010
 -0.880000025033951      -1.752564719415971E-009 -1.752564719415972E-009
 -0.860000025480986      -3.066957646900409E-009 -3.066957646900409E-009
 -0.840000025928020      -3.535468130769715E-009 -3.535468130769717E-009
 -0.820000026375055      -3.117091725347148E-009 -3.117091725347150E-009
 -0.800000026822090      -1.976870097204929E-009 -1.976870097204929E-009
 -0.780000027269125      -4.144934335340657E-010 -4.144934335340663E-010
 -0.760000027716160       1.221870679454988E-009  1.221870679454988E-009
 -0.740000028163195       2.613786664841442E-009  2.613786664841441E-009
 -0.720000028610229       3.528127898725854E-009  3.528127898725854E-009
 -0.700000029057264       3.844321999475292E-009  3.844321999475292E-009
 -0.680000029504299       3.555049870546595E-009  3.555049870546595E-009
 -0.660000029951334       2.746986083535411E-009  2.746986083535412E-009
 -0.640000030398369       1.570133959840048E-009  1.570133959840048E-009
 -0.620000030845404       2.039717084175643E-010  2.039717084175646E-010
 -0.600000031292439      -1.173172740140541E-009 -1.173172740140542E-009
 -0.580000031739473      -2.407514684164614E-009 -2.407514684164614E-009
 -0.560000032186508      -3.384331799186330E-009 -3.384331799186329E-009
 -0.540000032633543      -4.033860470431116E-009 -4.033860470431115E-009
 -0.520000033080578      -4.330066306761211E-009 -4.330066306761212E-009
 -0.500000033527613      -4.284391682358927E-009 -4.284391682358929E-009
 -0.480000033974648      -3.936667661054882E-009 -3.936667661054884E-009
 -0.460000034421682      -3.345107065477094E-009 -3.345107065477095E-009
 -0.440000034868717      -2.576835254195467E-009 -2.576835254195468E-009
 -0.420000035315752      -1.699901348016496E-009 -1.699901348016495E-009
 -0.400000035762787      -7.772397957067423E-010 -7.772397957067416E-010
 -0.380000036209822       1.373262822238669E-010  1.373262822238663E-010
 -0.360000036656857       1.001213079871641E-009  1.001213079871641E-009
 -0.340000037103891       1.783663548635286E-009  1.783663548635286E-009
 -0.320000037550926       2.465186252394659E-009  2.465186252394658E-009
 -0.300000037997961       3.036234384611912E-009  3.036234384611912E-009
 -0.280000038444996       3.495467645289460E-009  3.495467645289461E-009
 -0.260000038892031       3.847871565698146E-009  3.847871565698147E-009
 -0.240000039339066       4.102934534176406E-009  4.102934534176406E-009
 -0.220000039786100       4.273012895664962E-009  4.273012895664959E-009
 -0.200000040233135       4.371955203252004E-009  4.371955203252005E-009
 -0.180000040680170       4.414010568622604E-009  4.414010568622604E-009
 -0.160000041127205       4.413013180758433E-009  4.413013180758432E-009
 -0.140000041574240       4.381814007656272E-009  4.381814007656276E-009
 -0.120000042021275       4.331919281839843E-009  4.331919281839842E-009
 -0.100000042468309       4.273291216784738E-009  4.273291216784738E-009
 -8.000004291534424E-002  4.214267285098893E-009  4.214267285098891E-009
 -6.000004336237907E-002  4.161558439002482E-009  4.161558439002483E-009
 -4.000004380941391E-002  4.120292426050706E-009  4.120292426050705E-009
 -2.000004425644875E-002  4.094074831735017E-009  4.094074831735017E-009
 -4.470348358154297E-008  4.085047029467549E-009  4.085047029467549E-009
  1.999995484948158E-002  4.093926513368821E-009  4.093926513368821E-009
  3.999995440244675E-002  4.120021043369483E-009  4.120021043369484E-009
  5.999995395541191E-002  4.161213722913725E-009  4.161213722913724E-009
  7.999995350837708E-002  4.213921730874233E-009  4.213921730874230E-009
  9.999995306134224E-002  4.273037147470224E-009  4.273037147470226E-009
  0.119999952614307       4.331864325238430E-009  4.331864325238430E-009
  0.139999952167273       4.382074641834396E-009  4.382074641834397E-009
  0.159999951720238       4.413706148402341E-009  4.413706148402341E-009
  0.179999951273203       4.415242271942118E-009  4.415242271942116E-009
  0.199999950826168       4.373809700149943E-009  4.373809700149944E-009
  0.219999950379133       4.275539838242445E-009  4.275539838242447E-009
  0.239999949932098       4.106139300915463E-009  4.106139300915464E-009
  0.259999949485064       3.851710860232333E-009  3.851710860232333E-009
  0.279999949038029       3.499854806708165E-009  3.499854806708165E-009
  0.299999948590994       3.041059310562433E-009  3.041059310562432E-009
  0.319999948143959       2.470354792265482E-009  2.470354792265481E-009
  0.339999947696924       1.789159986249010E-009  1.789159986249011E-009
  0.359999947249889       1.007186338752986E-009  1.007186338752986E-009
  0.379999946802855       1.441952404842840E-010  1.441952404842839E-010
  0.399999946355820      -7.686742905771413E-010 -7.686742905771417E-010
  0.419999945908785      -1.688360338401388E-009 -1.688360338401388E-009
  0.439999945461750      -2.560515537781249E-009 -2.560515537781249E-009
  0.459999945014715      -3.321730060076868E-009 -3.321730060076868E-009
  0.479999944567680      -3.903674978367328E-009 -3.903674978367329E-009
  0.499999944120646      -4.239336891350145E-009 -4.239336891350147E-009
  0.519999943673611      -4.271235490492573E-009 -4.271235490492575E-009
  0.539999943226576      -3.961117164063602E-009 -3.961117164063602E-009
  0.559999942779541      -3.300121398079614E-009 -3.300121398079613E-009
  0.579999942332506      -2.317880973526775E-009 -2.317880973526775E-009
  0.599999941885471      -1.088544447486840E-009 -1.088544447486841E-009
  0.619999941438437       2.685529798848881E-010  2.685529798848882E-010
  0.639999940991402       1.595718963787848E-009  1.595718963787848E-009
  0.659999940544367       2.712694474535493E-009  2.712694474535493E-009
  0.679999940097332       3.441494937496316E-009  3.441494937496314E-009
  0.699999939650297       3.638346128039513E-009  3.638346128039514E-009
  0.719999939203262       3.228251423659176E-009  3.228251423659176E-009
  0.739999938756227       2.235233889746154E-009  2.235233889746153E-009
  0.759999938309193       7.995608577966334E-010  7.995608577966329E-010
  0.779999937862158      -8.268018590234255E-010 -8.268018590234244E-010
  0.799999937415123      -2.312769884702083E-009 -2.312769884702083E-009
  0.819999936968088      -3.309495787872807E-009 -3.309495787872809E-009
  0.839999936521053      -3.533013767464745E-009 -3.533013767464748E-009
  0.859999936074018      -2.851257627461192E-009 -2.851257627461192E-009
  0.879999935626984      -1.350692629125590E-009 -1.350692629125591E-009
  0.899999935179949       6.447659249343263E-010  6.447659249343276E-010
  0.919999934732914       2.623609500045749E-009  2.623609500045749E-009
  0.939999934285879       4.009555198623310E-009  4.009555198623310E-009
  0.959999933838844       4.335892368993617E-009  4.335892368993620E-009
  0.979999933391809       3.422335060592999E-009  3.422335060593001E-009
  0.999999932944775       1.487087285830174E-009  1.487087285830173E-009
   1.01999993249774      -8.693783096468969E-010 -8.693783096468963E-010
   1.03999993205070      -2.838031776730312E-009 -2.838031776730313E-009
   1.05999993160367      -3.699803526587380E-009 -3.699803526587383E-009
   1.07999993115664      -3.145931378434345E-009 -3.145931378434343E-009
   1.09999993070960      -1.472194901041000E-009 -1.472194901041000E-009
   1.11999993026257       4.841135998469363E-010  4.841135998469376E-010
   1.13999992981553       1.699028585901949E-009  1.699028585901949E-009
   1.15999992936850       1.489089913593344E-009  1.489089913593342E-009
   1.17999992892146      -4.919506537430940E-011 -4.919506537431020E-011
   1.19999992847443      -1.977215628481882E-009 -1.977215628481883E-009
   1.21999992802739      -2.968443449634743E-009 -2.968443449634743E-009
   1.23999992758036      -2.114303751773442E-009 -2.114303751773442E-009
   1.25999992713332       3.829806994204444E-010  3.829806994204434E-010
   1.27999992668629       3.159729843776317E-009  3.159729843776316E-009
   1.29999992623925       4.485828112042850E-009  4.485828112042848E-009
   1.31999992579222       3.495556688427210E-009  3.495556688427208E-009
   1.33999992534518       9.535860206223718E-010  9.535860206223697E-010
   1.35999992489815      -1.212110416601246E-009 -1.212110416601247E-009
   1.37999992445111      -1.479192965518497E-009 -1.479192965518498E-009
   1.39999992400408      -1.685856975319481E-010 -1.685856975319482E-010
   1.41999992355704       7.231965050108290E-010  7.231965050108285E-010
   1.43999992311001      -4.901488426328162E-010 -4.901488426328148E-010
   1.45999992266297      -3.144611737932765E-009 -3.144611737932767E-009
   1.47999992221594      -4.522784653594100E-009 -4.522784653594099E-009
   1.49999992176890      -2.756525864710218E-009 -2.756525864710217E-009
   1.51999992132187       6.981207426880475E-010  6.981207426880468E-010
   1.53999992087483       2.461462389142198E-009  2.461462389142197E-009
   1.55999992042780       1.530315878498632E-009  1.530315878498633E-009
   1.57999991998076       7.990470849269119E-010  7.990470849269119E-010
   1.59999991953373       2.668153007322817E-009  2.668153007322822E-009
   1.61999991908669       4.556344003240895E-009  4.556344003240897E-009
   1.63999991863966       2.411626351891362E-009  2.411626351891365E-009
   1.65999991819263      -1.873377286437125E-009 -1.873377286437127E-009
   1.67999991774559      -2.707698110145145E-009 -2.707698110145148E-009
   1.69999991729856      -1.160267201392868E-009 -1.160267201392868E-009
   1.71999991685152      -3.047680398959101E-009 -3.047680398959106E-009
   1.73999991640449      -5.290916116014753E-009 -5.290916116014757E-009
   1.75999991595745      -1.176632066820764E-009 -1.176632066820770E-009
   1.77999991551042       2.397737636770822E-009  2.397737636770825E-009
   1.79999991506338       3.718208892791496E-010  3.718208892791479E-010
   1.81999991461635       3.496990269205779E-009  3.496990269205788E-009
   1.83999991416931       5.871671547822635E-009  5.871671547822637E-009
   1.85999991372228      -3.904273130089285E-011 -3.904273130089064E-011
   1.87999991327524       2.284096875376199E-009  2.284096875376198E-009
   1.89999991282821      -2.508595837152317E-009 -2.508595837152319E-009
   1.91999991238117      -3.108481382779470E-009 -3.108481382779473E-009
   1.93999991193414      -3.886168076919497E-009 -3.886168076919497E-009
   1.95999991148710      -6.567712128058631E-010 -6.567712128058607E-010
   1.97999991104007      -3.109696367445927E-009 -3.109696367445927E-009
   1.99999991059303      -4.070662753662817E-010 -4.070662753662820E-010
