   69.9040674328202       -1.33648306299393        3.00000000000000     
   69.8294835181877      -0.117046837911229        4.00000000000000     
   69.7336288664222        1.10090199233607        5.00000000000000     
   69.6165326757791        2.31699242873574        6.00000000000000     
   69.4782306148925        3.53085403836032        7.00000000000000     
   69.3187648119099        4.74211706720458        8.00000000000000     
   69.1381838416596        5.95041255281616        9.00000000000000     
   68.9365427108546        7.15537243668513        10.0000000000000     
   68.7139028413365        8.35662967635814        11.0000000000000     
   68.4703320513664        9.55381835724315        12.0000000000000     
   68.2059045349665        10.7465738040706        13.0000000000000     
   67.9207008393197        11.9345326919767        14.0000000000000     
   67.6148078402348        13.1173331571765        15.0000000000000     
   67.2883187156823        14.2946149071899        16.0000000000000     
   66.9413329174125        15.4660193305916        17.0000000000000     
   66.5739561406607        16.6311896062463        18.0000000000000     
   66.1863002919522        17.7897708120010        19.0000000000000     
   65.7784834550136        18.9414100327968        20.0000000000000     
   65.3506298548041        20.0857564681710        21.0000000000000     
   64.9028698196751        21.2224615391138        22.0000000000000     
   64.4353397416708        22.3511789942492        23.0000000000000     
   63.9481820349821        23.4715650153060        24.0000000000000     
   63.4415450925655        24.5832783218490        25.0000000000000     
   62.9155832409417        25.6859802752354        26.0000000000000     
   62.3704566931858        26.7793349817683        27.0000000000000     
   61.8063315001249        27.8630093950124        28.0000000000000     
   61.2233794997577        28.9366734172436        29.0000000000000     
   60.6217782649107        30.0000000000000        30.0000000000000     
   60.0017110491479        31.0526652437038        31.0000000000000     
   59.3633667309498        32.0943484963243        32.0000000000000     
   58.7069397561797        33.1247324510519        33.0000000000000     
   58.0326300788529        34.1435032429523        34.0000000000000     
   57.3406431002294        35.1503505445732        35.0000000000000     
   56.6311896062463        36.1449676604731        36.0000000000000     
   55.9044857033105        37.1270516206434        37.0000000000000     
   55.1607527524705        38.0963032727961        38.0000000000000     
   54.4002173019880        39.0524273734886        39.0000000000000     
   53.6231110183285        39.9951326780578        40.0000000000000     
   52.8296706155940        40.9241320293355        41.0000000000000     
   52.0201377834176        41.8391424451201        42.0000000000000     
   51.1947591133419        42.7398852043749        43.0000000000000     
   50.3537860237056        43.6260859321298        44.0000000000000     
   49.4974746830583        44.4974746830583        45.0000000000000     
   48.6260859321298        45.3537860237056        46.0000000000000     
   47.7398852043749        46.1947591133419        47.0000000000000     
   46.8391424451201        47.0201377834176        48.0000000000000     
   45.9241320293355        47.8296706155940        49.0000000000000     
   44.9951326780578        48.6231110183285        50.0000000000000     
   44.0524273734886        49.4002173019880        51.0000000000000     
   43.0963032727961        50.1607527524705        52.0000000000000     
   42.1270516206434        50.9044857033105        53.0000000000000     
   41.1449676604731        51.6311896062463        54.0000000000000     
   40.1503505445732        52.3406431002294        55.0000000000000     
   39.1435032429523        53.0326300788529        56.0000000000000     
   38.1247324510519        53.7069397561797        57.0000000000000     
   37.0943484963243        54.3633667309498        58.0000000000000     
   36.0526652437038        55.0017110491479        59.0000000000000     
   35.0000000000000        55.6217782649107        60.0000000000000     
   33.9366734172436        56.2233794997577        61.0000000000000     
   32.8630093950124        56.8063315001249        62.0000000000000     
   31.7793349817683        57.3704566931858        63.0000000000000     
   30.6859802752354        57.9155832409417        64.0000000000000     
   29.5832783218490        58.4415450925655        65.0000000000000     
   28.4715650153060        58.9481820349821        66.0000000000000     
   27.3511789942492        59.4353397416708        67.0000000000000     
   26.2224615391138        59.9028698196751        68.0000000000000     
   25.0857564681710        60.3506298548041        69.0000000000000     
   23.9414100327968        60.7784834550136        70.0000000000000     
   22.7897708120010        61.1863002919522        71.0000000000000     
   21.6311896062463        61.5739561406607        72.0000000000000     
   20.4660193305916        61.9413329174125        73.0000000000000     
   19.2946149071899        62.2883187156823        74.0000000000000     
   18.1173331571765        62.6148078402348        75.0000000000000     
   16.9345326919767        62.9207008393197        76.0000000000000     
   15.7465738040706        63.2059045349665        77.0000000000000     
   14.5538183572432        63.4703320513664        78.0000000000000     
   13.3566296763581        63.7139028413365        79.0000000000000     
   12.1553724366851        63.9365427108546        80.0000000000000     
   10.9504125528162        64.1381838416596        81.0000000000000     
   9.74211706720458        64.3187648119099        82.0000000000000     
   8.53085403836032        64.4782306148925        83.0000000000000     
   7.31699242873574        64.6165326757791        84.0000000000000     
   6.10090199233607        64.7336288664222        85.0000000000000     
   4.88295316208877        64.8294835181877        86.0000000000000     
   3.66351693700607        64.9040674328202        87.0000000000000     
   2.44296476917507        64.9573578913367        88.0000000000000     
   1.22166845060985        64.9893386609474        89.0000000000000     
  0.000000000000000E+000   65.0000000000000        90.0000000000000     
  -1.22166845060985        64.9893386609474        91.0000000000000     
  -2.44296476917507        64.9573578913367        92.0000000000000     
  -3.66351693700607        64.9040674328202        93.0000000000000     
  -4.88295316208877        64.8294835181877        94.0000000000000     
  -6.10090199233607        64.7336288664222        95.0000000000000     
  -7.31699242873574        64.6165326757791        96.0000000000000     
  -8.53085403836032        64.4782306148925        97.0000000000000     
  -9.74211706720458        64.3187648119099        98.0000000000000     
  -10.9504125528162        64.1381838416596        99.0000000000000     
  -12.1553724366851        63.9365427108546        100.000000000000     
  -13.3566296763581        63.7139028413365        101.000000000000     
  -14.5538183572432        63.4703320513664        102.000000000000     
  -15.7465738040706        63.2059045349665        103.000000000000     
  -16.9345326919767        62.9207008393197        104.000000000000     
  -18.1173331571765        62.6148078402348        105.000000000000     
  -19.2946149071899        62.2883187156823        106.000000000000     
  -20.4660193305916        61.9413329174125        107.000000000000     
  -21.6311896062463        61.5739561406607        108.000000000000     
  -22.7897708120010        61.1863002919522        109.000000000000     
  -23.9414100327968        60.7784834550136        110.000000000000     
  -25.0857564681710        60.3506298548041        111.000000000000     
  -26.2224615391138        59.9028698196751        112.000000000000     
  -27.3511789942492        59.4353397416708        113.000000000000     
  -28.4715650153060        58.9481820349821        114.000000000000     
  -29.5832783218490        58.4415450925655        115.000000000000     
  -30.6859802752354        57.9155832409417        116.000000000000     
  -31.7793349817683        57.3704566931858        117.000000000000     
  -32.8630093950124        56.8063315001249        118.000000000000     
  -33.9366734172436        56.2233794997577        119.000000000000     
  -35.0000000000000        55.6217782649107        120.000000000000     
  -36.0526652437038        55.0017110491479        121.000000000000     
  -37.0943484963243        54.3633667309498        122.000000000000     
  -38.1247324510519        53.7069397561797        123.000000000000     
  -39.1435032429523        53.0326300788529        124.000000000000     
  -40.1503505445732        52.3406431002294        125.000000000000     
  -41.1449676604731        51.6311896062463        126.000000000000     
  -42.1270516206434        50.9044857033105        127.000000000000     
  -43.0963032727961        50.1607527524705        128.000000000000     
  -44.0524273734886        49.4002173019880        129.000000000000     
  -44.9951326780578        48.6231110183285        130.000000000000     
  -45.9241320293355        47.8296706155940        131.000000000000     
  -46.8391424451201        47.0201377834176        132.000000000000     
  -47.7398852043749        46.1947591133419        133.000000000000     
  -48.6260859321298        45.3537860237056        134.000000000000     
  -49.4974746830583        44.4974746830583        135.000000000000     
  -50.3537860237056        43.6260859321298        136.000000000000     
  -51.1947591133419        42.7398852043749        137.000000000000     
  -52.0201377834176        41.8391424451201        138.000000000000     
  -52.8296706155940        40.9241320293355        139.000000000000     
  -53.6231110183285        39.9951326780578        140.000000000000     
  -54.4002173019880        39.0524273734886        141.000000000000     
  -55.1607527524705        38.0963032727961        142.000000000000     
  -55.9044857033105        37.1270516206434        143.000000000000     
  -56.6311896062463        36.1449676604731        144.000000000000     
  -57.3406431002294        35.1503505445732        145.000000000000     
  -58.0326300788529        34.1435032429523        146.000000000000     
  -58.7069397561797        33.1247324510519        147.000000000000     
  -59.3633667309498        32.0943484963243        148.000000000000     
  -60.0017110491479        31.0526652437038        149.000000000000     
  -60.6217782649107        30.0000000000000        150.000000000000     
  -61.2233794997577        28.9366734172436        151.000000000000     
  -61.8063315001249        27.8630093950124        152.000000000000     
  -62.3704566931858        26.7793349817683        153.000000000000     
  -62.9155832409417        25.6859802752354        154.000000000000     
  -63.4415450925655        24.5832783218490        155.000000000000     
  -63.9481820349821        23.4715650153060        156.000000000000     
  -64.4353397416708        22.3511789942492        157.000000000000     
  -64.9028698196751        21.2224615391138        158.000000000000     
  -65.3506298548041        20.0857564681710        159.000000000000     
  -65.7784834550136        18.9414100327968        160.000000000000     
  -66.1863002919522        17.7897708120010        161.000000000000     
  -66.5739561406607        16.6311896062463        162.000000000000     
  -66.9413329174125        15.4660193305916        163.000000000000     
  -67.2883187156823        14.2946149071899        164.000000000000     
  -67.6148078402348        13.1173331571765        165.000000000000     
  -67.9207008393197        11.9345326919767        166.000000000000     
  -68.2059045349665        10.7465738040706        167.000000000000     
  -68.4703320513664        9.55381835724315        168.000000000000     
  -68.7139028413365        8.35662967635814        169.000000000000     
  -68.9365427108546        7.15537243668513        170.000000000000     
  -69.1381838416596        5.95041255281616        171.000000000000     
  -69.3187648119099        4.74211706720458        172.000000000000     
  -69.4782306148925        3.53085403836032        173.000000000000     
  -69.6165326757791        2.31699242873574        174.000000000000     
  -69.7336288664222        1.10090199233607        175.000000000000     
  -69.8294835181877      -0.117046837911229        176.000000000000     
  -69.9040674328202       -1.33648306299393        177.000000000000     
