   3.00000000000000       5.427634730658073E-011   60.0000000000000     
   3.20000000000000       3.882525001916519E-011   60.0000000000000     
   3.40000000000000       1.795408616984096E-011   60.0000000000000     
   3.60000000000000      -5.262356612175858E-012   60.0000000000000     
   3.80000000000000      -2.742053687004389E-011   60.0000000000000     
   4.00000000000000      -4.527892574985546E-011   60.0000000000000     
   4.20000000000000      -5.623105906606947E-011   60.0000000000000     
   4.40000000000000      -5.869051355420920E-011   60.0000000000000     
   4.60000000000000      -5.232910082105926E-011   60.0000000000000     
   4.80000000000000      -3.813048672893007E-011   60.0000000000000     
   5.00000000000000      -1.824862475238854E-011   60.0000000000000     
   5.20000000000000       4.310216105357814E-012   60.0000000000000     
   5.40000000000000       2.613594817593312E-011   60.0000000000000     
   5.60000000000000       4.392724756088633E-011   60.0000000000000     
   5.80000000000000       5.499108421189516E-011   60.0000000000000     
   6.00000000000000       5.765306562890539E-011   60.0000000000000     
   6.20000000000000       5.151521301227240E-011   60.0000000000000     
   6.40000000000000       3.752049867476452E-011   60.0000000000000     
   6.60000000000000       1.781275989661776E-011   60.0000000000000     
   6.80000000000000      -4.587996453906443E-012   60.0000000000000     
   7.00000000000000      -2.624623280828913E-011   60.0000000000000     
   7.20000000000000      -4.383739140131650E-011   60.0000000000000     
   7.40000000000000      -5.465946437077268E-011   60.0000000000000     
   7.60000000000000      -5.705052816380578E-011   60.0000000000000     
   7.80000000000000      -5.064717875687133E-011   60.0000000000000     
   8.00000000000000      -3.644307609907691E-011   60.0000000000000     
   8.20000000000000      -1.663761542511664E-011   60.0000000000000     
   8.40000000000000       5.702674567898305E-012   60.0000000000000     
   8.60000000000000       2.711813655630934E-011   60.0000000000000     
   8.80000000000000       4.429217224263361E-011   60.0000000000000     
   9.00000000000000       5.456636228912235E-011   60.0000000000000     
   9.20000000000000       5.635420279036280E-011   60.0000000000000     
   9.40000000000000       4.938866038270989E-011   60.0000000000000     
   9.60000000000000       3.476448475880912E-011   60.0000000000000     
   9.80000000000000       1.476818584712948E-011   60.0000000000000     
   10.0000000000000      -7.478207888893771E-012   60.0000000000000     
   10.2000000000000      -2.850425714376021E-011   60.0000000000000     
   10.4000000000000      -4.503308278072146E-011   60.0000000000000     
   10.6000000000000      -5.449341672140782E-011   60.0000000000000     
   10.8000000000000      -5.542146312028669E-011   60.0000000000000     
   11.0000000000000      -4.768944342698232E-011   60.0000000000000     
   11.2000000000000      -3.252481125120766E-011   60.0000000000000     
   11.4000000000000      -1.231696143715968E-011   60.0000000000000     
   11.6000000000000       9.758338408433257E-012   60.0000000000000     
   11.8000000000000       3.023786229512443E-011   60.0000000000000     
   12.0000000000000       4.591478958230092E-011   60.0000000000000     
   12.2000000000000       5.434198503308086E-011   60.0000000000000     
   12.4000000000000       5.421550274412775E-011   60.0000000000000     
   12.6000000000000       4.557795953100869E-011   60.0000000000000     
   12.8000000000000       2.980980084593729E-011   60.0000000000000     
   13.0000000000000       9.409927093588876E-012   60.0000000000000     
   13.2000000000000      -1.239962068589022E-011   60.0000000000000     
   13.4000000000000      -3.218245382515969E-011   60.0000000000000     
   13.6000000000000      -4.682974602348809E-011   60.0000000000000     
   13.8000000000000      -5.404969976004531E-011   60.0000000000000     
   14.0000000000000      -5.272733892890870E-011   60.0000000000000     
   14.2000000000000      -4.309794237807038E-011   60.0000000000000     
   14.4000000000000      -2.670694110900000E-011   60.0000000000000     
   14.6000000000000      -6.162899498693971E-012   60.0000000000000     
   14.8000000000000       1.527706723554853E-011   60.0000000000000     
   15.0000000000000       3.422360819857863E-011   60.0000000000000     
   15.2000000000000       4.769132300723037E-011   60.0000000000000     
   15.4000000000000       5.356991262231548E-011   60.0000000000000     
   15.6000000000000       5.095580505810356E-011   60.0000000000000     
   15.8000000000000       4.029198275852238E-011   60.0000000000000     
   16.0000000000000       2.329422040398077E-011   60.0000000000000     
   16.2000000000000       2.675843835299245E-012   60.0000000000000     
   16.4000000000000      -1.828494315838922E-011   60.0000000000000     
   16.6000000000000      -3.626621687237631E-011   60.0000000000000     
   16.8000000000000      -4.842911155973367E-011   60.0000000000000     
   17.0000000000000      -5.286661540477713E-011   60.0000000000000     
   17.2000000000000      -4.890332710917974E-011   60.0000000000000     
   17.4000000000000      -3.719892877415570E-011   60.0000000000000     
   17.6000000000000      -1.963941057042572E-011   60.0000000000000     
   17.8000000000000       9.661564280391165E-013   60.0000000000000     
   18.0000000000000       2.133463483236136E-011   60.0000000000000     
   18.2000000000000       3.823188950276290E-011   60.0000000000000     
   18.4000000000000       4.898656420617864E-011   60.0000000000000     
   18.6000000000000       5.191289260940129E-011   60.0000000000000     
   18.8000000000000       4.657553604539425E-011   60.0000000000000     
   19.0000000000000       3.385474102719636E-011   60.0000000000000     
   19.2000000000000       1.580199444569726E-011   60.0000000000000     
   19.4000000000000      -4.690268236435475E-012   60.0000000000000     
   19.6000000000000      -2.435179737869820E-011   60.0000000000000     
   19.8000000000000      -4.005638150324184E-011   60.0000000000000     
   20.0000000000000      -4.931913352542253E-011   60.0000000000000     
   20.2000000000000      -5.069006239259912E-011   60.0000000000000     
   20.4000000000000      -4.398152323694700E-011   60.0000000000000     
   20.6000000000000      -3.029378843810545E-011   60.0000000000000     
   20.8000000000000      -1.183526571188920E-011   60.0000000000000     
   21.0000000000000       8.433355681297440E-012   60.0000000000000     
   21.2000000000000       2.727375042135610E-011   60.0000000000000     
   21.4000000000000       4.168732737681309E-011   60.0000000000000     
   21.6000000000000       4.939265909198374E-011   60.0000000000000     
   21.8000000000000       4.918691755225448E-011   60.0000000000000     
   22.0000000000000       4.113399799030708E-011   60.0000000000000     
   22.2000000000000       2.654984692435908E-011   60.0000000000000     
   22.4000000000000       7.787975999527860E-012   60.0000000000000     
   22.6000000000000      -1.213995821527198E-011   60.0000000000000     
   22.8000000000000      -3.004739097435482E-011   60.0000000000000     
   23.0000000000000      -4.308238613467381E-011   60.0000000000000     
   23.2000000000000      -4.918198997879891E-011   60.0000000000000     
   23.4000000000000      -4.739898544457591E-011   60.0000000000000     
   23.6000000000000      -3.804924449912532E-011   60.0000000000000     
   23.8000000000000      -2.265671138822353E-011   60.0000000000000     
   24.0000000000000      -3.705471798289703E-012   60.0000000000000     
   24.2000000000000       1.576082225371466E-011   60.0000000000000     
   24.4000000000000       3.262761865104965E-011   60.0000000000000     
   24.6000000000000       4.420778334278000E-011   60.0000000000000     
   24.8000000000000       4.866983442659682E-011   60.0000000000000     
   25.0000000000000       4.532781996465666E-011   60.0000000000000     
   25.2000000000000       3.474692066308421E-011   60.0000000000000     
   25.4000000000000       1.864849237396248E-011   60.0000000000000     
   25.6000000000000      -3.695866929796597E-013   60.0000000000000     
   25.8000000000000      -1.925188709666714E-011   60.0000000000000     
   26.0000000000000      -3.497618365153121E-011   60.0000000000000     
   26.2000000000000      -4.503718543327960E-011   60.0000000000000     
   26.4000000000000      -4.784580927988825E-011   60.0000000000000     
   26.6000000000000      -4.298034085809048E-011   60.0000000000000     
   26.8000000000000      -3.124975534609458E-011   60.0000000000000     
   27.0000000000000      -1.455968715257490E-011   60.0000000000000     
   27.2000000000000       4.396815226463811E-012   60.0000000000000     
   27.4000000000000       2.257361218442993E-011   60.0000000000000     
   27.6000000000000       3.706085770955690E-011   60.0000000000000     
   27.8000000000000       4.555083384623302E-011   60.0000000000000     
   28.0000000000000       4.670565382867027E-011   60.0000000000000     
   28.2000000000000       4.036822591855901E-011   60.0000000000000     
   28.4000000000000       2.758318819515840E-011   60.0000000000000     
   28.6000000000000       1.042510001102541E-011   60.0000000000000     
   28.8000000000000      -8.337910266752038E-012   60.0000000000000     
   29.0000000000000      -2.569054778740815E-011   60.0000000000000     
   29.2000000000000      -3.885483966640553E-011   60.0000000000000     
   29.4000000000000      -4.573487214344967E-011   60.0000000000000     
   29.6000000000000      -4.525057080678249E-011   60.0000000000000     
   29.8000000000000      -3.750735182529253E-011   60.0000000000000     
   30.0000000000000      -2.377497922031823E-011   60.0000000000000     
   30.2000000000000      -6.279664416768492E-012   60.0000000000000     
   30.4000000000000       1.215659996403905E-011   60.0000000000000     
   30.6000000000000       2.857107500132995E-011   60.0000000000000     
   30.8000000000000       4.033632731080939E-011   60.0000000000000     
   31.0000000000000       4.558081294760192E-011   60.0000000000000     
   31.2000000000000       4.348666324150923E-011   60.0000000000000     
   31.4000000000000       3.441727720197825E-011   60.0000000000000     
   31.6000000000000       1.985480587517716E-011   60.0000000000000     
   31.8000000000000       2.158204817641024E-012   60.0000000000000     
   32.0000000000000      -1.581869027076976E-011   60.0000000000000     
   32.2000000000000      -3.118725881169531E-011   60.0000000000000     
   32.4000000000000      -4.148820237762854E-011   60.0000000000000     
   32.6000000000000      -4.508510197612923E-011   60.0000000000000     
   32.8000000000000      -4.142444003263219E-011   60.0000000000000     
   33.0000000000000      -3.112075899209594E-011   60.0000000000000     
   33.2000000000000      -1.585385674862483E-011   60.0000000000000     
   33.4000000000000       1.904837573577251E-012   60.0000000000000     
   33.6000000000000       1.929217137825349E-011   60.0000000000000     
   33.8000000000000       3.351477484895660E-011   60.0000000000000     
   34.0000000000000       4.229779090638218E-011   60.0000000000000     
   34.2000000000000       4.424874839872520E-011   60.0000000000000     
   34.4000000000000       3.907837054192085E-011   60.0000000000000     
   34.6000000000000       2.764329560775229E-011   60.0000000000000     
   34.8000000000000       1.180442855744098E-011   60.0000000000000     
   35.0000000000000      -5.875696953214012E-012   60.0000000000000     
   35.2000000000000      -2.254735842337784E-011   60.0000000000000     
   35.4000000000000      -3.553288007098453E-011   60.0000000000000     
   35.6000000000000      -4.275666997759431E-011   60.0000000000000     
   35.8000000000000      -4.307699735706739E-011   60.0000000000000     
   36.0000000000000      -3.646647188066916E-011   60.0000000000000     
   36.2000000000000      -2.401269003865265E-011   60.0000000000000     
   36.4000000000000      -7.739529258686557E-012   60.0000000000000     
   36.6000000000000       9.721581898230396E-012   60.0000000000000     
   36.8000000000000       2.555704938001463E-011   60.0000000000000     
   37.0000000000000       3.722440746971084E-011   60.0000000000000     
   37.2000000000000       4.286050139282390E-011   60.0000000000000     
   37.4000000000000       4.157902865060780E-011   60.0000000000000     
   37.6000000000000       3.360991857353372E-011   60.0000000000000     
   37.8000000000000       2.025862950167802E-011   60.0000000000000     
   38.0000000000000       3.692490876543457E-012   60.0000000000000     
   38.2000000000000      -1.341097146418635E-011   60.0000000000000     
   38.4000000000000      -2.829668615841199E-011   60.0000000000000     
   38.6000000000000      -3.857576879822865E-011   60.0000000000000     
   38.8000000000000      -4.260887667745152E-011   60.0000000000000     
   39.0000000000000      -3.976766852217977E-011   60.0000000000000     
   39.2000000000000      -3.053266571445216E-011   60.0000000000000     
   39.4000000000000      -1.641227780855710E-011   60.0000000000000     
   39.6000000000000       3.034066613172052E-013   60.0000000000000     
   39.8000000000000       1.691390271198913E-011   60.0000000000000     
   40.0000000000000       3.074451013327554E-011   60.0000000000000     
   40.2000000000000       3.957695514007449E-011   60.0000000000000     
   40.4000000000000       4.200516359230366E-011   60.0000000000000     
   40.6000000000000       3.765910666519915E-011   60.0000000000000     
   40.8000000000000       2.726108082780862E-011   60.0000000000000     
   41.0000000000000       1.250587935228158E-011   60.0000000000000     
   41.2000000000000      -4.215298101511246E-012   60.0000000000000     
   41.4000000000000      -2.020224398284754E-011   60.0000000000000     
   41.6000000000000      -3.288170431635803E-011   60.0000000000000     
   41.8000000000000      -4.022152667598709E-011   60.0000000000000     
   42.0000000000000      -4.105634592403141E-011   60.0000000000000     
   42.2000000000000      -3.527261174443165E-011   60.0000000000000     
   42.4000000000000      -2.382358002956593E-011   60.0000000000000     
   42.6000000000000      -8.572372967190594E-012   60.0000000000000     
   42.8000000000000       8.011081030619619E-012   60.0000000000000     
   43.0000000000000       2.324995101062282E-011   60.0000000000000     
   43.2000000000000       3.469251795511760E-011   60.0000000000000     
   43.4000000000000       4.050658704354641E-011   60.0000000000000     
   43.6000000000000       3.977285247150152E-011   60.0000000000000     
   43.8000000000000       3.263024261946083E-011   60.0000000000000     
   44.0000000000000       2.025026743257651E-011   60.0000000000000     
   44.2000000000000       4.645016520173460E-012   60.0000000000000     
   44.4000000000000      -1.165974702669925E-011   60.0000000000000     
   44.6000000000000      -2.603330196898229E-011   60.0000000000000     
   44.8000000000000      -3.616436898141646E-011   60.0000000000000     
   45.0000000000000      -4.043273773433953E-011   60.0000000000000     
   45.2000000000000      -3.816837133555319E-011   60.0000000000000     
   45.4000000000000      -2.975655252844611E-011   60.0000000000000     
   45.6000000000000      -1.657257646675093E-011   60.0000000000000     
   45.8000000000000      -7.570223266437746E-013   60.0000000000000     
   46.0000000000000       1.513169450756265E-011   60.0000000000000     
   46.2000000000000       2.853110937963869E-011   60.0000000000000     
   46.4000000000000       3.728792196448878E-011   60.0000000000000     
   46.6000000000000       4.000401043181262E-011   60.0000000000000     
   46.8000000000000       3.625964810466699E-011   60.0000000000000     
   47.0000000000000       2.667828580418668E-011   60.0000000000000     
   47.2000000000000       1.282291376540361E-011   60.0000000000000     
   47.4000000000000      -3.058794973441913E-012   60.0000000000000     
   47.6000000000000      -1.839902091794624E-011   60.0000000000000     
   47.8000000000000      -3.072490617238506E-011   60.0000000000000     
   48.0000000000000      -3.805713891615234E-011   60.0000000000000     
   48.2000000000000      -3.922777506627565E-011   60.0000000000000     
   48.4000000000000      -3.406626641068641E-011   60.0000000000000     
   48.6000000000000      -2.342406641823931E-011   60.0000000000000     
   48.8000000000000      -9.034305698534054E-012   60.0000000000000     
   49.0000000000000       6.770357396554612E-012   60.0000000000000     
   49.2000000000000       2.143579325936439E-011   60.0000000000000     
   49.4000000000000       3.259910492464968E-011   60.0000000000000     
   49.6000000000000       3.846930232042281E-011   60.0000000000000     
   49.8000000000000       3.811462354751105E-011   60.0000000000000     
   50.0000000000000       3.161041152606685E-011   60.0000000000000     
   50.2000000000000       2.002407971572248E-011   60.0000000000000     
   50.4000000000000       5.240049449334094E-012   60.0000000000000     
   50.6000000000000      -1.034664728880181E-011   60.0000000000000     
   50.8000000000000      -2.421829485303919E-011   60.0000000000000     
   51.0000000000000      -3.414112854864356E-011   60.0000000000000     
   51.2000000000000      -3.852500929588196E-011   60.0000000000000     
   51.4000000000000      -3.667822887823302E-011   60.0000000000000     
   51.6000000000000      -2.891661751884800E-011   60.0000000000000     
   51.8000000000000      -1.650974854718461E-011   60.0000000000000     
   52.0000000000000      -1.473370287554060E-012   60.0000000000000     
   52.2000000000000       1.375801391166480E-011   60.0000000000000     
   52.4000000000000       2.672524677394546E-011   60.0000000000000     
   52.6000000000000       3.534151138864796E-011   60.0000000000000     
   52.8000000000000       3.822813659424342E-011   60.0000000000000     
   53.0000000000000       3.493518018119501E-011   60.0000000000000     
   53.2000000000000       2.601149927260019E-011   60.0000000000000     
   53.4000000000000       1.291340569040476E-011   60.0000000000000     
   53.6000000000000      -2.232912771896268E-012   60.0000000000000     
   53.8000000000000      -1.697646079756023E-011   60.0000000000000     
   54.0000000000000      -2.893800219199569E-011   60.0000000000000     
   54.2000000000000      -3.619396961037510E-011   60.0000000000000     
   54.4000000000000      -3.758577611766923E-011   60.0000000000000     
   54.6000000000000      -3.290479413812506E-011   60.0000000000000     
   54.8000000000000      -2.292347055734287E-011   60.0000000000000     
   55.0000000000000      -9.267964186929262E-012   60.0000000000000     
   55.2000000000000       5.846711188954725E-012   60.0000000000000     
   55.4000000000000       1.997591237695290E-011   60.0000000000000     
   55.6000000000000       3.084071267000488E-011   60.0000000000000     
   55.8000000000000       3.669544069587097E-011   60.0000000000000     
   56.0000000000000       3.660814161461592E-011   60.0000000000000     
   56.2000000000000       3.060890427868908E-011   60.0000000000000     
   56.4000000000000       1.968245015829877E-011   60.0000000000000     
   56.6000000000000       5.606587850096277E-012   60.0000000000000     
   56.8000000000000      -9.336978866367164E-012   60.0000000000000     
   57.0000000000000      -2.273245824330773E-011   60.0000000000000     
   57.2000000000000      -3.242046558504447E-011   60.0000000000000     
   57.4000000000000      -3.684609219473965E-011   60.0000000000000     
   57.6000000000000      -3.530844772062055E-011   60.0000000000000     
   57.8000000000000      -2.807163017256848E-011   60.0000000000000     
   58.0000000000000      -1.631955873131329E-011   60.0000000000000     
   58.2000000000000      -1.962364858204021E-012   60.0000000000000     
   58.4000000000000       1.267400911911534E-011   60.0000000000000     
   58.6000000000000       2.522457286348442E-011   60.0000000000000     
   58.8000000000000       3.366739133410834E-011   60.0000000000000     
   59.0000000000000       3.664929940880013E-011   60.0000000000000     
   59.2000000000000       3.370276203717798E-011   60.0000000000000     
   59.4000000000000       2.531912807047313E-011   60.0000000000000     
   59.6000000000000       1.286680848330607E-011   60.0000000000000     
   59.8000000000000      -1.632013304214693E-012   60.0000000000000     
   60.0000000000000      -1.582971463019210E-011   60.0000000000000     
   60.2000000000000      -2.743330933579335E-011   60.0000000000000     
   60.4000000000000      -3.457473980971902E-011   60.0000000000000     
   60.6000000000000      -3.611159249839229E-011   60.0000000000000     
   60.8000000000000      -3.180983169247648E-011   60.0000000000000     
   61.0000000000000      -2.237932518838426E-011   60.0000000000000     
   61.2000000000000      -9.356788293951440E-012   60.0000000000000     
   61.4000000000000       5.144564916129072E-012   60.0000000000000     
   61.6000000000000       1.877788812621820E-011   60.0000000000000     
   61.8000000000000       2.934246563713803E-011   60.0000000000000     
   62.0000000000000       3.513892550596613E-011   60.0000000000000     
   62.2000000000000       3.524257334163307E-011   60.0000000000000     
   62.4000000000000       2.965088556764353E-011   60.0000000000000     
   62.6000000000000       1.928163939967386E-011   60.0000000000000     
   62.8000000000000       5.822346242877294E-012   60.0000000000000     
   63.0000000000000      -8.544321366630179E-012   60.0000000000000     
