   70.0000000000000      -4.866593061525074E-013   3.00000000000000     
   70.0000000000000       1.349801279323061E-012   4.00000000000000     
   70.0000000000000      -1.159312638785912E-012   5.00000000000000     
   70.0000000000000       4.786586583298766E-014   6.00000000000000     
   70.0000000000000       1.008053165869483E-012   7.00000000000000     
   70.0000000000000      -1.473968928973216E-012   8.00000000000000     
   70.0000000000000       1.184091737897909E-012   9.00000000000000     
   70.0000000000000      -3.725269988687635E-013   10.0000000000000     
   70.0000000000000      -5.525646327200241E-013   11.0000000000000     
   70.0000000000000       1.272923857972698E-012   12.0000000000000     
   70.0000000000000      -1.629360123196831E-012   13.0000000000000     
   70.0000000000000       1.662747049713076E-012   14.0000000000000     
   70.0000000000000      -1.429122269465406E-012   15.0000000000000     
   70.0000000000000       1.071890327462580E-012   16.0000000000000     
   70.0000000000000      -6.644123823956114E-013   17.0000000000000     
   70.0000000000000       3.354107486559783E-013   18.0000000000000     
   70.0000000000000      -8.781679116257746E-014   19.0000000000000     
   70.0000000000000       2.820162847822563E-014   20.0000000000000     
   70.0000000000000       4.477992066097105E-014   21.0000000000000     
   70.0000000000000       1.042740909198811E-013   22.0000000000000     
   70.0000000000000      -4.615540087002209E-013   23.0000000000000     
   70.0000000000000       9.495241609222357E-013   24.0000000000000     
   70.0000000000000      -1.585926882490178E-012   25.0000000000000     
   70.0000000000000       2.233295409549683E-012   26.0000000000000     
   70.0000000000000      -2.794824588903243E-012   27.0000000000000     
   70.0000000000000       2.878770302598083E-012   28.0000000000000     
   70.0000000000000      -2.115364465251982E-012   29.0000000000000     
   70.0000000000000       3.428954469425212E-013   30.0000000000000     
   70.0000000000000       2.013657036667219E-012   31.0000000000000     
   70.0000000000000      -3.765610672056126E-012   32.0000000000000     
   70.0000000000000       3.294390324925920E-012   33.0000000000000     
   70.0000000000000      -5.783471194048656E-014   34.0000000000000     
   70.0000000000000      -3.906047314617610E-012   35.0000000000000     
   70.0000000000000       4.523957487480806E-012   36.0000000000000     
   70.0000000000000       2.344108199836269E-013   37.0000000000000     
   70.0000000000000      -5.706065299595836E-012   38.0000000000000     
   70.0000000000000       3.592215633448588E-012   39.0000000000000     
   70.0000000000000       5.081570710439977E-012   40.0000000000000     
   70.0000000000000      -6.136799442186585E-012   41.0000000000000     
   70.0000000000000      -5.066238840739083E-012   42.0000000000000     
   70.0000000000000       7.512535886753813E-012   43.0000000000000     
   70.0000000000000       7.371439775637042E-012   44.0000000000000     
   70.0000000000000      -6.712587092036493E-012   45.0000000000000     
   70.0000000000000      -1.226889017714306E-011   46.0000000000000     
   70.0000000000000       9.090589219369765E-014   47.0000000000000     
   70.0000000000000       1.487311209974603E-011   48.0000000000000     
   70.0000000000000       1.409107776179108E-011   49.0000000000000     
   70.0000000000000      -2.304704136684045E-012   50.0000000000000     
   70.0000000000000      -1.926712486615138E-011   51.0000000000000     
   70.0000000000000      -2.268477231936718E-011   52.0000000000000     
   70.0000000000000      -1.005638991409489E-011   53.0000000000000     
   70.0000000000000       1.028515064480084E-011   54.0000000000000     
   70.0000000000000       2.680562073587720E-011   55.0000000000000     
   70.0000000000000       3.176514900389373E-011   56.0000000000000     
   70.0000000000000       2.383932922781441E-011   57.0000000000000     
   70.0000000000000       6.988826461663187E-012   58.0000000000000     
   70.0000000000000      -1.250315522373476E-011   59.0000000000000     
   70.0000000000000      -2.872930435967080E-011   60.0000000000000     
   70.0000000000000      -3.792312446850772E-011   61.0000000000000     
   70.0000000000000      -3.877816777604123E-011   62.0000000000000     
   70.0000000000000      -3.210535385487627E-011   63.0000000000000     
   70.0000000000000      -2.002032711489673E-011   64.0000000000000     
   70.0000000000000      -5.181378261404872E-012   65.0000000000000     
   70.0000000000000       9.855121573448283E-012   66.0000000000000     
   70.0000000000000       2.308113764729075E-011   67.0000000000000     
   70.0000000000000       3.313446509140908E-011   68.0000000000000     
   70.0000000000000       3.937492164541461E-011   69.0000000000000     
   70.0000000000000       4.174178781144320E-011   70.0000000000000     
   70.0000000000000       4.064934212947607E-011   71.0000000000000     
   70.0000000000000       3.658655968599525E-011   72.0000000000000     
   70.0000000000000       3.045912001875055E-011   73.0000000000000     
   70.0000000000000       2.299828372704241E-011   74.0000000000000     
   70.0000000000000       1.492678298657647E-011   75.0000000000000     
   70.0000000000000       6.851911548854483E-012   76.0000000000000     
   70.0000000000000      -7.756730182528909E-013   77.0000000000000     
   70.0000000000000      -7.508527926394464E-012   78.0000000000000     
   70.0000000000000      -1.327645736663090E-011   79.0000000000000     
   70.0000000000000      -1.802534639876896E-011   80.0000000000000     
   70.0000000000000      -2.155959094231448E-011   81.0000000000000     
   70.0000000000000      -2.399136230450149E-011   82.0000000000000     
   70.0000000000000      -2.549078275139188E-011   83.0000000000000     
   70.0000000000000      -2.614568337877434E-011   84.0000000000000     
   70.0000000000000      -2.608182048502966E-011   85.0000000000000     
   70.0000000000000      -2.544682347196934E-011   86.0000000000000     
   70.0000000000000      -2.442349303837297E-011   87.0000000000000     
   70.0000000000000      -2.307795502879288E-011   88.0000000000000     
   70.0000000000000      -2.158976319812350E-011   89.0000000000000     
   70.0000000000000      -1.999495764783018E-011   90.0000000000000     
   70.0000000000000      -1.841171953669359E-011   91.0000000000000     
   70.0000000000000      -1.701882162052855E-011   92.0000000000000     
   70.0000000000000      -1.579446569838040E-011   93.0000000000000     
   70.0000000000000      -1.482175438522440E-011   94.0000000000000     
   70.0000000000000      -1.416308655860566E-011   95.0000000000000     
   70.0000000000000      -1.390580455976854E-011   96.0000000000000     
   70.0000000000000      -1.420383822818828E-011   97.0000000000000     
   70.0000000000000      -1.481798027829476E-011   98.0000000000000     
   70.0000000000000      -1.600072057400031E-011   99.0000000000000     
   70.0000000000000      -1.771948231858041E-011   100.000000000000     
   70.0000000000000      -1.999069516067710E-011   101.000000000000     
   70.0000000000000      -2.268318056038162E-011   102.000000000000     
   70.0000000000000      -2.579057776703765E-011   103.000000000000     
   70.0000000000000      -2.918898207269199E-011   104.000000000000     
   70.0000000000000      -3.267133985486608E-011   105.000000000000     
   70.0000000000000      -3.595732990454904E-011   106.000000000000     
   70.0000000000000      -3.886381623113949E-011   107.000000000000     
   70.0000000000000      -4.085978326423611E-011   108.000000000000     
   70.0000000000000      -4.166337301773646E-011   109.000000000000     
   70.0000000000000      -4.086184831549669E-011   110.000000000000     
   70.0000000000000      -3.806847142348157E-011   111.000000000000     
   70.0000000000000      -3.300022134409265E-011   112.000000000000     
   70.0000000000000      -2.550583045065116E-011   113.000000000000     
   70.0000000000000      -1.570945940092010E-011   114.000000000000     
   70.0000000000000      -4.120576361479683E-012   115.000000000000     
   70.0000000000000       8.371959883442327E-012   116.000000000000     
   70.0000000000000       2.045661679793454E-011   117.000000000000     
   70.0000000000000       3.042211342855032E-011   118.000000000000     
   70.0000000000000       3.635963294840203E-011   119.000000000000     
   70.0000000000000       3.655468732925261E-011   120.000000000000     
   70.0000000000000       3.006558681893091E-011   121.000000000000     
   70.0000000000000       1.731493720804942E-011   122.000000000000     
   70.0000000000000       6.944012312056637E-013   123.000000000000     
   70.0000000000000      -1.539144580230228E-011   124.000000000000     
   70.0000000000000      -2.545790145361897E-011   125.000000000000     
   70.0000000000000      -2.506126173651522E-011   126.000000000000     
   70.0000000000000      -1.368734622633241E-011   127.000000000000     
   70.0000000000000       3.348874938723743E-012   128.000000000000     
   70.0000000000000       1.616245670456871E-011   129.000000000000     
   70.0000000000000       1.611797382134304E-011   130.000000000000     
   70.0000000000000       3.536076463479873E-012   131.000000000000     
   70.0000000000000      -1.006954797778282E-011   132.000000000000     
   70.0000000000000      -1.117874209930223E-011   133.000000000000     
   70.0000000000000       5.577754073559307E-013   134.000000000000     
   70.0000000000000       9.495523562123159E-012   135.000000000000     
   70.0000000000000       3.558912253483868E-012   136.000000000000     
   70.0000000000000      -6.785520900958513E-012   137.000000000000     
   70.0000000000000      -3.895845034386005E-012   138.000000000000     
   70.0000000000000       5.581500939291074E-012   139.000000000000     
   70.0000000000000       2.427858284588202E-012   140.000000000000     
   70.0000000000000      -5.293130917038019E-012   141.000000000000     
   70.0000000000000       2.208994817337582E-013   142.000000000000     
   70.0000000000000       4.257544661203400E-012   143.000000000000     
   70.0000000000000      -3.121909291241000E-012   144.000000000000     
   70.0000000000000      -9.782966070329309E-013   145.000000000000     
   70.0000000000000       3.504258878297028E-012   146.000000000000     
   70.0000000000000      -2.879285401558830E-012   147.000000000000     
   70.0000000000000       4.591671425493089E-013   148.000000000000     
   70.0000000000000       1.793749709839438E-012   149.000000000000     
   70.0000000000000      -2.804307439404135E-012   150.000000000000     
   70.0000000000000       2.559010382574157E-012   151.000000000000     
   70.0000000000000      -1.557368939711742E-012   152.000000000000     
   70.0000000000000       4.088042292508437E-013   153.000000000000     
   70.0000000000000       5.177234733756589E-013   154.000000000000     
   70.0000000000000      -1.199135975274528E-012   155.000000000000     
   70.0000000000000       1.637744158763592E-012   156.000000000000     
   70.0000000000000      -1.822762161212083E-012   157.000000000000     
   70.0000000000000       1.875530232807820E-012   158.000000000000     
   70.0000000000000      -1.818159345413838E-012   159.000000000000     
   70.0000000000000       1.747191967326003E-012   160.000000000000     
   70.0000000000000      -1.649058355456997E-012   161.000000000000     
   70.0000000000000       1.499701842984799E-012   162.000000000000     
   70.0000000000000      -1.257954870507463E-012   163.000000000000     
   70.0000000000000       9.312660199833439E-013   164.000000000000     
   70.0000000000000      -4.611425478235319E-013   165.000000000000     
   70.0000000000000      -1.070978675163058E-013   166.000000000000     
   70.0000000000000       7.259058203153358E-013   167.000000000000     
   70.0000000000000      -1.233278367576321E-012   168.000000000000     
   70.0000000000000       1.436987455289104E-012   169.000000000000     
   70.0000000000000      -1.163350621074992E-012   170.000000000000     
   70.0000000000000       4.489611439571245E-013   171.000000000000     
   70.0000000000000       4.792309802003835E-013   172.000000000000     
   70.0000000000000      -1.168815977086548E-012   173.000000000000     
   70.0000000000000       1.155587115629386E-012   174.000000000000     
   70.0000000000000      -3.609444956341086E-013   175.000000000000     
   70.0000000000000      -7.111594334056827E-013   176.000000000000     
   70.0000000000000       1.245127041729313E-012   177.000000000000     
