   6.00000000000000        31.4159265358979     
   8.00000000000000        31.4159265358979     
   10.0000000000000        31.4159265358979     
   12.0000000000000        31.4159265358979     
   14.0000000000000        31.4159265358979     
   16.0000000000000        31.4159265358979     
   18.0000000000000        31.4159265358979     
   20.0000000000000        31.4159265358979     
   22.0000000000000        31.4159265358979     
   24.0000000000000        31.4159265358979     
   26.0000000000000        31.4159265358979     
   28.0000000000000        31.4159265358979     
   30.0000000000000        31.4159265358979     
   32.0000000000000        31.4159265358979     
   34.0000000000000        31.4159265358979     
   36.0000000000000        31.4159265358979     
   38.0000000000000        31.4159265358979     
   40.0000000000000        31.4159265358979     
   42.0000000000000        31.4159265358979     
   44.0000000000000        31.4159265358979     
   46.0000000000000        31.4159265358979     
   48.0000000000000        31.4159265358979     
   50.0000000000000        31.4159265358979     
   52.0000000000000        31.4159265358979     
   54.0000000000000        31.4159265358979     
   56.0000000000000        31.4159265358979     
   58.0000000000000        31.4159265358979     
   60.0000000000000        31.4159265358979     
   62.0000000000000        31.4159265358979     
   64.0000000000000        31.4159265358979     
   66.0000000000000        31.4159265358979     
   68.0000000000000        31.4159265358979     
   70.0000000000000        31.4159265358979     
   72.0000000000000        31.4159265358979     
   74.0000000000000        31.4159265358979     
   76.0000000000000        31.4159265358979     
   78.0000000000000        31.4159265358979     
   80.0000000000000        31.4159265358979     
   82.0000000000000        31.4159265358979     
   84.0000000000000        31.4159265358979     
   86.0000000000000        31.4159265358979     
   88.0000000000000        31.4159265358979     
   90.0000000000000        31.4159265358979     
   92.0000000000000        31.4159265358979     
   94.0000000000000        31.4159265358979     
   96.0000000000000        31.4159265358979     
   98.0000000000000        31.4159265358979     
   100.000000000000        31.4159265358979     
   102.000000000000        31.4159265358979     
   104.000000000000        31.4159265358979     
   106.000000000000        31.4159265358979     
   108.000000000000        31.4159265358979     
   110.000000000000        31.4159265358979     
   112.000000000000        31.4159265358979     
   114.000000000000        31.4159265358979     
   116.000000000000        31.4159265358979     
   118.000000000000        31.4159265358979     
   120.000000000000        31.4159265358979     
   122.000000000000        31.4159265358979     
   124.000000000000        31.4159265358979     
   126.000000000000        31.4159265358979     
   128.000000000000        31.4159265358979     
   130.000000000000        31.4159265358979     
   132.000000000000        31.4159265358979     
   134.000000000000        31.4159265358979     
   136.000000000000        31.4159265358979     
   138.000000000000        31.4159265358979     
   140.000000000000        31.4159265358979     
   142.000000000000        31.4159265358979     
   144.000000000000        31.4159265358979     
   146.000000000000        31.4159265358979     
   148.000000000000        31.4159265358979     
   150.000000000000        31.4159265358979     
   152.000000000000        31.4159265358979     
   154.000000000000        31.4159265358979     
   156.000000000000        31.4159265358979     
   158.000000000000        31.4159265358979     
   160.000000000000        31.4159265358979     
   162.000000000000        31.4159265358979     
   164.000000000000        31.4159265358979     
   166.000000000000        31.4159265358979     
   168.000000000000        31.4159265358979     
   170.000000000000        31.4159265358979     
   172.000000000000        31.4159265358979     
   174.000000000000        31.4159265358979     
