   53.3076815275716       -4.63160692558084     
   52.9896538956230       -4.26055772069262     
   52.6690436227007       -3.89173779169237     
   52.3458663348972       -3.52516511434310     
   52.0201377834176       -3.16085755487993     
   51.6918738438119       -2.79883286913937     
   51.3610905152014       -2.43910870169385     
   51.0278039194988       -2.08170258499180     
   50.6920303006227       -1.72663193850313     
   50.3537860237056       -1.37391406787020     
   50.0130875742963       -1.02356616406443     
   49.6699515575565      -0.675605302548384     
   49.3243946974516      -0.330048442443548     
   48.9764338359356       1.308757429622176E-002
   48.6260859321298       0.353786023705560     
   48.2733680614969       0.692030300622697     
   47.9182974150082        1.02780391949879     
   47.5608912983062        1.36109051520132     
   47.2011671308607        1.69187384381184     
   46.8391424451201        2.02013778341757     
   46.4748348856569        2.34586633489721     
   46.1082622083077        2.66904362270068     
   45.7394422793074        2.98965389562292     
   45.3683930744192        3.30768152757155     
   44.9951326780578        3.62311101832844     
   44.6196792824083        3.93592699430523     
   44.2420511865396        4.24611420929254     
   43.8622667955123        4.55365754520316     
   43.4803446194818        4.85854201280875     
   43.0963032727961        5.16075275247050     
   42.7101614730888        5.46027503486331     
   42.3219380403663        5.75709426169371     
   41.9316518960911        6.05119596641131     
   41.5393220622591        6.34256581491395     
   41.1449676604732        6.63118960624628     
   40.7486079110103        6.91705327329191     
   40.3502621318856        7.20014288345895     
   39.9499497379103        7.48044463935924     
   39.5476902397457        7.75794487948063     
   39.1435032429523        8.03263007885288     
   38.7374084470341        8.30448684970693     
   38.3294256444786        8.57350194212727     
   37.9195747197919        8.83966224469786     
   37.5078756485298        9.10295478514102     
   37.0943484963244        9.36336673094978     
   36.6790134179056        9.62088539001330     
   36.2618906561192        9.87549821123542     
   35.8430005409401        10.1271927851465     
   35.4223634884815        10.3759568445080     
   35.0000000000001        10.6217782649107     
   34.5759306608963        10.8646450653653     
   34.1501761397114        11.1045454088866     
   33.7227571871202        11.3414676030704     
   33.2936946349193        11.5754001006631     
   32.8630093950124        11.8063315001248     
   32.4307224583904        12.0342505461850     
   31.9968548941087        12.2591461303908     
   31.5614278482602        12.4810072916487     
   31.1244625429450        12.6998232167589     
   30.6859802752355        12.9155832409416     
   30.2460024161388        13.1282768483579     
   29.8045504095552        13.3378936726213     
   29.3616457712325        13.5444234973036     
   28.9173100877180        13.7478562564324     
   28.4715650153061        13.9481820349820     
   28.0244322789827        14.1453910693567     
   27.5759336713666        14.3394737478664     
   27.1260910516472        14.5304206111950     
   26.6749263445192        14.7182223528619     
   26.2224615391139        14.9028698196751     
   25.7687186879275        15.0843540121776     
   25.3137199057465        15.2626660850858     
   24.8574873685696        15.4377973477210     
   24.4000433125271        15.6097392644324     
   23.9414100327968        15.7784834550136     
   23.4816098825178        15.9440216951108     
   23.0206652717008        16.1063459166237     
   22.5585986661358        16.2654482080988     
   22.0954325862971        16.4213208151148     
   21.6311896062463        16.5739561406608     
   21.1658923525311        16.7233467455063     
   20.6995635030832        16.8694853485641     
   20.2322257861130        17.0123648272447     
   19.7639019790013        17.1519782178040     
   19.2946149071899        17.2883187156823     
   18.8243874430685        17.4213796758361     
   18.3532425048605        17.5511546130618     
   17.8812030555052        17.6776372023122     
   17.4082921015397        17.8008212790042     
   16.9345326919766        17.9207008393198     
   16.4599479171812        18.0372700404983     
   15.9845609077458        18.1505232011212     
   15.5083948333626        18.2604548013895     
   15.0314729016943        18.3670594833918     
   14.5538183572430        18.4703320513664     
   14.0754544802174        18.5702674719541     
   13.5964045853979        18.6668608744434     
   13.1166920210006        18.7601075510082     
   12.6363401675390        18.8500029569370     
   12.1553724366850        18.9365427108546     
   11.6738122701270        19.0197225949354     
   11.1916831384283        19.0995385551092     
   10.7090085398825        19.1759867012587     
   10.2258119993686        19.2490633074092     
   9.74211706720437        19.3187648119099     
   9.25794731799836        19.3850878176080     
   8.77332634950108        19.4480290920135     
   8.28827778145484        19.5075855674576     
   7.80282525444255        19.5637543412418     
   7.31699242873549        19.6165326757792     
   6.83080298314021        19.6659179987282     
   6.34428061384436        19.7119079031179     
   5.85744903326182        19.7545001474653     
   5.37033196887704        19.7936926558844     
   4.88295316208849        19.8294835181877     
   4.39533636705165        19.8618709899790     
   3.90750534952118        19.8908534927387     
   3.41948388569263        19.9164296139004     
   2.93129576104367        19.9385981069201     
   2.44296476917475        19.9573578913367     
   1.95451471064950        19.9727080528248     
   1.46596939183467        19.9846478432392     
  0.977352623739833        19.9931766806513     
  0.488688220856972        19.9982941493776     
 -3.532055501322847E-013   20.0000000000000     
 -0.488688220857663        19.9982941493776     
 -0.977352623740523        19.9931766806513     
  -1.46596939183536        19.9846478432392     
  -1.95451471065019        19.9727080528248     
  -2.44296476917546        19.9573578913367     
  -2.93129576104436        19.9385981069201     
  -3.41948388569332        19.9164296139004     
  -3.90750534952187        19.8908534927386     
  -4.39533636705234        19.8618709899790     
  -4.88295316208919        19.8294835181877     
  -5.37033196887773        19.7936926558844     
  -5.85744903326251        19.7545001474653     
  -6.34428061384505        19.7119079031179     
  -6.83080298314090        19.6659179987281     
  -7.31699242873620        19.6165326757791     
  -7.80282525444324        19.5637543412417     
  -8.28827778145554        19.5075855674575     
  -8.77332634950177        19.4480290920134     
  -9.25794731799904        19.3850878176079     
  -9.74211706720507        19.3187648119099     
  -10.2258119993693        19.2490633074091     
  -10.7090085398832        19.1759867012586     
  -11.1916831384289        19.0995385551091     
  -11.6738122701277        19.0197225949353     
  -12.1553724366856        18.9365427108545     
  -12.6363401675397        18.8500029569369     
  -13.1166920210013        18.7601075510081     
  -13.5964045853986        18.6668608744433     
  -14.0754544802181        18.5702674719540     
  -14.5538183572437        18.4703320513663     
  -15.0314729016950        18.3670594833916     
  -15.5083948333633        18.2604548013893     
  -15.9845609077465        18.1505232011211     
  -16.4599479171819        18.0372700404981     
  -16.9345326919773        17.9207008393196     
  -17.4082921015404        17.8008212790040     
  -17.8812030555059        17.6776372023120     
  -18.3532425048611        17.5511546130616     
  -18.8243874430692        17.4213796758359     
  -19.2946149071905        17.2883187156821     
  -19.7639019790020        17.1519782178038     
  -20.2322257861136        17.0123648272445     
  -20.6995635030839        16.8694853485639     
  -21.1658923525317        16.7233467455061     
  -21.6311896062470        16.5739561406605     
  -22.0954325862978        16.4213208151145     
  -22.5585986661364        16.2654482080985     
  -23.0206652717015        16.1063459166235     
  -23.4816098825185        15.9440216951105     
  -23.9414100327975        15.7784834550133     
  -24.4000433125277        15.6097392644322     
  -24.8574873685703        15.4377973477208     
  -25.3137199057471        15.2626660850856     
  -25.7687186879281        15.0843540121773     
  -26.2224615391145        14.9028698196748     
  -26.6749263445199        14.7182223528616     
  -27.1260910516479        14.5304206111947     
  -27.5759336713673        14.3394737478661     
  -28.0244322789833        14.1453910693565     
  -28.4715650153067        13.9481820349817     
  -28.9173100877186        13.7478562564321     
  -29.3616457712331        13.5444234973033     
  -29.8045504095558        13.3378936726210     
  -30.2460024161395        13.1282768483576     
  -30.6859802752361        12.9155832409413     
  -31.1244625429457        12.6998232167585     
  -31.5614278482609        12.4810072916484     
  -31.9968548941093        12.2591461303905     
  -32.4307224583910        12.0342505461847     
  -32.8630093950131        11.8063315001245     
  -33.2936946349200        11.5754001006627     
  -33.7227571871208        11.3414676030700     
  -34.1501761397120        11.1045454088863     
  -34.5759306608969        10.8646450653649     
  -35.0000000000007        10.6217782649103     
  -35.4223634884822        10.3759568445076     
  -35.8430005409408        10.1271927851461     
  -36.2618906561199        9.87549821123500     
  -36.6790134179063        9.62088539001287     
  -37.0943484963251        9.36336673094935     
  -37.5078756485305        9.10295478514057     
  -37.9195747197926        8.83966224469740     
  -38.3294256444793        8.57350194212682     
  -38.7374084470349        8.30448684970646     
  -39.1435032429530        8.03263007885240     
  -39.5476902397464        7.75794487948012     
  -39.9499497379110        7.48044463935874     
  -40.3502621318863        7.20014288345844     
  -40.7486079110110        6.91705327329138     
  -41.1449676604739        6.63118960624575     
  -41.5393220622599        6.34256581491340     
  -41.9316518960918        6.05119596641075     
  -42.3219380403670        5.75709426169314     
  -42.7101614730895        5.46027503486274     
  -43.0963032727969        5.16075275246993     
  -43.4803446194825        4.85854201280815     
  -43.8622667955130        4.55365754520255     
  -44.2420511865404        4.24611420929192     
  -44.6196792824091        3.93592699430459     
  -44.9951326780585        3.62311101832780     
  -45.3683930744200        3.30768152757089     
  -45.7394422793082        2.98965389562225     
  -46.1082622083084        2.66904362270001     
  -46.4748348856577        2.34586633489653     
  -46.8391424451209        2.02013778341686     
  -47.2011671308614        1.69187384381113     
  -47.5608912983070        1.36109051520061     
  -47.9182974150090        1.02780391949806     
  -48.2733680614977       0.692030300621973     
  -48.6260859321306       0.353786023704821     
  -48.9764338359364       1.308757429544727E-002
  -49.3243946974524      -0.330048442444330     
  -49.6699515575573      -0.675605302549172     
  -50.0130875742970       -1.02356616406523     
  -50.3537860237064       -1.37391406787103     
  -50.6920303006235       -1.72663193850396     
  -51.0278039194996       -2.08170258499263     
  -51.3610905152021       -2.43910870169470     
  -51.6918738438127       -2.79883286914023     
  -52.0201377834184       -3.16085755488082     
  -52.3458663348980       -3.52516511434398     
  -52.6690436227015       -3.89173779169327     
  -52.9896538956237       -4.26055772069353     
  -53.3076815275723       -4.63160692558175     
  -53.6231110183293       -5.00486732194319     
