   3.42020143325669      -0.603073792140915     
   3.48860546192182      -0.415135267983732     
   3.55700949058695      -0.227196743826552     
   3.62541351925209      -3.925821966936915E-002
   3.69381754791722       0.148680304487812     
   3.76222157658235       0.336618828644992     
   3.83062560524749       0.524557352802173     
   3.89902963391262       0.712495876959357     
   3.96743366257776       0.900434401116538     
   4.03583769124289        1.08837292527372     
   4.10424171990802        1.27631144943090     
   4.17264574857316        1.46424997358808     
   4.24104977723829        1.65218849774526     
   4.30945380590342        1.84012702190245     
   4.37785783456856        2.02806554605963     
   4.44626186323369        2.21600407021681     
   4.51466589189883        2.40394259437399     
   4.58306992056396        2.59188111853117     
   4.65147394922910        2.77981964268835     
   4.71987797789423        2.96775816684554     
   4.78828200655936        3.15569669100272     
   4.85668603522449        3.34363521515990     
   4.92509006388963        3.53157373931708     
   4.99349409255476        3.71951226347427     
   5.06189812121990        3.90745078763145     
   5.13030214988503        4.09538931178862     
   5.19870617855017        4.28332783594580     
   5.26711020721530        4.47126636010299     
   5.33551423588043        4.65920488426017     
   5.40391826454556        4.84714340841735     
   5.47232229321070        5.03508193257453     
   5.54072632187583        5.22302045673172     
   5.60913035054096        5.41095898088890     
   5.67753437920610        5.59889750504608     
   5.74593840787123        5.78683602920326     
   5.81434243653637        5.97477455336044     
   5.88274646520150        6.16271307751762     
   5.95115049386663        6.35065160167481     
   6.01955452253177        6.53859012583199     
   6.08795855119691        6.72652864998917     
   6.15636257986203        6.91446717414635     
   6.22476660852717        7.10240569830354     
   6.29317063719230        7.29034422246071     
   6.36157466585744        7.47828274661790     
   6.42997869452257        7.66622127077508     
   6.49838272318770        7.85415979493227     
   6.56678675185284        8.04209831908944     
   6.63519078051797        8.23003684324662     
   6.70359480918311        8.41797536740381     
   6.77199883784824        8.60591389156099     
   6.84040286651337        8.79385241571817     
   6.90880689517851        8.98179093987535     
   6.97721092384364        9.16972946403254     
   7.04561495250878        9.35766798818971     
   7.11401898117391        9.54560651234690     
   7.18242300983905        9.73354503650408     
   7.25082703850418        9.92148356066126     
   7.31923106716931        10.1094220848184     
   7.38763509583444        10.2973606089756     
   7.45603912449958        10.4852991331328     
   7.52444315316471        10.6732376572900     
   7.59284718182984        10.8611761814472     
   7.66125121049498        11.0491147056043     
   7.72965523916011        11.2370532297615     
   7.79805926782525        11.4249917539187     
   7.86646329649038        11.6129302780759     
   7.93486732515551        11.8008688022331     
   8.00327135382065        11.9888073263903     
   8.07167538248578        12.1767458505474     
   8.14007941115092        12.3646843747046     
   8.20848343981605        12.5526228988618     
   8.27688746848118        12.7405614230190     
   8.34529149714632        12.9284999471762     
   8.41369552581145        13.1164384713334     
   8.48209955447658        13.3043769954905     
   8.55050358314172        13.4923155196477     
   8.61890761180685        13.6802540438049     
   8.68731164047198        13.8681925679621     
   8.75571566913712        14.0561310921193     
   8.82411969780225        14.2440696162764     
   8.89252372646738        14.4320081404336     
   8.96092775513252        14.6199466645908     
   9.02933178379765        14.8078851887480     
   9.09773581246279        14.9958237129052     
   9.16613984112792        15.1837622370623     
   9.23454386979305        15.3717007612195     
   9.30294789845819        15.5596392853767     
   9.37135192712332        15.7475778095339     
   9.43975595578845        15.9355163336911     
   9.50815998445359        16.1234548578483     
   9.57656401311872        16.3113933820054     
   9.64496804178386        16.4993319061626     
   9.71337207044899        16.6872704303198     
   9.78177609911412        16.8752089544770     
   9.85018012777926        17.0631474786342     
   9.91858415644439        17.2510860027913     
   9.98698818510953        17.4390245269485     
   10.0553922137747        17.6269630511057     
   10.1237962424398        17.8149015752629     
   10.1922002711049        18.0028400994201     
   10.2606042997701        18.1907786235772     
   10.3290083284352        18.3787171477344     
   10.3974123571003        18.5666556718916     
   10.4658163857655        18.7545941960488     
   10.5342204144306        18.9425327202060     
   10.6026244430957        19.1304712443632     
   10.6710284717609        19.3184097685203     
   10.7394325004260        19.5063482926775     
   10.8078365290911        19.6942868168347     
   10.8762405577563        19.8822253409919     
   10.9446445864214        20.0701638651491     
   11.0130486150865        20.2581023893063     
   11.0814526437517        20.4460409134634     
   11.1498566724168        20.6339794376206     
   11.2182607010819        20.8219179617778     
   11.2866647297471        21.0098564859350     
   11.3550687584122        21.1977950100922     
   11.4234727870773        21.3857335342493     
   11.4918768157425        21.5736720584065     
   11.5602808444076        21.7616105825637     
   11.6286848730727        21.9495491067209     
   11.6970889017379        22.1374876308781     
   11.7654929304030        22.3254261550353     
   11.8338969590681        22.5133646791924     
   11.9023009877333        22.7013032033496     
   11.9707050163984        22.8892417275068     
   12.0391090450635        23.0771802516640     
   12.1075130737287        23.2651187758212     
   12.1759171023938        23.4530572999783     
   12.2443211310589        23.6409958241355     
   12.3127251597241        23.8289343482927     
   12.3811291883892        24.0168728724499     
   12.4495332170543        24.2048113966071     
   12.5179372457195        24.3927499207643     
   12.5863412743846        24.5806884449214     
   12.6547453030497        24.7686269690786     
   12.7231493317149        24.9565654932358     
   12.7915533603800        25.1445040173930     
   12.8599573890451        25.3324425415502     
   12.9283614177103        25.5203810657073     
   12.9967654463754        25.7083195898645     
   13.0651694750405        25.8962581140217     
   13.1335735037057        26.0841966381789     
   13.2019775323708        26.2721351623361     
   13.2703815610359        26.4600736864932     
   13.3387855897011        26.6480122106504     
   13.4071896183662        26.8359507348076     
   13.4755936470313        27.0238892589648     
   13.5439976756965        27.2118277831220     
   13.6124017043616        27.3997663072792     
   13.6808057330267        27.5877048314363     
   13.7492097616919        27.7756433555935     
   13.8176137903570        27.9635818797507     
   13.8860178190222        28.1515204039079     
   13.9544218476873        28.3394589280651     
   14.0228258763524        28.5273974522222     
   14.0912299050176        28.7153359763794     
   14.1596339336827        28.9032745005366     
   14.2280379623478        29.0912130246938     
   14.2964419910129        29.2791515488510     
   14.3648460196781        29.4670900730082     
   14.4332500483432        29.6550285971653     
   14.5016540770084        29.8429671213225     
   14.5700581056735        30.0309056454797     
   14.6384621343386        30.2188441696369     
   14.7068661630038        30.4067826937941     
   14.7752701916689        30.5947212179512     
   14.8436742203340        30.7826597421084     
   14.9120782489992        30.9705982662656     
   14.9804822776643        31.1585367904228     
   15.0488863063294        31.3464753145800     
   15.1172903349946        31.5344138387372     
   15.1856943636597        31.7223523628943     
   15.2540983923248        31.9102908870515     
   15.3225024209900        32.0982294112087     
   15.3909064496551        32.2861679353659     
   15.4593104783202        32.4741064595231     
   15.5277145069854        32.6620449836802     
   15.5961185356505        32.8499835078374     
   15.6645225643156        33.0379220319946     
   15.7329265929808        33.2258605561518     
   15.8013306216459        33.4137990803090     
   15.8697346503110        33.6017376044662     
   15.9381386789762        33.7896761286233     
   16.0065427076413        33.9776146527805     
   16.0749467363064        34.1655531769377     
   16.1433507649716        34.3534917010949     
   16.2117547936367        34.5414302252521     
   16.2801588223018        34.7293687494092     
   16.3485628509670        34.9173072735664     
   16.4169668796321        35.1052457977236     
   16.4853709082972        35.2931843218808     
   16.5537749369624        35.4811228460380     
   16.6221789656275        35.6690613701952     
   16.6905829942926        35.8569998943523     
   16.7589870229578        36.0449384185095     
   16.8273910516229        36.2328769426667     
   16.8957950802880        36.4208154668239     
   16.9641991089532        36.6087539909811     
   17.0326031376183        36.7966925151382     
   17.1010071662834        36.9846310392954     
   17.1694111949486        37.1725695634526     
   17.2378152236137        37.3605080876098     
   17.3062192522788        37.5484466117670     
   17.3746232809440        37.7363851359242     
   17.4430273096091        37.9243236600813     
   17.5114313382742        38.1122621842385     
   17.5798353669394        38.3002007083957     
   17.6482393956045        38.4881392325529     
   17.7166434242696        38.6760777567101     
   17.7850474529348        38.8640162808672     
   17.8534514815999        39.0519548050244     
   17.9218555102650        39.2398933291816     
   17.9902595389302        39.4278318533388     
   18.0586635675953        39.6157703774960     
   18.1270675962604        39.8037089016531     
   18.1954716249256        39.9916474258103     
   18.2638756535907        40.1795859499675     
   18.3322796822558        40.3675244741247     
   18.4006837109210        40.5554629982819     
   18.4690877395861        40.7434015224391     
   18.5374917682513        40.9313400465962     
   18.6058957969164        41.1192785707534     
   18.6742998255815        41.3072170949106     
   18.7427038542466        41.4951556190678     
   18.8111078829118        41.6830941432250     
   18.8795119115769        41.8710326673821     
   18.9479159402420        42.0589711915393     
   19.0163199689072        42.2469097156965     
   19.0847239975723        42.4348482398537     
   19.1531280262374        42.6227867640109     
   19.2215320549026        42.8107252881681     
   19.2899360835677        42.9986638123252     
   19.3583401122328        43.1866023364824     
   19.4267441408980        43.3745408606396     
   19.4951481695631        43.5624793847968     
   19.5635521982282        43.7504179089540     
   19.6319562268934        43.9383564331111     
   19.7003602555585        44.1262949572683     
   19.7687642842236        44.3142334814255     
   19.8371683128888        44.5021720055827     
   19.9055723415539        44.6901105297399     
   19.9739763702191        44.8780490538971     
   20.0423803988842        45.0659875780542     
   20.1107844275493        45.2539261022114     
   20.1791884562145        45.4418646263686     
   20.2475924848796        45.6298031505258     
   20.3159965135447        45.8177416746830     
   20.3844005422099        46.0056801988402     
   20.4528045708750        46.1936187229973     
   20.5212085995401        46.3815572471545     
   20.5896126282053        46.5694957713117     
   20.6580166568704        46.7574342954689     
   20.7264206855355        46.9453728196260     
   20.7948247142007        47.1333113437832     
   20.8632287428658        47.3212498679404     
   20.9316327715309        47.5091883920976     
   21.0000368001961        47.6971269162548     
   21.0684408288612        47.8850654404120     
   21.1368448575263        48.0730039645691     
   21.2052488861915        48.2609424887263     
   21.2736529148566        48.4488810128835     
   21.3420569435217        48.6368195370407     
   21.4104609721869        48.8247580611979     
   21.4788650008520        49.0126965853551     
   21.5472690295171        49.2006351095122     
   21.6156730581823        49.3885736336694     
   21.6840770868474        49.5765121578266     
   21.7524811155125        49.7644506819838     
   21.8208851441777        49.9523892061410     
   21.8892891728428        50.1403277302981     
   21.9576932015079        50.3282662544553     
   22.0260972301731        50.5162047786125     
   22.0945012588382        50.7041433027697     
   22.1629052875033        50.8920818269269     
   22.2313093161685        51.0800203510840     
   22.2997133448336        51.2679588752412     
   22.3681173734987        51.4558973993984     
   22.4365214021639        51.6438359235556     
   22.5049254308290        51.8317744477128     
   22.5733294594941        52.0197129718700     
   22.6417334881593        52.2076514960271     
   22.7101375168244        52.3955900201843     
   22.7785415454895        52.5835285443415     
   22.8469455741547        52.7714670684987     
   22.9153496028198        52.9594055926559     
   22.9837536314849        53.1473441168131     
   23.0521576601501        53.3352826409702     
   23.1205616888152        53.5232211651274     
   23.1889657174804        53.7111596892846     
   23.2573697461455        53.8990982134418     
   23.3257737748106        54.0870367375990     
   23.3941778034757        54.2749752617561     
   23.4625818321409        54.4629137859133     
   23.5309858608060        54.6508523100705     
   23.5993898894711        54.8387908342277     
   23.6677939181363        55.0267293583849     
   23.7361979468014        55.2146678825420     
   23.8046019754665        55.4026064066992     
   23.8730060041317        55.5905449308564     
   23.9414100327968        55.7784834550136     
