   10.0000000000000      -1.036991543537511E-011   5.57052402574562     
   10.2000000000000      -1.678348870179731E-011   5.76119368532575     
   10.4000000000000      -1.317597487725579E-011   5.95247574025006     
   10.6000000000000      -1.551463744384494E-012   6.14431299631567     
   10.8000000000000       1.119564492122260E-011   6.33665502888724     
   11.0000000000000       1.737344123911247E-011   6.52945722962867     
   11.2000000000000       1.314298221309102E-011   6.72268000666239     
   11.4000000000000       9.095561942353660E-013   6.91628811071419     
   11.6000000000000      -1.203762299791058E-011   7.11025006514079     
   11.8000000000000      -1.787226716496275E-011   7.30453768196611     
   12.0000000000000      -1.296979317056160E-011   7.49912564941347     
   12.2000000000000      -1.640118398093789E-013   7.69399117910329     
   12.4000000000000       1.288579872704960E-011   7.88911370323355     
   12.6000000000000       1.827944664767505E-011   8.08447461378756     
   12.8000000000000       1.266555276442447E-011   8.28005703720716     
   13.0000000000000      -6.716467596615067E-013   8.47584563909890     
   13.2000000000000      -1.372998007755106E-011   8.67182645445930     
   13.4000000000000      -1.859383877497920E-011   8.86798673965451     
   13.6000000000000      -1.223865813340863E-011   9.06431484300476     
   13.8000000000000       1.584432488474125E-012   9.26080009132821     
   14.0000000000000       1.456010273186254E-011   9.45743269021635     
   14.2000000000000       1.881402216376820E-011   9.65420363615772     
   14.4000000000000       1.169700685416811E-011   9.85110463891381     
   14.6000000000000      -2.561865282478597E-012   10.0481280527896     
   14.8000000000000      -1.536640752964071E-011   10.2452668156415     
   15.0000000000000      -1.893857517365734E-011   10.4425143946328     
   15.2000000000000      -1.104819130641439E-011   10.6398647378875     
   15.4000000000000       3.591928095989923E-012   10.8373122313132     
   15.6000000000000       1.613955719012735E-011   11.0348516599635     
   15.8000000000000       1.896626549080212E-011   11.2324781733964     
   16.0000000000000       1.029965158867269E-011   11.4301872545578     
   16.2000000000000      -4.663031365588439E-012   11.6279746917803     
   16.4000000000000      -1.687071452055942E-011   11.8258365535429     
   16.6000000000000      -1.889616870932200E-011   12.0237691656793     
   16.8000000000000      -9.458791395501036E-012   12.2217690907645     
   17.0000000000000       5.763979361133465E-012   12.4198331094422     
   17.2000000000000       1.755159699389129E-011   12.6179582034822     
   17.4000000000000       1.872778861909869E-011   12.8161415403877     
   17.6000000000000       8.533062920904771E-012   13.0143804593872     
   17.8000000000000      -6.883950536028679E-012   13.2126724586704     
   18.0000000000000      -1.817453013792921E-011   13.4110151837412     
   18.2000000000000      -1.846111748504455E-011   13.6094064167753     
   18.4000000000000      -7.530007910900137E-012   13.8078440668843     
   18.6000000000000       8.012484505648590E-012   14.0063261611966     
   18.8000000000000       1.873244599467686E-011   14.2048508366772     
   19.0000000000000       1.809669093286631E-011   14.4034163326163     
   19.2000000000000       6.457309329966597E-012   14.6020209837236     
   19.4000000000000      -9.139479922056933E-012   14.8006632137730     
   19.6000000000000      -1.921894795374580E-011   14.9993415297460     
   19.8000000000000      -1.763560161937870E-011   15.1980545164304     
   20.0000000000000      -5.322792541782292E-012   15.3968008314331     
   20.2000000000000       1.025519837148882E-011   15.5955792005698     
   20.4000000000000       1.962829555504511E-011   15.7943884136004     
   20.6000000000000       1.707953501027730E-011   15.9932273202785     
   20.8000000000000       4.134445230291296E-012   16.1920948266903     
   21.0000000000000      -1.135027415609199E-011   16.3909898918570     
   21.2000000000000      -1.995543192671608E-011   16.5899115245799     
   21.4000000000000      -1.643074825382994E-011   16.7888587805073     
   21.6000000000000      -2.900386120972316E-012   16.9878307594067     
   21.8000000000000       1.241573179115952E-011   17.1868266026242     
   22.0000000000000       2.019600375088996E-011   17.3858454907174     
   22.2000000000000       1.569209668166312E-011   17.5848866412476     
   22.4000000000000       1.628869502178252E-012   17.7839493067191     
   22.6000000000000      -1.344300173740007E-011   17.9830327726550     
   22.8000000000000      -2.034634423856265E-011   18.1821363557975     
   23.0000000000000      -1.486701918454650E-011   18.3812594024251     
   23.2000000000000      -3.282534043343726E-013   18.5804012867771     
   23.4000000000000       1.442394562521583E-011   18.7795614095776     
   23.6000000000000       2.040349496451274E-011   18.9787391966518     
   23.8000000000000       1.395949757170749E-011   19.1779340976278     
   24.0000000000000      -9.930336011314828E-013   19.3771455847187     
   24.2000000000000      -1.535087895920039E-011   19.5763731515777     
   24.4000000000000      -2.036521574723249E-011   19.7756163122224     
   24.6000000000000      -1.297404897030587E-011   19.9748746000236     
   24.8000000000000       2.326517123580130E-012   20.1741475667522     
   25.0000000000000       1.621659761326270E-011   20.3734347816838     
   25.2000000000000       2.022997350615472E-011   20.5727358307531     
   25.4000000000000       1.191570973156094E-011   20.7720503157579     
   25.6000000000000      -3.663723649639799E-012   20.9713778536082     
   25.8000000000000      -1.701439562720579E-011   21.1707180756165     
   26.0000000000000      -1.999691922192336E-011   21.3700706268291     
   26.2000000000000      -1.078999274190736E-011   21.5694351653930     
   26.4000000000000       4.996212322015828E-012   21.7688113619582     
   26.6000000000000       1.773809413110567E-011   21.9681988991121     
   26.8000000000000       1.966592734199842E-011   22.1675974708442     
   27.0000000000000       9.602845971424430E-012   22.3670067820396     
   27.2000000000000      -6.315622523045394E-012   22.5664265479990     
   27.4000000000000      -1.838206738383533E-011   22.7658564939837     
   27.6000000000000      -1.923753839643410E-011   22.9652963547847     
   27.8000000000000      -8.360631990871872E-012   23.1647458743134     
   28.0000000000000       7.613711831014286E-012   23.3642048052132     
   28.2000000000000       1.894126484704638E-011   23.5636729084914     
   28.4000000000000       1.871297398195348E-011   23.7631499531691     
   28.6000000000000       7.070074834571709E-012   23.9626357159481     
   28.8000000000000      -8.882401803095009E-012   24.1621299808949     
   29.0000000000000      -1.941121398110125E-011   24.3616325391400     
   29.2000000000000      -1.809412767962256E-011   24.5611431885919     
   29.4000000000000      -5.738229834076042E-012   24.7606617336642     
   29.6000000000000       1.011381839510184E-011   24.9601879850167     
   29.8000000000000       1.978806506264688E-011   25.1597217593081     
   30.0000000000000       1.738350342776296E-011   25.3592628789606     
   30.2000000000000       4.372420230815462E-012   25.5588111719355     
   30.4000000000000      -1.130033869903022E-011   25.7583664715192     
   30.6000000000000      -2.006858263370974E-011   25.9579286161187     
   30.8000000000000      -1.658424181337575E-011   26.1574974490669     
   31.0000000000000      -2.980216217801816E-012   26.3570728184366     
   31.2000000000000       1.243462947548413E-011   26.5566545768626     
   31.4000000000000       2.025016976854866E-011   26.7562425813720     
   31.6000000000000       1.570007681126986E-011   26.9558366932220     
   31.8000000000000       1.569362521185367E-012   27.1554367777445     
   32.0000000000000      -1.350968814213775E-011   27.3550427041982     
   32.2000000000000      -2.033087287517737E-011   27.5546543456262     
   32.4000000000000      -1.473528647190308E-011   27.7542715787204     
   32.6000000000000      -1.477457122390786E-013   27.9538942836914     
   32.8000000000000       1.451888215661992E-011   28.1535223441441     
   33.0000000000000       2.030939225068286E-011   28.3531556469584     
   33.2000000000000       1.369469955642780E-011   28.5527940821748     
   33.4000000000000      -1.276658238797427E-012   28.7524375428851     
   33.6000000000000      -1.545598390317660E-011   28.9520859251270     
   33.8000000000000      -2.018507623998436E-011   29.1517391277838     
   34.0000000000000      -1.258363162169122E-011   29.3513970524878     
   34.2000000000000       2.695834956429651E-012   29.5510596035272     
   34.4000000000000       1.631521727292224E-011   29.7507266877575     
   34.6000000000000       1.995792080203763E-011   29.9503982145159     
   34.8000000000000       1.140786539879758E-011   30.1500740955392     
   35.0000000000000      -4.101780306345051E-012   30.3497542448853     
   35.2000000000000      -1.709126686919588E-011   30.5494385788571     
   35.4000000000000      -1.962858376576659E-011   30.7491270159299     
   35.6000000000000      -1.017360063768497E-011   30.9488194766814     
   35.8000000000000       5.486549853291475E-012   31.1485158837246     
   36.0000000000000       1.777933433009552E-011   31.3482161616426     
   36.2000000000000       1.919834201553072E-011   31.5479202369269     
   36.4000000000000       8.887424240689294E-012   31.7476280379169     
   36.6000000000000      -6.842306586939238E-012   31.9473394947429     
   36.8000000000000      -1.837514613644360E-011   32.1470545392698     
   37.0000000000000      -1.866911475761224E-011   32.3467731050442     
   37.2000000000000      -7.556264720641983E-012   32.5464951272428     
   37.4000000000000       8.161370655352571E-012   32.7462205426225     
   37.6000000000000       1.887498493499717E-011   32.9459492894726     
   37.8000000000000       1.804343627972795E-011   33.1456813075690     
   38.0000000000000       6.187339450786599E-012   33.3454165381294     
   38.2000000000000      -9.436264032776247E-012   33.5451549237708     
   38.4000000000000      -1.927570912528992E-011   33.7448964084676     
   38.6000000000000      -1.732442971941822E-011   33.9446409375123     
   38.8000000000000      -4.788121904716610E-012   34.1443884574767     
   39.0000000000000       1.065975894632414E-011   34.3441389161746     
   39.2000000000000       1.957477299666204E-011   34.5438922626262     
   39.4000000000000       1.651578495689707E-011   34.7436484470234     
   39.6000000000000       3.366283557648456E-012   34.9434074206964     
   39.8000000000000      -1.182491626184439E-011   35.1431691360812     
   40.0000000000000      -1.977023000971319E-011   35.3429335466885     
   40.2000000000000      -1.562176268364479E-011   35.5427006070735     
   40.4000000000000      -1.929656676448905E-012   35.7424702728070     
   40.6000000000000       1.292513368978992E-011   35.9422425004468     
   40.8000000000000       1.986076484277378E-011   36.1420172475105     
   41.0000000000000       1.464711974688066E-011   36.3417944724497     
   41.2000000000000       4.861741729926715E-013   36.5415741346238     
   41.4000000000000      -1.395417926282518E-011   36.7413561942756     
   41.6000000000000      -1.984566589189770E-011   36.9411406125077     
   41.8000000000000      -1.359712268208017E-011   37.1409273512589     
   42.0000000000000       9.561715485414173E-013   37.3407163732824     
   42.2000000000000       1.490623678018423E-011   37.5405076421237     
   42.4000000000000       1.972486980256473E-011   37.7403011220999     
   42.6000000000000       1.247748840702492E-011   37.9400967782793     
   42.8000000000000      -2.389380115517475E-012   38.1398945764619     
   43.0000000000000      -1.577593039938022E-011   38.3396944831601     
   43.2000000000000      -1.949892648300015E-011   38.5394964655804     
   43.4000000000000      -1.129436149519464E-011   38.7393004916056     
   43.6000000000000       3.805488812762534E-012   38.9391065297773     
   43.8000000000000       1.655836404598320E-011   39.1389145492791     
   44.0000000000000       1.916900274523337E-011   39.3387245199206     
   44.2000000000000       1.005425406393506E-011   39.5385364121211     
   44.4000000000000      -5.196627252918258E-012   39.7383501968949     
   44.6000000000000      -1.724914867276986E-011   39.9381658458358     
   44.8000000000000      -1.873689347777415E-011   40.1379833311031     
   45.0000000000000      -8.764046510984224E-012   40.3378026254076     
   45.2000000000000       6.555059437431744E-012   40.5376237019978     
   45.4000000000000       1.784442718224437E-011   40.7374465346467     
   45.6000000000000       1.820498426790617E-011   40.9372710976395     
   45.8000000000000       7.430899968023960E-012   41.1370973657604     
   46.0000000000000      -7.873232921131093E-012   41.3369253142814     
   46.2000000000000      -1.834089663531760E-011   41.5367549189499     
   46.4000000000000      -1.757624557669949E-011   41.7365861559776     
   46.6000000000000      -6.062243894560043E-012   41.9364190020293     
   46.8000000000000       9.143823973590164E-012   42.1362534342126     
   47.0000000000000       1.873583039360473E-011   42.3360894300669     
   47.2000000000000       1.685422806500497E-011   42.5359269675536     
   47.4000000000000       4.665721366443552E-012   42.7357660250460     
   47.6000000000000      -1.035978099349286E-011   42.9356065813202     
   47.8000000000000      -1.902709025287775E-011   43.1354486155452     
   48.0000000000000      -1.604301033899292E-011   43.3352921072740     
   48.2000000000000      -3.249131681784418E-012   43.5351370364352     
   48.4000000000000       1.151436674812514E-011   43.7349833833239     
   48.6000000000000       1.921313723519397E-011   43.9348311285937     
   48.8000000000000       1.514720338639006E-011   44.1346802532484     
   49.0000000000000       1.820408069294790E-012   44.3345307386342     
   49.2000000000000      -1.260119721089140E-011   44.5343825664321     
   49.4000000000000      -1.929305287709201E-011   44.7342357186502     
   49.6000000000000      -1.417190652900329E-011   44.9340901776167     
   49.8000000000000      -3.875432437234158E-013   45.1339459259726     
   50.0000000000000       1.361428425297750E-011   45.3338029466649     
   50.2000000000000       1.926652238063812E-011   45.5336612229400     
   50.4000000000000       1.312268563242723E-011   45.7335207383370     
   50.6000000000000      -1.041441964837988E-012   45.9333814766813     
   50.8000000000000      -1.454806481969526E-011   46.1332434220786     
   51.0000000000000      -1.913385218245300E-011   46.3331065589087     
   51.2000000000000      -1.200552530913588E-011   46.5329708718196     
   51.4000000000000       2.458546314967141E-012   46.7328363457221     
   51.6000000000000       1.539743856171647E-011   46.9327029657836     
   51.8000000000000       1.889596822280779E-011   47.1325707174232     
   52.0000000000000       1.082680625504949E-011   47.3324395863062     
   52.2000000000000      -3.855846371784082E-012   47.5323095583389     
   52.4000000000000      -1.615779024468213E-011   47.7321806196635     
   52.6000000000000      -1.855439946825827E-011   47.9320527566535     
   52.8000000000000      -9.593261717767037E-012   48.1319259559083     
   53.0000000000000       5.225534267854154E-012   48.3318002042493     
   53.2000000000000       1.682502638366532E-011   48.5316754887146     
   53.4000000000000       1.811127788035646E-011   48.7315517965550     
   53.6000000000000       8.311940667411183E-012   48.9314291152297     
   53.8000000000000      -6.559967352193350E-012   49.1313074324018     
   54.0000000000000      -1.739559800907526E-011   49.3311867359342     
   54.2000000000000      -1.756931006324933E-011   49.5310670138857     
   54.4000000000000      -6.990154407995211E-012   49.7309482545071     
   54.6000000000000       7.851713500123684E-012   49.9308304462373     
   54.8000000000000       1.786650680189271E-011   50.1307135776993     
   55.0000000000000       1.693177942801538E-011   50.3305976376970     
   55.2000000000000       5.635444611727667E-012   50.5304826152114     
   55.4000000000000      -9.093594025644129E-012   50.7303684993970     
   55.6000000000000      -1.823533816310387E-011   50.9302552795785     
   55.8000000000000      -1.620252102971561E-011   51.1301429452477     
   56.0000000000000      -4.255542517161973E-012   51.3300314860598     
   56.2000000000000       1.027872610143490E-011   51.5299208918306     
   56.4000000000000       1.850027617294024E-011   51.7298111525332     
   56.6000000000000       1.538588384188577E-011   51.9297022582951     
   56.8000000000000       2.858302592788579E-012   52.1295941993951     
   57.0000000000000      -1.140056186294029E-011   52.3294869662605     
   57.2000000000000      -1.866010228157766E-011   52.5293805494645     
   57.4000000000000      -1.448672314867790E-011   52.7292749397229     
   57.6000000000000      -1.451676512990787E-012   52.9291701278918     
   57.8000000000000       1.245293096113036E-011   53.1290661049650     
   58.0000000000000       1.871419605310490E-011   53.3289628620712     
   58.2000000000000       1.351036575506526E-011   53.5288603904716     
   58.4000000000000       4.365695069147169E-014   53.7287586815574     
   58.6000000000000      -1.343007058976301E-011   53.9286577268474     
   58.8000000000000      -1.866256261880979E-011   54.1285575179857     
   59.0000000000000      -1.246256493375249E-011   54.3284580467393     
   59.2000000000000       1.357767683735745E-012   54.5283593049960     
   59.4000000000000       1.432666192097316E-011   54.7282612847619     
   59.6000000000000       1.850581159925526E-011   54.9281639781597     
   59.8000000000000       1.134948339822587E-011   55.1280673774261     
   60.0000000000000      -2.744664156224920E-012   55.3279714749100     
   60.2000000000000      -1.513785873547050E-011   55.5278762630706     
   60.4000000000000      -1.824515575909041E-011   55.7277817344752     
   60.6000000000000      -1.017765125914180E-011   55.9276878817973     
   60.8000000000000       4.109193024116268E-012   56.1275946978148     
   61.0000000000000       1.585932032424233E-011   56.3275021754080     
   61.2000000000000       1.788240728959839E-011   56.5274103075581     
   61.4000000000000       8.953923124548031E-012   56.7273190873450     
   61.6000000000000      -5.443662292765342E-012   56.9272285079458     
   61.8000000000000      -1.648723177720991E-011   57.1271385626333     
   62.0000000000000      -1.741996649614588E-011   57.3270492447739     
   62.2000000000000      -7.685437350132190E-012   57.5269605478263     
   62.4000000000000       6.740568132051600E-012   57.7268724653397     
   62.6000000000000       1.701832152699865E-011   57.9267849909523     
   62.8000000000000       1.686080182485587E-011   58.1266981183901     
   63.0000000000000       6.379577447018991E-012   58.3266118414646     
   63.2000000000000      -7.992639785386163E-012   58.5265261540723     
   63.4000000000000      -1.744989143112655E-011   58.7264410501925     
   63.6000000000000      -1.620843105842989E-011   58.9263565238863     
   63.8000000000000      -5.043925008717009E-012   59.1262725692952     
   64.0000000000000       9.192881313072931E-012   59.3261891806394     
   64.2000000000000       1.777981956476111E-011   59.5261063522170     
   64.4000000000000       1.546690916451770E-011   59.7260240784022     
   64.6000000000000       3.686222842970995E-012   59.9259423536443     
   64.8000000000000      -1.033461407665552E-011   60.1258611724666     
   65.0000000000000      -1.800657768927567E-011   60.3257805294648     
   65.2000000000000      -1.464079798525542E-011   60.5257004193061     
   65.4000000000000      -2.314315158654099E-012   60.7256208367277     
   65.6000000000000       1.141151105873259E-011   60.9255417765361     
   65.8000000000000       1.812923486380037E-011   61.1254632336056     
   66.0000000000000       1.373512606475336E-011   61.3253852028775     
   66.2000000000000       9.361106856087114E-013   61.5253076793585     
   66.4000000000000      -1.241763763807428E-011   61.7252306581203     
   66.6000000000000      -1.814746999332883E-011   61.9251541342982     
   66.8000000000000      -1.275537950955117E-011   62.1250781030899     
   67.0000000000000       4.404643330148948E-013   62.3250025597548     
   67.2000000000000       1.334748517455061E-011   62.5249274996131     
   67.4000000000000       1.806156867148738E-011   62.7248529180444     
   67.6000000000000       1.170745209629312E-011   62.9247788104871     
   67.8000000000000      -1.807511933155480E-012   63.1247051724375     
   68.0000000000000      -1.419600048225900E-011   63.3246319994485     
   68.2000000000000      -1.787241171834826E-011   63.5245592871293     
   68.4000000000000      -1.059762961779391E-011   63.7244870311440     
   68.6000000000000       3.157212503868050E-012   63.9244152272109     
   68.8000000000000       1.495861091991082E-011   64.1243438711017     
   69.0000000000000       1.758147645041632E-011   64.3242729586408     
   69.2000000000000       9.432520913506038E-012   64.5242024857042     
   69.4000000000000      -4.481869790399910E-012   64.7241324482189     
   69.6000000000000      -1.563125882119641E-011   64.9240628421620     
   69.8000000000000      -1.719082721686836E-011   65.1239936635603     
   70.0000000000000      -8.219052704250215E-012   65.3239249084886     
