   10.0000000000000       1.673647063404656E-011   5.57052402574562     
   10.2000000000000       1.688287309685753E-011   5.76119368532575     
   10.4000000000000       1.702403221804782E-011   5.95247574025006     
   10.6000000000000       1.716013732304151E-011   6.14431299631567     
   10.8000000000000       1.729138336012029E-011   6.33665502888724     
   11.0000000000000       1.741794534607817E-011   6.52945722962867     
   11.2000000000000       1.753999412128673E-011   6.72268000666239     
   11.4000000000000       1.765769935769016E-011   6.91628811071419     
   11.6000000000000       1.777121449872870E-011   7.11025006514079     
   11.8000000000000       1.788069359881020E-011   7.30453768196611     
   12.0000000000000       1.798628251629426E-011   7.49912564941347     
   12.2000000000000       1.808811839553891E-011   7.69399117910329     
   12.4000000000000       1.818633819404507E-011   7.88911370323355     
   12.6000000000000       1.828106677173303E-011   8.08447461378756     
   12.8000000000000       1.837243404728765E-011   8.28005703720716     
   13.0000000000000       1.846054893877829E-011   8.47584563909890     
   13.2000000000000       1.854553345444821E-011   8.67182645445930     
   13.4000000000000       1.862749114553777E-011   8.86798673965451     
   13.6000000000000       1.870652714934375E-011   9.06431484300476     
   13.8000000000000       1.878274483857982E-011   9.26080009132821     
   14.0000000000000       1.885623743401874E-011   9.45743269021635     
   14.2000000000000       1.892709912879721E-011   9.65420363615772     
   14.4000000000000       1.899541672553512E-011   9.85110463891381     
   14.6000000000000       1.906128048478642E-011   10.0481280527896     
   14.8000000000000       1.912476748912993E-011   10.2452668156415     
   15.0000000000000       1.918595818461463E-011   10.4425143946328     
   15.2000000000000       1.924493093558713E-011   10.6398647378875     
   15.4000000000000       1.930175920203661E-011   10.8373122313132     
   15.6000000000000       1.935650517756511E-011   11.0348516599635     
   15.8000000000000       1.940924618864144E-011   11.2324781733964     
   16.0000000000000       1.946004007972552E-011   11.4301872545578     
   16.2000000000000       1.950895640625247E-011   11.6279746917803     
   16.4000000000000       1.955604801167205E-011   11.8258365535429     
   16.6000000000000       1.960137959126729E-011   12.0237691656793     
   16.8000000000000       1.964499922293026E-011   12.2217690907645     
   17.0000000000000       1.968697213734969E-011   12.4198331094422     
   17.2000000000000       1.972733557553037E-011   12.6179582034822     
   17.4000000000000       1.976615544795066E-011   12.8161415403877     
   17.6000000000000       1.980346949711720E-011   13.0143804593872     
   17.8000000000000       1.983932701065643E-011   13.2126724586704     
   18.0000000000000       1.987377192761135E-011   13.4110151837412     
   18.2000000000000       1.990684265741065E-011   13.6094064167753     
   18.4000000000000       1.993859487518714E-011   13.8078440668843     
   18.6000000000000       1.996905601185333E-011   14.0063261611966     
   18.8000000000000       1.999827055627376E-011   14.2048508366772     
   19.0000000000000       2.002627216846053E-011   14.4034163326163     
   19.2000000000000       2.005310561813231E-011   14.6020209837236     
   19.4000000000000       2.007879333035041E-011   14.8006632137730     
   19.6000000000000       2.010338055859510E-011   14.9993415297460     
   19.8000000000000       2.012688985221046E-011   15.1980545164304     
   20.0000000000000       2.014936107840529E-011   15.3968008314331     
   20.2000000000000       2.017082273874104E-011   15.5955792005698     
   20.4000000000000       2.019130348762657E-011   15.7943884136004     
   20.6000000000000       2.021083202731970E-011   15.9932273202785     
   20.8000000000000       2.022943168811875E-011   16.1920948266903     
   21.0000000000000       2.024713137407267E-011   16.3909898918570     
   21.2000000000000       2.026396002244772E-011   16.5899115245799     
   21.4000000000000       2.027994669902154E-011   16.7888587805073     
   21.6000000000000       2.029510383848134E-011   16.9878307594067     
   21.8000000000000       2.030946051766282E-011   17.1868266026242     
   22.0000000000000       2.032304045985468E-011   17.3858454907174     
   22.2000000000000       2.033586186851548E-011   17.5848866412476     
   22.4000000000000       2.034795392749400E-011   17.7839493067191     
   22.6000000000000       2.035932958370828E-011   17.9830327726550     
   22.8000000000000       2.037001245879609E-011   18.1821363557975     
   23.0000000000000       2.038001554001664E-011   18.3812594024251     
   23.2000000000000       2.038936817884096E-011   18.5804012867771     
   23.4000000000000       2.039807795265042E-011   18.7795614095776     
   23.6000000000000       2.040616888297543E-011   18.9787391966518     
   23.8000000000000       2.041365931091790E-011   19.1779340976278     
   24.0000000000000       2.042055693854926E-011   19.3771455847187     
   24.2000000000000       2.042688593667876E-011   19.5763731515777     
   24.4000000000000       2.043265933413488E-011   19.7756163122224     
   24.6000000000000       2.043789580534096E-011   19.9748746000236     
   24.8000000000000       2.044260324026836E-011   20.1741475667522     
   25.0000000000000       2.044680014357417E-011   20.3734347816838     
   25.2000000000000       2.045050000973230E-011   20.5727358307531     
   25.4000000000000       2.045371056370418E-011   20.7720503157579     
   25.6000000000000       2.045645079087665E-011   20.9713778536082     
   25.8000000000000       2.045873921379935E-011   21.1707180756165     
   26.0000000000000       2.046057312086212E-011   21.3700706268291     
   26.2000000000000       2.046197680023159E-011   21.5694351653930     
   26.4000000000000       2.046295273857329E-011   21.7688113619582     
   26.6000000000000       2.046351992222401E-011   21.9681988991121     
   26.8000000000000       2.046368639734466E-011   22.1675974708442     
   27.0000000000000       2.046346029959022E-011   22.3670067820396     
   27.2000000000000       2.046284965518570E-011   22.5664265479990     
   27.4000000000000       2.046187349838424E-011   22.7658564939837     
   27.6000000000000       2.046054008078443E-011   22.9652963547847     
   27.8000000000000       2.045885199874849E-011   23.1647458743134     
   28.0000000000000       2.045681769698263E-011   23.3642048052132     
   28.2000000000000       2.045445606805859E-011   23.5636729084914     
   28.4000000000000       2.045176463654423E-011   23.7631499531691     
   28.6000000000000       2.044876242807366E-011   23.9626357159481     
   28.8000000000000       2.044545236934364E-011   24.1621299808949     
   29.0000000000000       2.044183749809558E-011   24.3616325391400     
   29.2000000000000       2.043793683637482E-011   24.5611431885919     
   29.4000000000000       2.043374799374932E-011   24.7606617336642     
   29.6000000000000       2.042927946716897E-011   24.9601879850167     
   29.8000000000000       2.042454490283620E-011   25.1597217593081     
   30.0000000000000       2.041954747091565E-011   25.3592628789606     
   30.2000000000000       2.041429015508960E-011   25.5588111719355     
   30.4000000000000       2.040878673029322E-011   25.7583664715192     
   30.6000000000000       2.040304053900913E-011   25.9579286161187     
   30.8000000000000       2.039705454131405E-011   26.1574974490669     
   31.0000000000000       2.039084253738906E-011   26.3570728184366     
   31.2000000000000       2.038440262711401E-011   26.5566545768626     
   31.4000000000000       2.037774316634316E-011   26.7562425813720     
   31.6000000000000       2.037087277567339E-011   26.9558366932220     
   31.8000000000000       2.036379456700876E-011   27.1554367777445     
   32.0000000000000       2.035651204230482E-011   27.3550427041982     
   32.2000000000000       2.034902851292888E-011   27.5546543456262     
   32.4000000000000       2.034135753584702E-011   27.7542715787204     
   32.6000000000000       2.033350267088330E-011   27.9538942836914     
   32.8000000000000       2.032546193985870E-011   28.1535223441441     
   33.0000000000000       2.031723892706488E-011   28.3531556469584     
   33.2000000000000       2.030884720899574E-011   28.5527940821748     
   33.4000000000000       2.030029032565618E-011   28.7524375428851     
   33.6000000000000       2.029156127966437E-011   28.9520859251270     
   33.8000000000000       2.028267900749748E-011   29.1517391277838     
   34.0000000000000       2.027363670877809E-011   29.3513970524878     
   34.2000000000000       2.026444805275502E-011   29.5510596035272     
   34.4000000000000       2.025510636057143E-011   29.7507266877575     
   34.6000000000000       2.024562017994073E-011   29.9503982145159     
   34.8000000000000       2.023599812204180E-011   30.1500740955392     
   35.0000000000000       2.022623871286031E-011   30.3497542448853     
   35.2000000000000       2.021634031473048E-011   30.5494385788571     
   35.4000000000000       2.020632164853337E-011   30.7491270159299     
   35.6000000000000       2.019617112513022E-011   30.9488194766814     
   35.8000000000000       2.018589741808121E-011   31.1485158837246     
   36.0000000000000       2.017550403559129E-011   31.3482161616426     
   36.2000000000000       2.016499960641794E-011   31.5479202369269     
   36.4000000000000       2.015437765419284E-011   31.7476280379169     
   36.6000000000000       2.014364671094669E-011   31.9473394947429     
   36.8000000000000       2.013280562976425E-011   32.1470545392698     
   37.0000000000000       2.012186273022335E-011   32.3467731050442     
   37.2000000000000       2.011082186301280E-011   32.5464951272428     
   37.4000000000000       2.009967661452373E-011   32.7462205426225     
   37.6000000000000       2.008843556623156E-011   32.9459492894726     
   37.8000000000000       2.007710238327820E-011   33.1456813075690     
   38.0000000000000       2.006568072376681E-011   33.3454165381294     
   38.2000000000000       2.005416431646120E-011   33.5451549237708     
   38.4000000000000       2.004256684704681E-011   33.7448964084676     
   38.6000000000000       2.003088691153326E-011   33.9446409375123     
   38.8000000000000       2.001912331052557E-011   34.1443884574767     
   39.0000000000000       2.000727979724775E-011   34.3441389161746     
   39.2000000000000       1.999535993257765E-011   34.5438922626262     
   39.4000000000000       1.998336253312194E-011   34.7436484470234     
   39.6000000000000       1.997129635216102E-011   34.9434074206964     
   39.8000000000000       1.995916011017788E-011   35.1431691360812     
   40.0000000000000       1.994695254603280E-011   35.3429335466885     
   40.2000000000000       1.993468247699319E-011   35.5427006070735     
   40.4000000000000       1.992234365888832E-011   35.7424702728070     
   40.6000000000000       1.990994489632033E-011   35.9422425004468     
   40.8000000000000       1.989748493741222E-011   36.1420172475105     
   41.0000000000000       1.988496272898922E-011   36.3417944724497     
   41.2000000000000       1.987238677329128E-011   36.5415741346238     
   41.4000000000000       1.985975133747688E-011   36.7413561942756     
   41.6000000000000       1.984706481960190E-011   36.9411406125077     
   41.8000000000000       1.983432626183773E-011   37.1409273512589     
   42.0000000000000       1.982153937531246E-011   37.3407163732824     
   42.2000000000000       1.980869838517836E-011   37.5405076421237     
   42.4000000000000       1.979581175144110E-011   37.7403011220999     
   42.6000000000000       1.978287853747307E-011   37.9400967782793     
   42.8000000000000       1.976990262920495E-011   38.1398945764619     
   43.0000000000000       1.975688283070630E-011   38.3396944831601     
   43.2000000000000       1.974382293557750E-011   38.5394964655804     
   43.4000000000000       1.973072211484429E-011   38.7393004916056     
   43.6000000000000       1.971757937448803E-011   38.9391065297773     
   43.8000000000000       1.970439833339898E-011   39.1389145492791     
   44.0000000000000       1.969118304337442E-011   39.3387245199206     
   44.2000000000000       1.967793242449426E-011   39.5385364121211     
   44.4000000000000       1.966465034562329E-011   39.7383501968949     
   44.6000000000000       1.965133098303547E-011   39.9381658458358     
   44.8000000000000       1.963798314103252E-011   40.1379833311031     
   45.0000000000000       1.962460575455977E-011   40.3378026254076     
   45.2000000000000       1.961119794763315E-011   40.5376237019978     
   45.4000000000000       1.959775876855372E-011   40.7374465346467     
   45.6000000000000       1.958429689558163E-011   40.9372710976395     
   45.8000000000000       1.957080673670901E-011   41.1370973657604     
   46.0000000000000       1.955729197923160E-011   41.3369253142814     
   46.2000000000000       1.954375194468212E-011   41.5367549189499     
   46.4000000000000       1.953019031348801E-011   41.7365861559776     
   46.6000000000000       1.951660632424885E-011   41.9364190020293     
   46.8000000000000       1.950300391115648E-011   42.1362534342126     
   47.0000000000000       1.948937737687500E-011   42.3360894300669     
   47.2000000000000       1.947573542530927E-011   42.5359269675536     
   47.4000000000000       1.946207237537605E-011   42.7357660250460     
   47.6000000000000       1.944839233540286E-011   42.9356065813202     
   47.8000000000000       1.943469431281423E-011   43.1354486155452     
   48.0000000000000       1.942098223413086E-011   43.3352921072740     
   48.2000000000000       1.940725072489345E-011   43.5351370364352     
   48.4000000000000       1.939351282345101E-011   43.7349833833239     
   48.6000000000000       1.937975397368030E-011   43.9348311285937     
   48.8000000000000       1.936598719897182E-011   44.1346802532484     
   49.0000000000000       1.935220715252349E-011   44.3345307386342     
   49.2000000000000       1.933841304934664E-011   44.5343825664321     
   49.4000000000000       1.932461350239054E-011   44.7342357186502     
   49.6000000000000       1.931079850408896E-011   44.9340901776167     
   49.8000000000000       1.929698100523651E-011   45.1339459259726     
   50.0000000000000       1.928314668552104E-011   45.3338029466649     
   50.2000000000000       1.926931306603131E-011   45.5336612229400     
   50.4000000000000       1.925546577589005E-011   45.7335207383370     
   50.6000000000000       1.924161314208455E-011   45.9333814766813     
   50.8000000000000       1.922775465415474E-011   46.1332434220786     
   51.0000000000000       1.921389395236838E-011   46.3331065589087     
   51.2000000000000       1.920002605175955E-011   46.5329708718196     
   51.4000000000000       1.918615468259754E-011   46.7328363457221     
   51.6000000000000       1.917227918228555E-011   46.9327029657836     
   51.8000000000000       1.915839889625249E-011   47.1325707174232     
   52.0000000000000       1.914451771415231E-011   47.3324395863062     
   52.2000000000000       1.913063498073162E-011   47.5323095583389     
   52.4000000000000       1.911675004853387E-011   47.7321806196635     
   52.6000000000000       1.910286227779001E-011   47.9320527566535     
   52.8000000000000       1.908897555087507E-011   48.1319259559083     
   53.0000000000000       1.907508930974475E-011   48.3318002042493     
   53.2000000000000       1.906120275515935E-011   48.5316754887146     
   53.4000000000000       1.904731992508792E-011   48.7315517965550     
   53.6000000000000       1.903343569126487E-011   48.9314291152297     
   53.8000000000000       1.901955392954742E-011   49.1313074324018     
   54.0000000000000       1.900567393694645E-011   49.3311867359342     
   54.2000000000000       1.899179518225582E-011   49.5310670138857     
   54.4000000000000       1.897792161267720E-011   49.7309482545071     
   54.6000000000000       1.896404814561227E-011   49.9308304462373     
   54.8000000000000       1.895018302885916E-011   50.1307135776993     
   55.0000000000000       1.893631689565911E-011   50.3305976376970     
   55.2000000000000       1.892245798627275E-011   50.5304826152114     
   55.4000000000000       1.890860585895645E-011   50.7303684993970     
   55.6000000000000       1.889475531198949E-011   50.9302552795785     
   55.8000000000000       1.888091488393087E-011   51.1301429452477     
   56.0000000000000       1.886707938104035E-011   51.3300314860598     
   56.2000000000000       1.885324838629158E-011   51.5299208918306     
   56.4000000000000       1.883942132646857E-011   51.7298111525332     
   56.6000000000000       1.882560654535877E-011   51.9297022582951     
   56.8000000000000       1.881179896081501E-011   52.1295941993951     
   57.0000000000000       1.879799375884346E-011   52.3294869662605     
   57.2000000000000       1.878420358980582E-011   52.5293805494645     
   57.4000000000000       1.877041476053269E-011   52.7292749397229     
   57.6000000000000       1.875663982279824E-011   52.9291701278918     
   57.8000000000000       1.874286966994558E-011   53.1290661049650     
   58.0000000000000       1.872911244013455E-011   53.3289628620712     
   58.2000000000000       1.871536319281790E-011   53.5288603904716     
   58.4000000000000       1.870162162178602E-011   53.7287586815574     
   58.6000000000000       1.868789139291301E-011   53.9286577268474     
   58.8000000000000       1.867417211611310E-011   54.1285575179857     
   59.0000000000000       1.866046332675330E-011   54.3284580467393     
   59.2000000000000       1.864676456527693E-011   54.5283593049960     
   59.4000000000000       1.863307521916166E-011   54.7282612847619     
   59.6000000000000       1.861939918023311E-011   54.9281639781597     
   59.8000000000000       1.860573181158645E-011   55.1280673774261     
   60.0000000000000       1.859207676852517E-011   55.3279714749100     
   60.2000000000000       1.857843375963429E-011   55.5278762630706     
   60.4000000000000       1.856480650521603E-011   55.7277817344752     
   60.6000000000000       1.855118591854208E-011   55.9276878817973     
   60.8000000000000       1.853758028174531E-011   56.1275946978148     
   61.0000000000000       1.852398484332844E-011   56.3275021754080     
   61.2000000000000       1.851040762694119E-011   56.5274103075581     
   61.4000000000000       1.849683966628093E-011   56.7273190873450     
   61.6000000000000       1.848328483833472E-011   56.9272285079458     
   61.8000000000000       1.846974263970531E-011   57.1271385626333     
   62.0000000000000       1.845621701060342E-011   57.3270492447739     
   62.2000000000000       1.844270324094428E-011   57.5269605478263     
   62.4000000000000       1.842920084076234E-011   57.7268724653397     
   62.6000000000000       1.841571367178378E-011   57.9267849909523     
   62.8000000000000       1.840224558148644E-011   58.1266981183901     
   63.0000000000000       1.838878762129386E-011   58.3266118414646     
   63.2000000000000       1.837534372851808E-011   58.5265261540723     
   63.4000000000000       1.836191342087283E-011   58.7264410501925     
   63.6000000000000       1.834850046751817E-011   58.9263565238863     
   63.8000000000000       1.833510036863164E-011   59.1262725692952     
   64.0000000000000       1.832171689223497E-011   59.3261891806394     
   64.2000000000000       1.830834963559294E-011   59.5261063522170     
   64.4000000000000       1.829499404724077E-011   59.7260240784022     
   64.6000000000000       1.828165804207002E-011   59.9259423536443     
   64.8000000000000       1.826833714795971E-011   60.1258611724666     
   65.0000000000000       1.825503090156559E-011   60.3257805294648     
   65.2000000000000       1.824173891948858E-011   60.5257004193061     
   65.4000000000000       1.822846510426595E-011   60.7256208367277     
   65.6000000000000       1.821520486418362E-011   60.9255417765361     
   65.8000000000000       1.820196194896900E-011   61.1254632336056     
   66.0000000000000       1.818873605206371E-011   61.3253852028775     
   66.2000000000000       1.817552679492093E-011   61.5253076793585     
   66.4000000000000       1.816232961795997E-011   61.7252306581203     
   66.6000000000000       1.814915252339805E-011   61.9251541342982     
   66.8000000000000       1.813599513030568E-011   62.1250781030899     
   67.0000000000000       1.812284879283846E-011   62.3250025597548     
   67.2000000000000       1.810972149729858E-011   62.5249274996131     
   67.4000000000000       1.809661279833585E-011   62.7248529180444     
   67.6000000000000       1.808351824464491E-011   62.9247788104871     
   67.8000000000000       1.807044171389322E-011   63.1247051724375     
   68.0000000000000       1.805738692107291E-011   63.3246319994485     
   68.2000000000000       1.804434527837476E-011   63.5245592871293     
   68.4000000000000       1.803132051186178E-011   63.7244870311440     
   68.6000000000000       1.801831241861890E-011   63.9244152272109     
   68.8000000000000       1.800532470988884E-011   64.1243438711017     
   69.0000000000000       1.799235289927784E-011   64.3242729586408     
   69.2000000000000       1.797939679250263E-011   64.5242024857042     
   69.4000000000000       1.796646002418144E-011   64.7241324482189     
   69.6000000000000       1.795354239331504E-011   64.9240628421620     
   69.8000000000000       1.794063936880952E-011   65.1239936635603     
   70.0000000000000       1.792775891088750E-011   65.3239249084886     
