   10.0000000000000      -1.313675390450289E-011   5.57052402574562     
   10.2000000000000      -1.829183151364978E-012   5.76119368532575     
   10.4000000000000       1.078013724379491E-011   5.95247574025006     
   10.6000000000000       1.708985878219896E-011   6.14431299631567     
   10.8000000000000       1.317761257984720E-011   6.33665502888724     
   11.0000000000000       1.244330980918083E-012   6.52945722962867     
   11.2000000000000      -1.161522330052875E-011   6.72268000666239     
   11.4000000000000      -1.763425796953474E-011   6.91628811071419     
   11.6000000000000      -1.307332005727694E-011   7.11025006514079     
   11.8000000000000      -5.488806416028905E-013   7.30453768196611     
   12.0000000000000       1.246157389212158E-011   7.49912564941347     
   12.2000000000000       1.808737480143084E-011   7.69399117910329     
   12.4000000000000       1.283351425269593E-011   7.88911370323355     
   12.6000000000000      -2.433774175287143E-013   8.08447461378756     
   12.8000000000000      -1.330902348008726E-011   8.28005703720716     
   13.0000000000000      -1.844832669244732E-011   8.47584563909890     
   13.2000000000000      -1.246693459436236E-011   8.67182645445930     
   13.4000000000000       1.119189879854091E-012   8.86798673965451     
   13.6000000000000       1.414741690495779E-011   9.06431484300476     
   13.8000000000000       1.871579753472089E-011   9.26080009132821     
   14.0000000000000       1.198169848584493E-011   9.45743269021635     
   14.2000000000000      -2.065829482932949E-012   9.65420363615772     
   14.4000000000000      -1.496682622436311E-011   9.85110463891381     
   14.6000000000000      -1.888833661268589E-011   10.0481280527896     
   14.8000000000000      -1.138552814525011E-011   10.2452668156415     
   15.0000000000000       3.071052238811770E-012   10.4425143946328     
   15.2000000000000       1.575769131479571E-011   10.6398647378875     
   15.4000000000000       1.896459756616636E-011   10.8373122313132     
   15.6000000000000       1.068592468603974E-011   11.0348516599635     
   15.8000000000000      -4.123058445341381E-012   11.2324781733964     
   16.0000000000000      -1.651091569406360E-011   11.4301872545578     
   16.2000000000000      -1.894348221802416E-011   11.6279746917803     
   16.4000000000000      -9.890298549619610E-012   11.8258365535429     
   16.6000000000000       5.210459671640300E-012   12.0237691656793     
   16.8000000000000       1.721793424907082E-011   12.2217690907645     
   17.0000000000000       1.882427724671549E-011   12.4198331094422     
   17.2000000000000       9.006065282553331E-012   12.6179582034822     
   17.4000000000000      -6.322249175009402E-012   12.8161415403877     
   17.6000000000000      -1.787076498953336E-011   13.0143804593872     
   17.8000000000000      -1.860672247477434E-011   13.2126724586704     
   18.0000000000000      -8.040725396145270E-012   13.4110151837412     
   18.2000000000000       7.447786637000719E-012   13.6094064167753     
   18.4000000000000       1.846202985748371E-011   13.8078440668843     
   18.6000000000000       1.829107132049069E-011   14.0063261611966     
   18.8000000000000       7.001877769458760E-012   14.2048508366772     
   19.0000000000000      -8.576791605581356E-012   14.4034163326163     
   19.2000000000000      -1.898499937184871E-011   14.6020209837236     
   19.4000000000000      -1.787813883929875E-011   14.8006632137730     
   19.6000000000000      -5.897283224918865E-012   14.9993415297460     
   19.8000000000000       9.699342794518590E-012   15.1980545164304     
   20.0000000000000       1.943359543226886E-011   15.3968008314331     
   20.2000000000000       1.736931191265577E-011   15.5955792005698     
   20.4000000000000       4.734844256492175E-012   15.7943884136004     
   20.6000000000000      -1.080588798152396E-011   15.9932273202785     
   20.8000000000000      -1.980243088769620E-011   16.1920948266903     
   21.0000000000000      -1.676656212407625E-011   16.3909898918570     
   21.2000000000000      -3.522614428171221E-012   16.5899115245799     
   21.4000000000000       1.188725157193282E-011   16.7888587805073     
   21.6000000000000       2.008678670579272E-011   16.9878307594067     
   21.8000000000000       1.607245440523929E-011   17.1868266026242     
   22.0000000000000       2.268789551044553E-012   17.3858454907174     
   22.2000000000000      -1.293465808085700E-011   17.5848866412476     
   22.4000000000000      -2.028265301138616E-011   17.7839493067191     
   22.6000000000000      -1.529012770994140E-011   17.9830327726550     
   22.8000000000000      -9.816739262180526E-013   18.1821363557975     
   23.0000000000000       1.393975516204091E-011   18.3812594024251     
   23.2000000000000       2.038672569185339E-011   18.5804012867771     
   23.4000000000000       1.442329285438038E-011   18.7795614095776     
   23.6000000000000      -3.303357589154225E-013   18.9787391966518     
   23.8000000000000      -1.489462701807997E-011   19.1779340976278     
   24.0000000000000      -2.039639747473941E-011   19.3771455847187     
   24.2000000000000      -1.347620808128396E-011   19.5763731515777     
   24.4000000000000       1.658781189151523E-012   19.7756163122224     
   24.6000000000000       1.579182187925378E-011   19.9748746000236     
   24.8000000000000       2.030978447233547E-011   20.1741475667522     
   25.0000000000000       1.245365801524947E-011   20.3734347816838     
   25.2000000000000      -2.995183231179509E-012   20.5727358307531     
   25.4000000000000      -1.662438382067041E-011   20.7720503157579     
   25.6000000000000      -2.012569273288818E-011   20.9713778536082     
   25.8000000000000      -1.136091332856525E-011   21.1707180756165     
   26.0000000000000       4.331082320392643E-012   21.3700706268291     
   26.2000000000000       1.738587217262345E-011   21.5694351653930     
   26.4000000000000       1.984364626812374E-011   21.7688113619582     
   26.6000000000000       1.020370835546044E-011   21.9681988991121     
   26.8000000000000      -5.658070585288598E-012   22.1675974708442     
   27.0000000000000      -1.807037787878279E-011   22.3670067820396     
   27.2000000000000      -1.946384155702915E-011   22.5664265479990     
   27.4000000000000      -8.988207038114819E-012   22.7658564939837     
   27.6000000000000       6.967841620122377E-012   22.9652963547847     
   27.8000000000000       1.867255895210683E-011   23.1647458743134     
   28.0000000000000       1.898717415630495E-011   23.3642048052132     
   28.2000000000000       7.720962312703261E-012   23.5636729084914     
   28.4000000000000      -8.252228880692355E-012   23.7631499531691     
   28.6000000000000      -1.918765036874898E-011   23.9626357159481     
   28.8000000000000      -1.841519646366755E-011   24.1621299808949     
   29.0000000000000      -6.408860435244775E-012   24.3616325391400     
   29.2000000000000       9.503252371749555E-012   24.5611431885919     
   29.4000000000000       1.961149600217622E-011   24.7606617336642     
   29.6000000000000       1.775010245093226E-011   24.9601879850167     
   29.8000000000000       5.059102248860559E-012   25.1597217593081     
   30.0000000000000      -1.071315674737988E-011   25.3592628789606     
   30.2000000000000      -1.994054121284936E-011   25.5588111719355     
   30.4000000000000      -1.699473215704774E-011   25.7583664715192     
   30.6000000000000      -3.679137712890580E-012   25.9579286161187     
   30.8000000000000       1.187445819550600E-011   26.1574974490669     
   31.0000000000000       2.017188069268074E-011   26.3570728184366     
   31.2000000000000       1.615251869745749E-011   26.5566545768626     
   31.4000000000000       2.276629284359474E-012   26.7562425813720     
   31.6000000000000      -1.297998635449581E-011   26.9558366932220     
   31.8000000000000      -2.030323201966707E-011   27.1554367777445     
   32.0000000000000      -1.522747217468099E-011   27.3550427041982     
   32.2000000000000      -8.594006943037053E-013   27.5546543456262     
   32.4000000000000       1.402291549543498E-011   27.7542715787204     
   32.6000000000000       2.033296589460901E-011   27.9538942836914     
   32.8000000000000       1.422415073003757E-011   28.1535223441441     
   33.0000000000000      -5.646096238495319E-013   28.3531556469584     
   33.2000000000000      -1.499681562924310E-011   28.5527940821748     
   33.4000000000000      -2.026010688637255E-011   28.7524375428851     
   33.6000000000000      -1.314762414853422E-011   28.9520859251270     
   33.8000000000000       1.987401546542062E-012   29.1517391277838     
   34.0000000000000       1.589567741900569E-011   29.3513970524878     
   34.2000000000000       2.008433042873221E-011   29.5510596035272     
   34.4000000000000       1.200345862722077E-011   29.7507266877575     
   34.6000000000000      -3.400960706920479E-012   29.9503982145159     
   34.8000000000000      -1.671395306437697E-011   30.1500740955392     
   35.0000000000000      -1.980596200107657E-011   30.3497542448853     
   35.2000000000000      -1.079763921081475E-011   30.5494385788571     
   35.4000000000000       4.797304859426056E-012   30.7491270159299     
   35.6000000000000       1.744658070168593E-011   30.9488194766814     
   35.8000000000000       1.942596780808217E-011   31.1485158837246     
   36.0000000000000       9.536573486784839E-012   31.3482161616426     
   36.2000000000000      -6.168538966525488E-012   31.5479202369269     
   36.4000000000000      -1.808901956972340E-011   31.7476280379169     
   36.6000000000000      -1.894595849741473E-011   31.9473394947429     
   36.8000000000000      -8.227020541496705E-012   32.1470545392698     
   37.0000000000000       7.506897754802348E-012   32.3467731050442     
   37.2000000000000       1.863727500138942E-011   32.5464951272428     
   37.4000000000000       1.836815257543289E-011   32.7462205426225     
   37.6000000000000       6.876058987695433E-012   32.9459492894726     
   37.8000000000000      -8.804796836272391E-012   33.1456813075690     
   38.0000000000000      -1.908791170947955E-011   33.3454165381294     
   38.2000000000000      -1.769537870562139E-011   33.5451549237708     
   38.4000000000000      -5.491040296296738E-012   33.7448964084676     
   38.6000000000000       1.005487768993602E-011   33.9446409375123     
   38.8000000000000       1.943808598467455E-011   34.1443884574767     
   39.0000000000000       1.693105974508449E-011   34.3441389161746     
   39.2000000000000       4.079544210139442E-012   34.5438922626262     
   39.4000000000000      -1.125005001712055E-011   34.7436484470234     
   39.6000000000000      -1.968554832854156E-011   34.9434074206964     
   39.8000000000000      -1.607916128733349E-011   35.1431691360812     
   40.0000000000000      -2.649324675595680E-012   35.3429335466885     
   40.2000000000000       1.238354133979543E-011   35.5427006070735     
   40.4000000000000       1.982867121049425E-011   35.7424702728070     
   40.6000000000000       1.514420103127165E-011   35.9422425004468     
   40.8000000000000       1.208274262983076E-012   36.1420172475105     
   41.0000000000000      -1.344892656883177E-011   36.3417944724497     
   41.2000000000000      -1.986643880369095E-011   36.5415741346238     
   41.4000000000000      -1.413119259961291E-011   36.7413561942756     
   41.6000000000000       2.356422301871608E-013   36.9411406125077     
   41.8000000000000       1.444017842789648E-011   37.1409273512589     
   42.0000000000000       1.979846355596369E-011   37.3407163732824     
   42.2000000000000       1.304563669462134E-011   37.5405076421237     
   42.4000000000000      -1.674417561531013E-012   37.7403011220999     
   42.6000000000000      -1.535169587638354E-011   37.9400967782793     
   42.8000000000000      -1.962498185048369E-011   38.1398945764619     
   43.0000000000000      -1.189346203677332E-011   38.3396944831601     
   43.2000000000000       3.100066148002603E-012   38.5394964655804     
   43.4000000000000       1.617834335119237E-011   38.7393004916056     
   43.6000000000000       1.934686515395130E-011   38.9391065297773     
   43.8000000000000       1.068100621673574E-011   39.1389145492791     
   44.0000000000000      -4.504666846828060E-012   39.3387245199206     
   44.2000000000000      -1.691546628741897E-011   39.5385364121211     
   44.4000000000000      -1.896558826954359E-011   39.7383501968949     
   44.6000000000000      -9.414971028606066E-012   39.9381658458358     
   44.8000000000000       5.880408544482434E-012   40.1379833311031     
   45.0000000000000       1.755894757026188E-011   40.3378026254076     
   45.2000000000000       1.848324324118978E-011   40.5376237019978     
   45.4000000000000       8.102380347033985E-012   40.7374465346467     
   45.6000000000000      -7.219642144841875E-012   40.9372710976395     
   45.8000000000000      -1.810519820357779E-011   41.1370973657604     
   46.0000000000000      -1.790251024103979E-011   41.3369253142814     
   46.2000000000000      -6.750537066623788E-012   41.5367549189499     
   46.4000000000000       8.514923670157736E-012   41.7365861559776     
   46.6000000000000       1.855120269358781E-011   41.9364190020293     
   46.8000000000000       1.722665506413194E-011   42.1362534342126     
   47.0000000000000       5.366981460777036E-012   42.3360894300669     
   47.2000000000000      -9.759060748322319E-012   42.5359269675536     
   47.4000000000000      -1.889453109434282E-011   42.7357660250460     
   47.6000000000000      -1.645949276857038E-011   42.9356065813202     
   47.8000000000000      -3.959441821946418E-012   43.1354486155452     
   48.0000000000000       1.094515281763543E-011   43.3352921072740     
   48.2000000000000       1.913333541265877E-011   43.5351370364352     
   48.4000000000000       1.560537401099470E-011   43.7349833833239     
   48.6000000000000       2.535788173720488E-012   43.9348311285937     
   48.8000000000000      -1.206663539525720E-011   44.1346802532484     
   49.0000000000000      -1.926639655294751E-011   44.3345307386342     
   49.2000000000000      -1.466915294484870E-011   44.5343825664321     
   49.4000000000000      -1.103991711248946E-012   44.7342357186502     
   49.6000000000000       1.311731695884179E-011   44.9340901776167     
   49.8000000000000       1.929308907745732E-011   45.1339459259726     
   50.0000000000000       1.365617114620529E-011   45.3338029466649     
   50.2000000000000      -3.279350440180445E-013   45.5336612229400     
   50.4000000000000      -1.409141880858564E-011   45.7335207383370     
   50.6000000000000      -1.921340872785241E-011   45.9333814766813     
   50.8000000000000      -1.257220581450664E-011   46.1332434220786     
   51.0000000000000       1.751976447586188E-012   46.3331065589087     
   51.2000000000000       1.498360311940834E-011   46.5329708718196     
   51.4000000000000       1.902798154092338E-011   46.7328363457221     
   51.6000000000000       1.142344846277456E-011   46.9327029657836     
   51.8000000000000      -3.160163475291573E-012   47.1325707174232     
   52.0000000000000      -1.578900962135095E-011   47.3324395863062     
   52.2000000000000      -1.873802667100225E-011   47.5323095583389     
   52.4000000000000      -1.021645470929003E-011   47.7321806196635     
   52.6000000000000       4.544624030270266E-012   47.9320527566535     
   52.8000000000000       1.650328201287040E-011   48.1319259559083     
   53.0000000000000       1.834537608745649E-011   48.3318002042493     
   53.2000000000000       8.958121324377137E-012   48.5316754887146     
   53.4000000000000      -5.897627477991662E-012   48.7315517965550     
   53.6000000000000      -1.712259666507833E-011   48.9314291152297     
   53.8000000000000      -1.785245809453477E-011   49.1313074324018     
   54.0000000000000      -7.655639209379095E-012   49.3311867359342     
   54.2000000000000       7.211631448303588E-012   49.5310670138857     
   54.4000000000000       1.764367450644296E-011   49.7309482545071     
   54.6000000000000       1.726226280593236E-011   49.9308304462373     
   54.8000000000000       6.316436616097961E-012   50.1307135776993     
   55.0000000000000      -8.479324440889128E-012   50.3305976376970     
   55.2000000000000      -1.806380857600099E-011   50.5304826152114     
   55.4000000000000      -1.657835707258508E-011   50.7303684993970     
   55.6000000000000      -4.948153228953462E-012   50.9302552795785     
   55.8000000000000       9.693671086635125E-012   51.1301429452477     
   56.0000000000000       1.838088796155139E-011   51.3300314860598     
   56.2000000000000       1.580483357858877E-011   51.5299208918306     
   56.4000000000000       3.558592058825845E-012   51.7298111525332     
   56.6000000000000      -1.084795096802402E-011   51.9297022582951     
   56.8000000000000      -1.859338286676684E-011   52.1295941993951     
   57.0000000000000      -1.494629581424070E-011   52.3294869662605     
   57.2000000000000      -2.155664014714184E-012   52.5293805494645     
   57.4000000000000       1.193580004423597E-011   52.7292749397229     
   57.6000000000000       1.870037894652971E-011   52.9291701278918     
   57.8000000000000       1.400784330087564E-011   53.1290661049650     
   58.0000000000000       7.473412079871502E-013   53.3289628620712     
   58.2000000000000      -1.295124845732807E-011   53.5288603904716     
   58.4000000000000      -1.870157066545777E-011   53.7287586815574     
   58.6000000000000      -1.299501784020687E-011   53.9286577268474     
   58.8000000000000       6.583773395397763E-013   54.1285575179857     
   59.0000000000000       1.388874965002637E-011   54.3284580467393     
   59.2000000000000       1.859726581166894E-011   54.5283593049960     
   59.4000000000000       1.191378404727373E-011   54.7282612847619     
   59.6000000000000      -2.053524503319852E-012   54.9281639781597     
   59.8000000000000      -1.474321819814369E-011   55.1280673774261     
   60.0000000000000      -1.838836961876358E-011   55.3279714749100     
   60.2000000000000      -1.077048902631902E-011   55.5278762630706     
   60.4000000000000       3.430208725812693E-012   55.7277817344752     
   60.6000000000000       1.551005847286216E-011   55.9276878817973     
   60.8000000000000       1.807640493551488E-011   56.1275946978148     
   61.0000000000000       9.571832286920609E-012   56.3275021754080     
   61.2000000000000      -4.780658955043848E-012   56.5274103075581     
   61.4000000000000      -1.618518885647578E-011   56.7273190873450     
   61.6000000000000      -1.766347528821378E-011   56.9272285079458     
   61.8000000000000      -8.324817205290947E-012   57.1271385626333     
   62.0000000000000       6.097270997392355E-012   57.3270492447739     
   62.2000000000000       1.676506354210236E-011   57.5269605478263     
   62.4000000000000       1.715226471595882E-011   57.7268724653397     
   62.6000000000000       7.036706789743232E-012   57.9267849909523     
   62.8000000000000      -7.372652457852202E-012   58.1266981183901     
   63.0000000000000      -1.724669538719047E-011   58.3266118414646     
   63.2000000000000      -1.654602569810197E-011   58.5265261540723     
   63.4000000000000      -5.714993746061830E-012   58.7264410501925     
   63.6000000000000       8.599664646405687E-012   58.9263565238863     
   63.8000000000000       1.762766933074918E-011   59.1262725692952     
   64.0000000000000       1.584854072282249E-011   59.3261891806394     
   64.2000000000000       4.367342741720009E-012   59.5261063522170     
   64.4000000000000      -9.771464991757059E-012   59.7260240784022     
   64.6000000000000      -1.790616603070412E-011   59.9259423536443     
   64.8000000000000      -1.506412606287263E-011   60.1258611724666     
   65.0000000000000      -3.001551788191312E-012   60.3257805294648     
   65.2000000000000       1.088154736982408E-011   60.5257004193061     
   65.4000000000000       1.808095366411477E-011   60.7256208367277     
   65.6000000000000       1.419757386318530E-011   60.9255417765361     
   65.8000000000000       1.625503628073617E-012   61.1254632336056     
   66.0000000000000      -1.192377587666655E-011   61.3253852028775     
   66.2000000000000      -1.815140410704301E-011   61.5253076793585     
   66.4000000000000      -1.325415001578400E-011   61.7252306581203     
   66.6000000000000      -2.471237722188106E-013   61.9251541342982     
   66.8000000000000       1.289242463362860E-011   62.1250781030899     
   67.0000000000000       1.811749539918330E-011   62.3250025597548     
   67.2000000000000       1.223955277879343E-011   62.5249274996131     
   67.4000000000000      -1.125669533228331E-012   62.7248529180444     
   67.6000000000000      -1.378220582916273E-011   62.9247788104871     
   67.8000000000000      -1.797981547031873E-011   63.1247051724375     
   68.0000000000000      -1.115987422532339E-011   63.3246319994485     
   68.2000000000000       2.485014264557301E-012   63.5245592871293     
   68.4000000000000       1.458830921956155E-011   63.7244870311440     
   68.6000000000000       1.773954879979689E-011   63.9244152272109     
   68.8000000000000       1.002156061974672E-011   64.1243438711017     
   69.0000000000000      -3.823146436589641E-012   64.3242729586408     
   69.2000000000000      -1.530641232420338E-011   64.5242024857042     
   69.4000000000000      -1.739846340865797E-011   64.7241324482189     
   69.6000000000000      -8.831389026270426E-012   64.9240628421620     
   69.8000000000000       5.132445865418937E-012   65.1239936635603     
   70.0000000000000       1.593272456962913E-011   65.3239249084886     
