   10.0000000000000       1.369873948301814E-011   70.0000000000000     
   10.2000000000000       1.377327735495950E-011   70.0000000000000     
   10.4000000000000       1.385080822455245E-011   70.0000000000000     
   10.6000000000000       1.393065141422029E-011   70.0000000000000     
   10.8000000000000       1.401231237925990E-011   70.0000000000000     
   11.0000000000000       1.409550242339359E-011   70.0000000000000     
   11.2000000000000       1.418002886065690E-011   70.0000000000000     
   11.4000000000000       1.426564556205136E-011   70.0000000000000     
   11.6000000000000       1.435198120209315E-011   70.0000000000000     
   11.8000000000000       1.443859707101590E-011   70.0000000000000     
   12.0000000000000       1.452512282057118E-011   70.0000000000000     
   12.2000000000000       1.461135904432149E-011   70.0000000000000     
   12.4000000000000       1.469726474499662E-011   70.0000000000000     
   12.6000000000000       1.478283975233642E-011   70.0000000000000     
   12.8000000000000       1.486799374288926E-011   70.0000000000000     
   13.0000000000000       1.495250202782369E-011   70.0000000000000     
   13.2000000000000       1.503607940297944E-011   70.0000000000000     
   13.4000000000000       1.511851242872791E-011   70.0000000000000     
   13.6000000000000       1.519974783863443E-011   70.0000000000000     
   13.8000000000000       1.527987112370017E-011   70.0000000000000     
   14.0000000000000       1.535899405878842E-011   70.0000000000000     
   14.2000000000000       1.543713695057112E-011   70.0000000000000     
   14.4000000000000       1.551419084088067E-011   70.0000000000000     
   14.6000000000000       1.558998036815645E-011   70.0000000000000     
   14.8000000000000       1.566437154404999E-011   70.0000000000000     
   15.0000000000000       1.573733904029107E-011   70.0000000000000     
   15.2000000000000       1.580894480810232E-011   70.0000000000000     
   15.4000000000000       1.587925192634477E-011   70.0000000000000     
   15.6000000000000       1.594824726603190E-011   70.0000000000000     
   15.8000000000000       1.601583640038492E-011   70.0000000000000     
   16.0000000000000       1.608191444899907E-011   70.0000000000000     
   16.2000000000000       1.614645550190499E-011   70.0000000000000     
   16.4000000000000       1.620954854802869E-011   70.0000000000000     
   16.6000000000000       1.627134966956012E-011   70.0000000000000     
   16.8000000000000       1.633198495317536E-011   70.0000000000000     
   17.0000000000000       1.639147581822169E-011   70.0000000000000     
   17.2000000000000       1.644974043477570E-011   70.0000000000000     
   17.4000000000000       1.650666683670034E-011   70.0000000000000     
   17.6000000000000       1.656220053413990E-011   70.0000000000000     
   17.8000000000000       1.661638163079943E-011   70.0000000000000     
   18.0000000000000       1.666930772170706E-011   70.0000000000000     
   18.2000000000000       1.672105592146557E-011   70.0000000000000     
   18.4000000000000       1.677162643122561E-011   70.0000000000000     
   18.6000000000000       1.682095039182522E-011   70.0000000000000     
   18.8000000000000       1.686895358523445E-011   70.0000000000000     
   19.0000000000000       1.691562525951676E-011   70.0000000000000     
   19.2000000000000       1.696103976776089E-011   70.0000000000000     
   19.4000000000000       1.700531709674920E-011   70.0000000000000     
   19.6000000000000       1.704855546176309E-011   70.0000000000000     
   19.8000000000000       1.709078841853671E-011   70.0000000000000     
   20.0000000000000       1.713199678684601E-011   70.0000000000000     
   20.2000000000000       1.717216099291352E-011   70.0000000000000     
   20.4000000000000       1.721130785791549E-011   70.0000000000000     
   20.6000000000000       1.724951163830753E-011   70.0000000000000     
   20.8000000000000       1.728684676453096E-011   70.0000000000000     
   21.0000000000000       1.732332916757533E-011   70.0000000000000     
   21.2000000000000       1.735889357584161E-011   70.0000000000000     
   21.4000000000000       1.739342792174170E-011   70.0000000000000     
   21.6000000000000       1.742684356397432E-011   70.0000000000000     
   21.8000000000000       1.745913379060119E-011   70.0000000000000     
   22.0000000000000       1.749038222303266E-011   70.0000000000000     
   22.2000000000000       1.752071924178211E-011   70.0000000000000     
   22.4000000000000       1.755026025673424E-011   70.0000000000000     
   22.6000000000000       1.757906835176118E-011   70.0000000000000     
   22.8000000000000       1.760716092601641E-011   70.0000000000000     
   23.0000000000000       1.763454484193800E-011   70.0000000000000     
   23.2000000000000       1.766124478559950E-011   70.0000000000000     
   23.4000000000000       1.768729924326661E-011   70.0000000000000     
   23.6000000000000       1.771272831950223E-011   70.0000000000000     
   23.8000000000000       1.773750292918172E-011   70.0000000000000     
   24.0000000000000       1.776154551741287E-011   70.0000000000000     
   24.2000000000000       1.778476822990189E-011   70.0000000000000     
   24.4000000000000       1.780712474670826E-011   70.0000000000000     
   24.6000000000000       1.782864014447539E-011   70.0000000000000     
   24.8000000000000       1.784939829424152E-011   70.0000000000000     
   25.0000000000000       1.786949666989349E-011   70.0000000000000     
   25.2000000000000       1.788900092011676E-011   70.0000000000000     
   25.4000000000000       1.790792958722500E-011   70.0000000000000     
   25.6000000000000       1.792627530926225E-011   70.0000000000000     
   25.8000000000000       1.794404159753456E-011   70.0000000000000     
   26.0000000000000       1.796126433974910E-011   70.0000000000000     
   26.2000000000000       1.797800108492748E-011   70.0000000000000     
   26.4000000000000       1.799429716692494E-011   70.0000000000000     
   26.6000000000000       1.801015549573156E-011   70.0000000000000     
   26.8000000000000       1.802553330491418E-011   70.0000000000000     
   27.0000000000000       1.804036805672659E-011   70.0000000000000     
   27.2000000000000       1.805461303914325E-011   70.0000000000000     
   27.4000000000000       1.806825751099840E-011   70.0000000000000     
   27.6000000000000       1.808132003729601E-011   70.0000000000000     
   27.8000000000000       1.809382520432172E-011   70.0000000000000     
   28.0000000000000       1.810578602102083E-011   70.0000000000000     
   28.2000000000000       1.811720785096351E-011   70.0000000000000     
   28.4000000000000       1.812811040534640E-011   70.0000000000000     
   28.6000000000000       1.813854786115090E-011   70.0000000000000     
   28.8000000000000       1.814860673930988E-011   70.0000000000000     
   29.0000000000000       1.815837726934936E-011   70.0000000000000     
   29.2000000000000       1.816791422783936E-011   70.0000000000000     
   29.4000000000000       1.817721220834326E-011   70.0000000000000     
   29.6000000000000       1.818621124464040E-011   70.0000000000000     
   29.8000000000000       1.819482857002958E-011   70.0000000000000     
   30.0000000000000       1.820299596850101E-011   70.0000000000000     
   30.2000000000000       1.821068111108117E-011   70.0000000000000     
   30.4000000000000       1.821788507408724E-011   70.0000000000000     
   30.6000000000000       1.822462559532856E-011   70.0000000000000     
   30.8000000000000       1.823092344042490E-011   70.0000000000000     
   31.0000000000000       1.823680262879401E-011   70.0000000000000     
   31.2000000000000       1.824230074268290E-011   70.0000000000000     
   31.4000000000000       1.824747539081689E-011   70.0000000000000     
   31.6000000000000       1.825239529514663E-011   70.0000000000000     
   31.8000000000000       1.825711724259774E-011   70.0000000000000     
   32.0000000000000       1.826166281873482E-011   70.0000000000000     
   32.2000000000000       1.826601109042358E-011   70.0000000000000     
   32.4000000000000       1.827011316280125E-011   70.0000000000000     
   32.6000000000000       1.827391949576736E-011   70.0000000000000     
   32.8000000000000       1.827740238599847E-011   70.0000000000000     
   33.0000000000000       1.828056034152055E-011   70.0000000000000     
   33.2000000000000       1.828340467602451E-011   70.0000000000000     
   33.4000000000000       1.828594117801333E-011   70.0000000000000     
   33.6000000000000       1.828816200083676E-011   70.0000000000000     
   33.8000000000000       1.829005383434207E-011   70.0000000000000     
   34.0000000000000       1.829161536171708E-011   70.0000000000000     
   34.2000000000000       1.829286996908615E-011   70.0000000000000     
   34.4000000000000       1.829386359332204E-011   70.0000000000000     
   34.6000000000000       1.829464887881473E-011   70.0000000000000     
   34.8000000000000       1.829526653004876E-011   70.0000000000000     
   35.0000000000000       1.829573568435665E-011   70.0000000000000     
   35.2000000000000       1.829605721387135E-011   70.0000000000000     
   35.4000000000000       1.829622383516466E-011   70.0000000000000     
   35.6000000000000       1.829622675006455E-011   70.0000000000000     
   35.8000000000000       1.829605321665269E-011   70.0000000000000     
   36.0000000000000       1.829567875382531E-011   70.0000000000000     
   36.2000000000000       1.829506379829907E-011   70.0000000000000     
   36.4000000000000       1.829416239044897E-011   70.0000000000000     
   36.6000000000000       1.829294139021893E-011   70.0000000000000     
   36.8000000000000       1.829139978563448E-011   70.0000000000000     
   37.0000000000000       1.828957581881273E-011   70.0000000000000     
   37.2000000000000       1.828753653306646E-011   70.0000000000000     
   37.4000000000000       1.828535505389271E-011   70.0000000000000     
   37.6000000000000       1.828308786258949E-011   70.0000000000000     
   37.8000000000000       1.828076290765978E-011   70.0000000000000     
   38.0000000000000       1.827838127368670E-011   70.0000000000000     
   38.2000000000000       1.827592662101866E-011   70.0000000000000     
   38.4000000000000       1.827337375435490E-011   70.0000000000000     
   38.6000000000000       1.827069173358798E-011   70.0000000000000     
   38.8000000000000       1.826784380124746E-011   70.0000000000000     
   39.0000000000000       1.826479014018047E-011   70.0000000000000     
   39.2000000000000       1.826149709052395E-011   70.0000000000000     
   39.4000000000000       1.825795010353138E-011   70.0000000000000     
   39.6000000000000       1.825416280446866E-011   70.0000000000000     
   39.8000000000000       1.825017534543024E-011   70.0000000000000     
   40.0000000000000       1.824604148665682E-011   70.0000000000000     
   40.2000000000000       1.824181098550477E-011   70.0000000000000     
   40.4000000000000       1.823751660161926E-011   70.0000000000000     
   40.6000000000000       1.823317139529467E-011   70.0000000000000     
   40.8000000000000       1.822877482335830E-011   70.0000000000000     
   41.0000000000000       1.822432076627500E-011   70.0000000000000     
   41.2000000000000       1.821980081873419E-011   70.0000000000000     
   41.4000000000000       1.821520136722023E-011   70.0000000000000     
   41.6000000000000       1.821049886582721E-011   70.0000000000000     
   41.8000000000000       1.820565970451313E-011   70.0000000000000     
   42.0000000000000       1.820064773689546E-011   70.0000000000000     
   42.2000000000000       1.819543661391218E-011   70.0000000000000     
   42.4000000000000       1.819002014790522E-011   70.0000000000000     
   42.6000000000000       1.818441490821422E-011   70.0000000000000     
   42.8000000000000       1.817865421384352E-011   70.0000000000000     
   43.0000000000000       1.817277780397433E-011   70.0000000000000     
   43.2000000000000       1.816682303581330E-011   70.0000000000000     
   43.4000000000000       1.816082072724194E-011   70.0000000000000     
   43.6000000000000       1.815479431869655E-011   70.0000000000000     
   43.8000000000000       1.814875860452622E-011   70.0000000000000     
   44.0000000000000       1.814271575424738E-011   70.0000000000000     
   44.2000000000000       1.813665030371739E-011   70.0000000000000     
   44.4000000000000       1.813052776359777E-011   70.0000000000000     
   44.6000000000000       1.812430072878729E-011   70.0000000000000     
   44.8000000000000       1.811792207901947E-011   70.0000000000000     
   45.0000000000000       1.811136005616022E-011   70.0000000000000     
   45.2000000000000       1.810460821927302E-011   70.0000000000000     
   45.4000000000000       1.809768588590695E-011   70.0000000000000     
   45.6000000000000       1.809062988404680E-011   70.0000000000000     
   45.8000000000000       1.808348271118089E-011   70.0000000000000     
   46.0000000000000       1.807628284553665E-011   70.0000000000000     
   46.2000000000000       1.806906004507195E-011   70.0000000000000     
   46.4000000000000       1.806183455253906E-011   70.0000000000000     
   46.6000000000000       1.805461715110763E-011   70.0000000000000     
   46.8000000000000       1.804740810169345E-011   70.0000000000000     
   47.0000000000000       1.804019574089561E-011   70.0000000000000     
   47.2000000000000       1.803295731360981E-011   70.0000000000000     
   47.4000000000000       1.802566380041671E-011   70.0000000000000     
   47.6000000000000       1.801828768351820E-011   70.0000000000000     
   47.8000000000000       1.801081009902004E-011   70.0000000000000     
   48.0000000000000       1.800322377955162E-011   70.0000000000000     
   48.2000000000000       1.799553081391900E-011   70.0000000000000     
   48.4000000000000       1.798773764433876E-011   70.0000000000000     
   48.6000000000000       1.797985134791962E-011   70.0000000000000     
   48.8000000000000       1.797187988433783E-011   70.0000000000000     
   49.0000000000000       1.796383566130305E-011   70.0000000000000     
   49.2000000000000       1.795573895607756E-011   70.0000000000000     
   49.4000000000000       1.794761749868423E-011   70.0000000000000     
   49.6000000000000       1.793950100024270E-011   70.0000000000000     
   49.8000000000000       1.793141276718322E-011   70.0000000000000     
   50.0000000000000       1.792336241130513E-011   70.0000000000000     
   50.2000000000000       1.791534288896406E-011   70.0000000000000     
   50.4000000000000       1.790733248166473E-011   70.0000000000000     
   50.6000000000000       1.789929987493134E-011   70.0000000000000     
   50.8000000000000       1.789120982580065E-011   70.0000000000000     
   51.0000000000000       1.788302809194974E-011   70.0000000000000     
   51.2000000000000       1.787472594049790E-011   70.0000000000000     
   51.4000000000000       1.786628506734775E-011   70.0000000000000     
   51.6000000000000       1.785770266752678E-011   70.0000000000000     
   51.8000000000000       1.784899472168006E-011   70.0000000000000     
   52.0000000000000       1.784019495131824E-011   70.0000000000000     
   52.2000000000000       1.783134824822280E-011   70.0000000000000     
   52.4000000000000       1.782250006890750E-011   70.0000000000000     
   52.6000000000000       1.781368555071282E-011   70.0000000000000     
   52.8000000000000       1.780492237472594E-011   70.0000000000000     
   53.0000000000000       1.779620944549243E-011   70.0000000000000     
   53.2000000000000       1.778753056594507E-011   70.0000000000000     
   53.4000000000000       1.777886030797626E-011   70.0000000000000     
   53.6000000000000       1.777016929992667E-011   70.0000000000000     
   53.8000000000000       1.776142778859970E-011   70.0000000000000     
   54.0000000000000       1.775260814094291E-011   70.0000000000000     
   54.2000000000000       1.774368757563207E-011   70.0000000000000     
   54.4000000000000       1.773465158380832E-011   70.0000000000000     
   54.6000000000000       1.772549711293601E-011   70.0000000000000     
   54.8000000000000       1.771623391601546E-011   70.0000000000000     
   55.0000000000000       1.770688311043118E-011   70.0000000000000     
   55.2000000000000       1.769747343603338E-011   70.0000000000000     
   55.4000000000000       1.768803679212749E-011   70.0000000000000     
   55.6000000000000       1.767860452445355E-011   70.0000000000000     
   55.8000000000000       1.766920477961893E-011   70.0000000000000     
   56.0000000000000       1.765986006239112E-011   70.0000000000000     
   56.2000000000000       1.765058397117863E-011   70.0000000000000     
   56.4000000000000       1.764137717437312E-011   70.0000000000000     
   56.6000000000000       1.763222421527510E-011   70.0000000000000     
   56.8000000000000       1.762309345326054E-011   70.0000000000000     
   57.0000000000000       1.761394163500854E-011   70.0000000000000     
   57.2000000000000       1.760472259420557E-011   70.0000000000000     
   57.4000000000000       1.759539759699857E-011   70.0000000000000     
   57.6000000000000       1.758594407496989E-011   70.0000000000000     
   57.8000000000000       1.757636028975123E-011   70.0000000000000     
   58.0000000000000       1.756666521778337E-011   70.0000000000000     
   58.2000000000000       1.755689452147495E-011   70.0000000000000     
   58.4000000000000       1.754709411716106E-011   70.0000000000000     
   58.6000000000000       1.753731260724426E-011   70.0000000000000     
   58.8000000000000       1.752759338192596E-011   70.0000000000000     
   59.0000000000000       1.751796715681355E-011   70.0000000000000     
   59.2000000000000       1.750844615255298E-011   70.0000000000000     
   59.4000000000000       1.749902148557292E-011   70.0000000000000     
   59.6000000000000       1.748966496426372E-011   70.0000000000000     
   59.8000000000000       1.748033522025390E-011   70.0000000000000     
   60.0000000000000       1.747098652063676E-011   70.0000000000000     
   60.2000000000000       1.746157763040784E-011   70.0000000000000     
   60.4000000000000       1.745207833684632E-011   70.0000000000000     
   60.6000000000000       1.744247254929308E-011   70.0000000000000     
   60.8000000000000       1.743275842232854E-011   70.0000000000000     
   61.0000000000000       1.742294680953001E-011   70.0000000000000     
   61.2000000000000       1.741305917220485E-011   70.0000000000000     
   61.4000000000000       1.740312522297933E-011   70.0000000000000     
   61.6000000000000       1.739317986318232E-011   70.0000000000000     
   61.8000000000000       1.738325895932009E-011   70.0000000000000     
   62.0000000000000       1.737339417139927E-011   70.0000000000000     
   62.2000000000000       1.736360783623119E-011   70.0000000000000     
   62.4000000000000       1.735390920164760E-011   70.0000000000000     
   62.6000000000000       1.734429289744853E-011   70.0000000000000     
   62.8000000000000       1.733473974582996E-011   70.0000000000000     
   63.0000000000000       1.732521941838195E-011   70.0000000000000     
   63.2000000000000       1.731569436595832E-011   70.0000000000000     
   63.4000000000000       1.730612473127247E-011   70.0000000000000     
   63.6000000000000       1.729647413424756E-011   70.0000000000000     
   63.8000000000000       1.728671593611963E-011   70.0000000000000     
   64.0000000000000       1.727683892366116E-011   70.0000000000000     
   64.2000000000000       1.726685081237833E-011   70.0000000000000     
   64.4000000000000       1.725677809435293E-011   70.0000000000000     
   64.6000000000000       1.724666170898241E-011   70.0000000000000     
   64.8000000000000       1.723654939906346E-011   70.0000000000000     
   65.0000000000000       1.722648672621746E-011   70.0000000000000     
   65.2000000000000       1.721650900745298E-011   70.0000000000000     
   65.4000000000000       1.720663584754163E-011   70.0000000000000     
   65.6000000000000       1.719686891665930E-011   70.0000000000000     
   65.8000000000000       1.718719274423287E-011   70.0000000000000     
   66.0000000000000       1.717757790132291E-011   70.0000000000000     
   66.2000000000000       1.716798594055128E-011   70.0000000000000     
   66.4000000000000       1.715837551622032E-011   70.0000000000000     
   66.6000000000000       1.714870896019265E-011   70.0000000000000     
   66.8000000000000       1.713895829101809E-011   70.0000000000000     
   67.0000000000000       1.712910948681360E-011   70.0000000000000     
   67.2000000000000       1.711916413412004E-011   70.0000000000000     
   67.4000000000000       1.710913826498333E-011   70.0000000000000     
   67.6000000000000       1.709905898256137E-011   70.0000000000000     
   67.8000000000000       1.708895993000639E-011   70.0000000000000     
   68.0000000000000       1.707887657495849E-011   70.0000000000000     
   68.2000000000000       1.706884182616237E-011   70.0000000000000     
   68.4000000000000       1.705888207079560E-011   70.0000000000000     
   68.6000000000000       1.704901365364091E-011   70.0000000000000     
   68.8000000000000       1.703924012658169E-011   70.0000000000000     
   69.0000000000000       1.702955097078964E-011   70.0000000000000     
   69.2000000000000       1.701992254334013E-011   70.0000000000000     
   69.4000000000000       1.701032155007000E-011   70.0000000000000     
   69.6000000000000       1.700071057366332E-011   70.0000000000000     
   69.8000000000000       1.699105449471407E-011   70.0000000000000     
   70.0000000000000       1.698132638706516E-011   70.0000000000000     
