   10.0000000000000      -1.324384524373162E-011   70.0000000000000     
   10.2000000000000      -6.639615510847012E-012   70.0000000000000     
   10.4000000000000       4.171699809676993E-012   70.0000000000000     
   10.6000000000000       1.250538383280326E-011   70.0000000000000     
   10.8000000000000       1.315368078216605E-011   70.0000000000000     
   11.0000000000000       5.632259901692663E-012   70.0000000000000     
   11.2000000000000      -5.475756969626382E-012   70.0000000000000     
   11.4000000000000      -1.331498808422463E-011   70.0000000000000     
   11.6000000000000      -1.298651998003657E-011   70.0000000000000     
   11.8000000000000      -4.603152737211622E-012   70.0000000000000     
   12.0000000000000       6.730874243413569E-012   70.0000000000000     
   12.2000000000000       1.403043121425873E-011   70.0000000000000     
   12.4000000000000       1.273348026510968E-011   70.0000000000000     
   12.6000000000000       3.547299563849530E-012   70.0000000000000     
   12.8000000000000      -7.936026415653481E-012   70.0000000000000     
   13.0000000000000      -1.464670559629746E-011   70.0000000000000     
   13.2000000000000      -1.238967030580247E-011   70.0000000000000     
   13.4000000000000      -2.463115693559859E-012   70.0000000000000     
   13.6000000000000       9.089062608541743E-012   70.0000000000000     
   13.8000000000000       1.515999978946919E-011   70.0000000000000     
   14.0000000000000       1.195231153371570E-011   70.0000000000000     
   14.2000000000000       1.350129696040220E-012   70.0000000000000     
   14.4000000000000      -1.018907202951513E-011   70.0000000000000     
   14.6000000000000      -1.557024044650719E-011   70.0000000000000     
   14.8000000000000      -1.142385237148371E-011   70.0000000000000     
   15.0000000000000      -2.130602942885433E-013   70.0000000000000     
   15.2000000000000       1.123122083137483E-011   70.0000000000000     
   15.4000000000000       1.587509248838909E-011   70.0000000000000     
   15.6000000000000       1.080567644060556E-011   70.0000000000000     
   15.8000000000000      -9.441303041950421E-013   70.0000000000000     
   16.0000000000000      -1.221184512033464E-011   70.0000000000000     
   16.2000000000000      -1.607396022804218E-011   70.0000000000000     
   16.4000000000000      -1.010106121270665E-011   70.0000000000000     
   16.6000000000000       2.116072008437510E-012   70.0000000000000     
   16.8000000000000       1.312676665772366E-011   70.0000000000000     
   17.0000000000000       1.616651097882423E-011   70.0000000000000     
   17.2000000000000       9.313720308711206E-012   70.0000000000000     
   17.4000000000000      -3.297557007751588E-012   70.0000000000000     
   17.6000000000000      -1.397310327706618E-011   70.0000000000000     
   17.8000000000000      -1.615488732674428E-011   70.0000000000000     
   18.0000000000000      -8.450600969033122E-012   70.0000000000000     
   18.2000000000000       4.480013513844167E-012   70.0000000000000     
   18.4000000000000       1.474499121586937E-011   70.0000000000000     
   18.6000000000000       1.603883460477697E-011   70.0000000000000     
   18.8000000000000       7.516754288293831E-012   70.0000000000000     
   19.0000000000000      -5.656435960460408E-012   70.0000000000000     
   19.2000000000000      -1.543784421117879E-011   70.0000000000000     
   19.4000000000000      -1.581891107166782E-011   70.0000000000000     
   19.6000000000000      -6.517287577740801E-012   70.0000000000000     
   19.8000000000000       6.820708202770142E-012   70.0000000000000     
   20.0000000000000       1.604880549832824E-011   70.0000000000000     
   20.2000000000000       1.549781123836565E-011   70.0000000000000     
   20.4000000000000       5.459246210226032E-012   70.0000000000000     
   20.6000000000000      -7.965490243527634E-012   70.0000000000000     
   20.8000000000000      -1.657471791669754E-011   70.0000000000000     
   21.0000000000000      -1.507869832927062E-011   70.0000000000000     
   21.2000000000000      -4.350518754764570E-012   70.0000000000000     
   21.4000000000000       9.082643174909940E-012   70.0000000000000     
   21.6000000000000       1.701193893251761E-011   70.0000000000000     
   21.8000000000000       1.456464967237164E-011   70.0000000000000     
   22.0000000000000       3.199316354953276E-012   70.0000000000000     
   22.2000000000000      -1.016321137449585E-011   70.0000000000000     
   22.4000000000000      -1.735527498926258E-011   70.0000000000000     
   22.6000000000000      -1.395613226290535E-011   70.0000000000000     
   22.8000000000000      -2.009960026600225E-012   70.0000000000000     
   23.0000000000000       1.120332789240400E-011   70.0000000000000     
   23.2000000000000       1.760535824315823E-011   70.0000000000000     
   23.4000000000000       1.325943605188457E-011   70.0000000000000     
   23.6000000000000       7.918122986555838E-013   70.0000000000000     
   23.8000000000000      -1.219542980896473E-011   70.0000000000000     
   24.0000000000000      -1.776068229939488E-011   70.0000000000000     
   24.2000000000000      -1.248016676494546E-011   70.0000000000000     
   24.4000000000000       4.452450469576732E-013   70.0000000000000     
   24.6000000000000       1.313045071184594E-011   70.0000000000000     
   24.8000000000000       1.781736431177026E-011   70.0000000000000     
   25.0000000000000       1.162075071851913E-011   70.0000000000000     
   25.2000000000000      -1.695133494134371E-012   70.0000000000000     
   25.4000000000000      -1.400334853830054E-011   70.0000000000000     
   25.6000000000000      -1.777516345912652E-011   70.0000000000000     
   25.8000000000000      -1.068624685643375E-011   70.0000000000000     
   26.0000000000000       2.950555102049886E-012   70.0000000000000     
   26.2000000000000       1.480927479247320E-011   70.0000000000000     
   26.4000000000000       1.763503305376773E-011   70.0000000000000     
   26.6000000000000       9.683259707219715E-012   70.0000000000000     
   26.8000000000000      -4.202933825588909E-012   70.0000000000000     
   27.0000000000000      -1.554274251943885E-011   70.0000000000000     
   27.2000000000000      -1.739799368672880E-011   70.0000000000000     
   27.4000000000000      -8.619034840411066E-012   70.0000000000000     
   27.6000000000000       5.442623132319935E-012   70.0000000000000     
   27.8000000000000       1.619678895156100E-011   70.0000000000000     
   28.0000000000000       1.706309863268893E-011   70.0000000000000     
   28.2000000000000       7.498306155787866E-012   70.0000000000000     
   28.4000000000000      -6.662875886342640E-012   70.0000000000000     
   28.6000000000000      -1.676729346962728E-011   70.0000000000000     
   28.8000000000000      -1.663154655886930E-011   70.0000000000000     
   29.0000000000000      -6.326659148818002E-012   70.0000000000000     
   29.2000000000000       7.857682275166148E-012   70.0000000000000     
   29.4000000000000       1.725231468440234E-011   70.0000000000000     
   29.6000000000000       1.610762544128396E-011   70.0000000000000     
   29.8000000000000       5.112984827538371E-012   70.0000000000000     
   30.0000000000000      -9.018101823361940E-012   70.0000000000000     
   30.2000000000000      -1.764767757390851E-011   70.0000000000000     
   30.4000000000000      -1.549414784693594E-011   70.0000000000000     
   30.6000000000000      -3.865406029686684E-012   70.0000000000000     
   30.8000000000000       1.013524538536779E-011   70.0000000000000     
   31.0000000000000       1.794840026848836E-011   70.0000000000000     
   31.2000000000000       1.479207310842344E-011   70.0000000000000     
   31.4000000000000       2.589100108340779E-012   70.0000000000000     
   31.6000000000000      -1.120399753742036E-011   70.0000000000000     
   31.8000000000000      -1.815350475091907E-011   70.0000000000000     
   32.0000000000000      -1.400582129604482E-011   70.0000000000000     
   32.2000000000000      -1.291485837358304E-012   70.0000000000000     
   32.4000000000000       1.221855520424766E-011   70.0000000000000     
   32.6000000000000       1.826278332388128E-011   70.0000000000000     
   32.8000000000000       1.314162302598792E-011   70.0000000000000     
   33.0000000000000      -1.767258775234818E-014   70.0000000000000     
   33.2000000000000      -1.317060593313025E-011   70.0000000000000     
   33.4000000000000      -1.827350374093546E-011   70.0000000000000     
   33.6000000000000      -1.220317543768086E-011   70.0000000000000     
   33.8000000000000       1.331116069846758E-012   70.0000000000000     
   34.0000000000000       1.405410912939371E-011   70.0000000000000     
   34.2000000000000       1.818460558855849E-011   70.0000000000000     
   34.4000000000000       1.119487803981433E-011   70.0000000000000     
   34.6000000000000      -2.642002910347341E-012   70.0000000000000     
   34.8000000000000      -1.486434688423198E-011   70.0000000000000     
   35.0000000000000      -1.799670821664641E-011   70.0000000000000     
   35.2000000000000      -1.012249193198976E-011   70.0000000000000     
   35.4000000000000       3.942972863701132E-012   70.0000000000000     
   35.6000000000000       1.559709988902303E-011   70.0000000000000     
   35.8000000000000       1.771175003777167E-011   70.0000000000000     
   36.0000000000000       8.993508984561442E-012   70.0000000000000     
   36.2000000000000      -5.224910271460904E-012   70.0000000000000     
   36.4000000000000      -1.624656676985184E-011   70.0000000000000     
   36.6000000000000      -1.733026148219083E-011   70.0000000000000     
   36.8000000000000      -7.814130523333191E-012   70.0000000000000     
   37.0000000000000       6.479804667382515E-012   70.0000000000000     
   37.2000000000000       1.680758252181441E-011   70.0000000000000     
   37.4000000000000       1.685251699180385E-011   70.0000000000000     
   37.6000000000000       6.589056985390364E-012   70.0000000000000     
   37.8000000000000      -7.702446865895106E-012   70.0000000000000     
   38.0000000000000      -1.727873874226097E-011   70.0000000000000     
   38.2000000000000      -1.628284683761046E-011   70.0000000000000     
   38.4000000000000      -5.326618754522018E-012   70.0000000000000     
   38.6000000000000       8.884951843683316E-012   70.0000000000000     
   38.8000000000000       1.765708724446461E-011   70.0000000000000     
   39.0000000000000       1.562504953704911E-011   70.0000000000000     
   39.2000000000000       4.035365259308846E-012   70.0000000000000     
   39.4000000000000      -1.001864976065144E-011   70.0000000000000     
   39.6000000000000      -1.793834864218912E-011   70.0000000000000     
   39.8000000000000      -1.488096833465577E-011   70.0000000000000     
   40.0000000000000      -2.721269223219099E-012   70.0000000000000     
   40.2000000000000       1.109782569345038E-011   70.0000000000000     
   40.4000000000000       1.812106900095418E-011   70.0000000000000     
   40.6000000000000       1.405451933425511E-011   70.0000000000000     
   40.8000000000000       1.391135603953974E-012   70.0000000000000     
   41.0000000000000      -1.211731183712635E-011   70.0000000000000     
   41.2000000000000      -1.820545411888703E-011   70.0000000000000     
   41.4000000000000      -1.315185268806013E-011   70.0000000000000     
   41.6000000000000      -5.401477768930671E-014   70.0000000000000     
   41.8000000000000       1.307005079552011E-011   70.0000000000000     
   42.0000000000000       1.819027152533841E-011   70.0000000000000     
   42.2000000000000       1.217805010515613E-011   70.0000000000000     
   42.4000000000000      -1.281813494688286E-012   70.0000000000000     
   42.6000000000000      -1.394937500726537E-011   70.0000000000000     
   42.8000000000000      -1.807405827365921E-011   70.0000000000000     
   43.0000000000000      -1.113709643999729E-011   70.0000000000000     
   43.2000000000000       2.610076437825436E-012   70.0000000000000     
   43.4000000000000       1.475124427848947E-011   70.0000000000000     
   43.6000000000000       1.785801762404722E-011   70.0000000000000     
   43.8000000000000       1.003501636223887E-011   70.0000000000000     
   44.0000000000000      -3.923569159053365E-012   70.0000000000000     
   44.2000000000000      -1.547190885810174E-011   70.0000000000000     
   44.4000000000000      -1.754461314430854E-011   70.0000000000000     
   44.6000000000000      -8.879615824264775E-012   70.0000000000000     
   44.8000000000000       5.213193186599670E-012   70.0000000000000     
   45.0000000000000       1.610581994381299E-011   70.0000000000000     
   45.2000000000000       1.713460917648611E-011   70.0000000000000     
   45.4000000000000       7.677050236312456E-012   70.0000000000000     
   45.6000000000000      -6.471378424331565E-012   70.0000000000000     
   45.8000000000000      -1.664855081703986E-011   70.0000000000000     
   46.0000000000000      -1.662907040798836E-011   70.0000000000000     
   46.2000000000000      -6.432615654483481E-012   70.0000000000000     
   46.4000000000000       7.692617765077551E-012   70.0000000000000     
   46.6000000000000       1.709860094131358E-011   70.0000000000000     
   46.8000000000000       1.603222588057806E-011   70.0000000000000     
   47.0000000000000       5.154344750694195E-012   70.0000000000000     
   47.2000000000000      -8.869544544531247E-012   70.0000000000000     
   47.4000000000000      -1.745358564329918E-011   70.0000000000000     
   47.6000000000000      -1.534819493513980E-011   70.0000000000000     
   47.8000000000000      -3.850625465856524E-012   70.0000000000000     
   48.0000000000000       9.994185020495183E-012   70.0000000000000     
   48.2000000000000       1.771028532471036E-011   70.0000000000000     
   48.4000000000000       1.457993711806834E-011   70.0000000000000     
   48.6000000000000       2.528316197838342E-012   70.0000000000000     
   48.8000000000000      -1.106030418505823E-011   70.0000000000000     
   49.0000000000000      -1.786704267954483E-011   70.0000000000000     
   49.2000000000000      -1.373133116893583E-011   70.0000000000000     
   49.4000000000000      -1.194236681589468E-012   70.0000000000000     
   49.6000000000000       1.206264031532575E-011   70.0000000000000     
   49.8000000000000       1.792372214741078E-011   70.0000000000000     
   50.0000000000000       1.280773590255695E-011   70.0000000000000     
   50.2000000000000      -1.438900812634128E-013   70.0000000000000     
   50.4000000000000      -1.299586748071275E-011   70.0000000000000     
   50.6000000000000      -1.788088995681865E-011   70.0000000000000     
   50.8000000000000      -1.181568316397288E-011   70.0000000000000     
   51.0000000000000       1.477006564212263E-012   70.0000000000000     
   51.2000000000000       1.385332196735907E-011   70.0000000000000     
   51.4000000000000       1.773775224146528E-011   70.0000000000000     
   51.6000000000000       1.076024707582010E-011   70.0000000000000     
   51.8000000000000      -2.797565072976906E-012   70.0000000000000     
   52.0000000000000      -1.462963182810970E-011   70.0000000000000     
   52.2000000000000      -1.749414871647393E-011   70.0000000000000     
   52.4000000000000      -9.646065646634432E-012   70.0000000000000     
   52.6000000000000       4.099673066119216E-012   70.0000000000000     
   52.8000000000000       1.532205639579695E-011   70.0000000000000     
   53.0000000000000       1.715294881236497E-011   70.0000000000000     
   53.2000000000000       8.480515157687766E-012   70.0000000000000     
   53.4000000000000      -5.375522711393972E-012   70.0000000000000     
   53.6000000000000      -1.592696053327320E-011   70.0000000000000     
   53.8000000000000      -1.671701708868762E-011   70.0000000000000     
   54.0000000000000      -7.271559099874944E-012   70.0000000000000     
   54.2000000000000       6.616382001818009E-012   70.0000000000000     
   54.4000000000000       1.643953780209450E-011   70.0000000000000     
   54.6000000000000       1.618775711390494E-011   70.0000000000000     
   54.8000000000000       6.025389954966664E-012   70.0000000000000     
   55.0000000000000      -7.815436618847130E-012   70.0000000000000     
   55.2000000000000      -1.685665327964210E-011   70.0000000000000     
   55.4000000000000      -1.556749632995970E-011   70.0000000000000     
   55.6000000000000      -4.747998944006915E-012   70.0000000000000     
   55.8000000000000       8.967238420247457E-012   70.0000000000000     
   56.0000000000000       1.717733842598670E-011   70.0000000000000     
   56.2000000000000       1.486088749936189E-011   70.0000000000000     
   56.4000000000000       3.447203630520451E-012   70.0000000000000     
   56.6000000000000      -1.006543170289535E-011   70.0000000000000     
   56.8000000000000      -1.740069901165433E-011   70.0000000000000     
   57.0000000000000      -1.407341223108447E-011   70.0000000000000     
   57.2000000000000      -2.132079040533130E-012   70.0000000000000     
   57.4000000000000       1.110220956486500E-011   70.0000000000000     
   57.6000000000000       1.752426833302945E-011   70.0000000000000     
   57.8000000000000       1.320884839026338E-011   70.0000000000000     
   58.0000000000000       8.099356274021043E-013   70.0000000000000     
   58.2000000000000      -1.207131862683492E-011   70.0000000000000     
   58.4000000000000      -1.754647037639487E-011   70.0000000000000     
   58.6000000000000      -1.227074463204494E-011   70.0000000000000     
   58.8000000000000       5.134896755898358E-013   70.0000000000000     
   59.0000000000000       1.296925157676695E-011   70.0000000000000     
   59.2000000000000       1.746909330386766E-011   70.0000000000000     
   59.4000000000000       1.126588956920952E-011   70.0000000000000     
   59.6000000000000      -1.829996768437906E-012   70.0000000000000     
   59.8000000000000      -1.379116092337503E-011   70.0000000000000     
   60.0000000000000      -1.729369737348375E-011   70.0000000000000     
   60.2000000000000      -1.020171026329454E-011   70.0000000000000     
   60.4000000000000       3.130160531828580E-012   70.0000000000000     
   60.6000000000000       1.453055178030959E-011   70.0000000000000     
   60.8000000000000       1.701981254214285E-011   70.0000000000000     
   61.0000000000000       9.083257907958732E-012   70.0000000000000     
   61.2000000000000      -4.407085863385183E-012   70.0000000000000     
   61.4000000000000      -1.518320194644977E-011   70.0000000000000     
   61.6000000000000      -1.664844591386630E-011   70.0000000000000     
   61.8000000000000      -7.915820392106047E-012   70.0000000000000     
   62.0000000000000       5.655004668040880E-012   70.0000000000000     
   62.2000000000000       1.574707889856746E-011   70.0000000000000     
   62.4000000000000       1.618322330876631E-011   70.0000000000000     
   62.6000000000000       6.707013102246108E-012   70.0000000000000     
   62.8000000000000      -6.866645896525234E-012   70.0000000000000     
   63.0000000000000      -1.621965662802813E-011   70.0000000000000     
   63.2000000000000      -1.562814523170018E-011   70.0000000000000     
   63.4000000000000      -5.465396602051525E-012   70.0000000000000     
   63.6000000000000       8.033477192093655E-012   70.0000000000000     
   63.8000000000000       1.659693841022099E-011   70.0000000000000     
   64.0000000000000       1.498553760144904E-011   70.0000000000000     
   64.2000000000000       4.197707627662105E-012   70.0000000000000     
   64.4000000000000      -9.148698995112161E-012   70.0000000000000     
   64.6000000000000      -1.687613246524037E-011   70.0000000000000     
   64.8000000000000      -1.425791791732471E-011   70.0000000000000     
   65.0000000000000      -2.909563272618946E-012   70.0000000000000     
   65.2000000000000       1.020786193352723E-011   70.0000000000000     
   65.4000000000000       1.705754043902108E-011   70.0000000000000     
   65.6000000000000       1.345090996028630E-011   70.0000000000000     
   65.8000000000000       1.609002410003693E-012   70.0000000000000     
   66.0000000000000      -1.120519696306318E-011   70.0000000000000     
   66.2000000000000      -1.714128908503873E-011   70.0000000000000     
   66.4000000000000      -1.257086383475020E-011   70.0000000000000     
   66.6000000000000      -3.053612326095520E-013   70.0000000000000     
   66.8000000000000       1.213330356533811E-011   70.0000000000000     
   67.0000000000000       1.712562905413831E-011   70.0000000000000     
   67.2000000000000       1.162204129178952E-011   70.0000000000000     
   67.4000000000000      -9.941941704135814E-013   70.0000000000000     
   67.6000000000000      -1.298670766241948E-011   70.0000000000000     
   67.8000000000000      -1.701002281355931E-011   70.0000000000000     
   68.0000000000000      -1.060877367332225E-011   70.0000000000000     
   68.2000000000000       2.283726769569614E-012   70.0000000000000     
   68.4000000000000       1.376221670052225E-011   70.0000000000000     
   68.6000000000000       1.679667054534180E-011   70.0000000000000     
   68.8000000000000       9.537861246740701E-012   70.0000000000000     
   69.0000000000000      -3.555674235928795E-012   70.0000000000000     
   69.2000000000000      -1.445608824238298E-011   70.0000000000000     
   69.4000000000000      -1.648817179455742E-011   70.0000000000000     
   69.6000000000000      -8.417120394987161E-012   70.0000000000000     
   69.8000000000000       4.801166549893452E-012   70.0000000000000     
   70.0000000000000       1.506315448295888E-011   70.0000000000000     
