   10.0000000000000      -3.500860834664448E-012   70.0000000000000     
   10.2000000000000      -1.206725631470384E-011   70.0000000000000     
   10.4000000000000      -1.320764207461994E-011   70.0000000000000     
   10.6000000000000      -6.138275329339722E-012   70.0000000000000     
   10.8000000000000       4.829656312289286E-012   70.0000000000000     
   11.0000000000000       1.292133263126059E-011   70.0000000000000     
   11.2000000000000       1.308011101247428E-011   70.0000000000000     
   11.4000000000000       5.120521030035097E-012   70.0000000000000     
   11.6000000000000      -6.109800588672769E-012   70.0000000000000     
   11.8000000000000      -1.368517702688022E-011   70.0000000000000     
   12.0000000000000      -1.287146164474064E-011   70.0000000000000     
   12.2000000000000      -4.079070122470270E-012   70.0000000000000     
   12.4000000000000       7.339487129396923E-012   70.0000000000000     
   12.6000000000000       1.435092390571321E-011   70.0000000000000     
   12.8000000000000       1.257285658347555E-011   70.0000000000000     
   13.0000000000000       3.008543180255242E-012   70.0000000000000     
   13.2000000000000      -8.519375184027236E-012   70.0000000000000     
   13.4000000000000      -1.491651699083065E-011   70.0000000000000     
   13.6000000000000      -1.218282706337410E-011   70.0000000000000     
   13.8000000000000      -1.910201020882536E-012   70.0000000000000     
   14.0000000000000       9.645773556273465E-012   70.0000000000000     
   14.2000000000000       1.537798254110592E-011   70.0000000000000     
   14.4000000000000       1.169927043129691E-011   70.0000000000000     
   14.6000000000000       7.842833145332382E-013   70.0000000000000     
   14.8000000000000      -1.071765519433188E-011   70.0000000000000     
   15.0000000000000      -1.573589671356759E-011   70.0000000000000     
   15.2000000000000      -1.112575456238889E-011   70.0000000000000     
   15.4000000000000       3.634284323171931E-013   70.0000000000000     
   15.6000000000000       1.172961838763035E-011   70.0000000000000     
   15.8000000000000       1.598798403716351E-011   70.0000000000000     
   16.0000000000000       1.046416796032461E-011   70.0000000000000     
   16.2000000000000      -1.528341539812432E-012   70.0000000000000     
   16.4000000000000      -1.267746135896506E-011   70.0000000000000     
   16.6000000000000      -1.613316643824769E-011   70.0000000000000     
   16.8000000000000      -9.717084419949267E-012   70.0000000000000     
   17.0000000000000       2.706363292483478E-012   70.0000000000000     
   17.2000000000000       1.355907719509684E-011   70.0000000000000     
   17.4000000000000       1.617393482855830E-011   70.0000000000000     
   17.6000000000000       8.891505572258636E-012   70.0000000000000     
   17.8000000000000      -3.888927096329506E-012   70.0000000000000     
   18.0000000000000      -1.436847810949855E-011   70.0000000000000     
   18.2000000000000      -1.610972346269644E-011   70.0000000000000     
   18.4000000000000      -7.992038988425955E-012   70.0000000000000     
   18.6000000000000       5.069532187968994E-012   70.0000000000000     
   18.8000000000000       1.510165553938410E-011   70.0000000000000     
   19.0000000000000       1.594186658285697E-011   70.0000000000000     
   19.2000000000000       7.024943851372761E-012   70.0000000000000     
   19.4000000000000      -6.240421625792279E-012   70.0000000000000     
   19.6000000000000      -1.575367277690626E-011   70.0000000000000     
   19.8000000000000      -1.567076859569602E-011   70.0000000000000     
   20.0000000000000      -5.995094326308097E-012   70.0000000000000     
   20.2000000000000       7.396009734074720E-012   70.0000000000000     
   20.4000000000000       1.632255338469065E-011   70.0000000000000     
   20.6000000000000       1.530021623835340E-011   70.0000000000000     
   20.8000000000000       4.910580112601778E-012   70.0000000000000     
   21.0000000000000      -8.528223152745114E-012   70.0000000000000     
   21.2000000000000      -1.680488538318060E-011   70.0000000000000     
   21.4000000000000      -1.483364175872148E-011   70.0000000000000     
   21.6000000000000      -3.780054279970685E-012   70.0000000000000     
   21.8000000000000       9.627685736416465E-012   70.0000000000000     
   22.0000000000000       1.719528555065909E-011   70.0000000000000     
   22.2000000000000       1.427181618809155E-011   70.0000000000000     
   22.4000000000000       2.608843637741039E-012   70.0000000000000     
   22.6000000000000      -1.068877992926151E-011   70.0000000000000     
   22.8000000000000      -1.749206038653275E-011   70.0000000000000     
   23.0000000000000      -1.361846598988318E-011   70.0000000000000     
   23.2000000000000      -1.403897612693342E-012   70.0000000000000     
   23.4000000000000       1.170589211067842E-011   70.0000000000000     
   23.6000000000000       1.769502127165136E-011   70.0000000000000     
   23.8000000000000       1.287984867680302E-011   70.0000000000000     
   24.0000000000000       1.751097572688750E-013   70.0000000000000     
   24.2000000000000      -1.267057293536794E-011   70.0000000000000     
   24.4000000000000      -1.780155747660831E-011   70.0000000000000     
   24.6000000000000      -1.206033471778392E-011   70.0000000000000     
   24.8000000000000       1.068900579159527E-012   70.0000000000000     
   25.0000000000000       1.357486883816458E-011   70.0000000000000     
   25.2000000000000       1.780850573060531E-011   70.0000000000000     
   25.4000000000000       1.116244470606169E-011   70.0000000000000     
   25.6000000000000      -2.322694655954265E-012   70.0000000000000     
   25.8000000000000      -1.441501845220500E-011   70.0000000000000     
   26.0000000000000      -1.771725828880163E-011   70.0000000000000     
   26.2000000000000      -1.019283587284087E-011   70.0000000000000     
   26.4000000000000       3.577756241574115E-012   70.0000000000000     
   26.6000000000000       1.518552542465900E-011   70.0000000000000     
   26.8000000000000       1.752869641999345E-011   70.0000000000000     
   27.0000000000000       9.158495214640282E-012   70.0000000000000     
   27.2000000000000      -4.824817889801261E-012   70.0000000000000     
   27.4000000000000      -1.587999269217497E-011   70.0000000000000     
   27.6000000000000      -1.724273724588582E-011   70.0000000000000     
   27.8000000000000      -8.065391384374314E-012   70.0000000000000     
   28.0000000000000       6.055588533753147E-012   70.0000000000000     
   28.2000000000000       1.649268398742568E-011   70.0000000000000     
   28.4000000000000       1.685925478162135E-011   70.0000000000000     
   28.6000000000000       6.918438278589766E-012   70.0000000000000     
   28.8000000000000      -7.263854736865727E-012   70.0000000000000     
   29.0000000000000      -1.702057722495629E-011   70.0000000000000     
   29.2000000000000      -1.638077948855510E-011   70.0000000000000     
   29.4000000000000      -5.724393565915823E-012   70.0000000000000     
   29.6000000000000       8.442907205340283E-012   70.0000000000000     
   29.8000000000000       1.746164862909935E-011   70.0000000000000     
   30.0000000000000       1.581211250063508E-011   70.0000000000000     
   30.2000000000000       4.493148425865205E-012   70.0000000000000     
   30.4000000000000      -9.582417183046299E-012   70.0000000000000     
   30.6000000000000      -1.780998636483382E-011   70.0000000000000     
   30.8000000000000      -1.515398859934291E-011   70.0000000000000     
   31.0000000000000      -3.230464041544928E-012   70.0000000000000     
   31.2000000000000       1.067595942019007E-011   70.0000000000000     
   31.4000000000000       1.806286020450410E-011   70.0000000000000     
   31.6000000000000       1.440903789958820E-011   70.0000000000000     
   31.8000000000000       1.942316984510626E-012   70.0000000000000     
   32.0000000000000      -1.171858774462260E-011   70.0000000000000     
   32.2000000000000      -1.822029707461929E-011   70.0000000000000     
   32.4000000000000      -1.358322287611876E-011   70.0000000000000     
   32.6000000000000      -6.378706787039072E-013   70.0000000000000     
   32.8000000000000       1.270280214057224E-011   70.0000000000000     
   33.0000000000000       1.828055179910103E-011   70.0000000000000     
   33.2000000000000       1.268140472903019E-011   70.0000000000000     
   33.4000000000000      -6.743187642216677E-013   70.0000000000000     
   33.6000000000000      -1.362128402926949E-011   70.0000000000000     
   33.8000000000000      -1.824155144914288E-011   70.0000000000000     
   34.0000000000000      -1.170748517488263E-011   70.0000000000000     
   34.2000000000000       1.987262261117395E-012   70.0000000000000     
   34.4000000000000       1.446859187498067E-011   70.0000000000000     
   34.6000000000000       1.810287265106932E-011   70.0000000000000     
   34.8000000000000       1.066620687548979E-011   70.0000000000000     
   35.0000000000000      -3.294303810630182E-012   70.0000000000000     
   35.2000000000000      -1.524076332274916E-011   70.0000000000000     
   35.4000000000000      -1.786630268473486E-011   70.0000000000000     
   35.6000000000000      -9.564642614421901E-012   70.0000000000000     
   35.8000000000000       4.586880629151197E-012   70.0000000000000     
   36.0000000000000       1.593262869735523E-011   70.0000000000000     
   36.2000000000000       1.753310217956354E-011   70.0000000000000     
   36.4000000000000       8.409842195954907E-012   70.0000000000000     
   36.6000000000000      -5.856085865565642E-012   70.0000000000000     
   36.8000000000000      -1.653827893954572E-011   70.0000000000000     
   37.0000000000000      -1.710323697738727E-011   70.0000000000000     
   37.2000000000000      -7.206882975367314E-012   70.0000000000000     
   37.4000000000000       7.095553571630764E-012   70.0000000000000     
   37.6000000000000       1.705449001977032E-011   70.0000000000000     
   37.8000000000000       1.657886017686778E-011   70.0000000000000     
   38.0000000000000       5.961913238462157E-012   70.0000000000000     
   38.2000000000000      -8.299300736795706E-012   70.0000000000000     
   38.4000000000000      -1.747979751056403E-011   70.0000000000000     
   38.6000000000000      -1.596483032040205E-011   70.0000000000000     
   38.8000000000000      -4.684163445925045E-012   70.0000000000000     
   39.0000000000000       9.458350058524752E-012   70.0000000000000     
   39.2000000000000       1.781005623829352E-011   70.0000000000000     
   39.4000000000000       1.526366269793854E-011   70.0000000000000     
   39.6000000000000       3.380844226420179E-012   70.0000000000000     
   39.8000000000000      -1.056530555932585E-011   70.0000000000000     
   40.0000000000000      -1.804197117134273E-011   70.0000000000000     
   40.2000000000000      -1.447763561182125E-011   70.0000000000000     
   40.4000000000000      -2.057637008073913E-012   70.0000000000000     
   40.6000000000000       1.161546492454095E-011   70.0000000000000     
   40.8000000000000       1.817561479818806E-011   70.0000000000000     
   41.0000000000000       1.361237015489660E-011   70.0000000000000     
   41.2000000000000       7.228984710498921E-013   70.0000000000000     
   41.4000000000000      -1.260247323821588E-011   70.0000000000000     
   41.6000000000000      -1.821041875811990E-011   70.0000000000000     
   41.8000000000000      -1.267358739580302E-011   70.0000000000000     
   42.0000000000000       6.144915597632688E-013   70.0000000000000     
   42.2000000000000       1.351920889723962E-011   70.0000000000000     
   42.4000000000000       1.814480055404393E-011   70.0000000000000     
   42.6000000000000       1.166567111060327E-011   70.0000000000000     
   42.8000000000000      -1.947276700128105E-012   70.0000000000000     
   43.0000000000000      -1.436018579262894E-011   70.0000000000000     
   43.2000000000000      -1.797834698194651E-011   70.0000000000000     
   43.4000000000000      -1.059321489083233E-011   70.0000000000000     
   43.6000000000000       3.269214476505844E-012   70.0000000000000     
   43.8000000000000       1.512203311380327E-011   70.0000000000000     
   44.0000000000000       1.771337743044904E-011   70.0000000000000     
   44.2000000000000       9.463515230923716E-012   70.0000000000000     
   44.4000000000000      -4.571934667418754E-012   70.0000000000000     
   44.6000000000000      -1.580008543397745E-011   70.0000000000000     
   44.8000000000000      -1.735170646537718E-011   70.0000000000000     
   45.0000000000000      -8.283956000689024E-012   70.0000000000000     
   45.2000000000000       5.846538047635219E-012   70.0000000000000     
   45.4000000000000       1.638868921220029E-011   70.0000000000000     
   45.6000000000000       1.689355353058270E-011   70.0000000000000     
   45.8000000000000       7.059610659095826E-012   70.0000000000000     
   46.0000000000000      -7.087031739593686E-012   70.0000000000000     
   46.2000000000000      -1.688527129643198E-011   70.0000000000000     
   46.4000000000000      -1.634177160909144E-011   70.0000000000000     
   46.6000000000000      -5.797158469697022E-012   70.0000000000000     
   46.8000000000000       8.287138981771307E-012   70.0000000000000     
   47.0000000000000       1.728818650295106E-011   70.0000000000000     
   47.2000000000000       1.570091491114608E-011   70.0000000000000     
   47.4000000000000       4.505208501021240E-012   70.0000000000000     
   47.6000000000000      -9.438834847531379E-012   70.0000000000000     
   47.8000000000000      -1.759437307620420E-011   70.0000000000000     
   48.0000000000000      -1.497438921067309E-011   70.0000000000000     
   48.2000000000000      -3.191382614488128E-012   70.0000000000000     
   48.4000000000000       1.053490100545490E-011   70.0000000000000     
   48.6000000000000       1.780119860281985E-011   70.0000000000000     
   48.8000000000000       1.416538520164736E-011   70.0000000000000     
   49.0000000000000       1.862304366538021E-012   70.0000000000000     
   49.2000000000000      -1.156974959918376E-011   70.0000000000000     
   49.4000000000000      -1.790784109342672E-011   70.0000000000000     
   49.6000000000000      -1.327849406976509E-011   70.0000000000000     
   49.8000000000000      -5.251173292871919E-013   70.0000000000000     
   50.0000000000000       1.253829418929622E-011   70.0000000000000     
   50.2000000000000       1.791476504098418E-011   70.0000000000000     
   50.4000000000000       1.231990198957108E-011   70.0000000000000     
   50.6000000000000      -8.116097367940545E-013   70.0000000000000     
   50.8000000000000      -1.343447134797025E-011   70.0000000000000     
   51.0000000000000      -1.782192877740054E-011   70.0000000000000     
   51.2000000000000      -1.129563180687982E-011   70.0000000000000     
   51.4000000000000       2.139225917972795E-012   70.0000000000000     
   51.6000000000000       1.425182891523393E-011   70.0000000000000     
   51.8000000000000       1.762839307018715E-011   70.0000000000000     
   52.0000000000000       1.021011402850136E-011   70.0000000000000     
   52.2000000000000      -3.451339020625446E-012   70.0000000000000     
   52.4000000000000      -1.498649145887812E-011   70.0000000000000     
   52.6000000000000      -1.733551480777573E-011   70.0000000000000     
   52.8000000000000      -9.069170225220937E-012   70.0000000000000     
   53.0000000000000       4.741457335906477E-012   70.0000000000000     
   53.2000000000000       1.563576369400158E-011   70.0000000000000     
   53.4000000000000       1.694672916611997E-011   70.0000000000000     
   53.6000000000000       7.881043402977452E-012   70.0000000000000     
   53.8000000000000      -6.000804674888847E-012   70.0000000000000     
   54.0000000000000      -1.619504628159174E-011   70.0000000000000     
   54.2000000000000      -1.646395875807695E-011   70.0000000000000     
   54.4000000000000      -6.652778641483649E-012   70.0000000000000     
   54.6000000000000       7.221479593679045E-012   70.0000000000000     
   54.8000000000000       1.666012064955003E-011   70.0000000000000     
   55.0000000000000       1.588875891765169E-011   70.0000000000000     
   55.2000000000000       5.390158274952464E-012   70.0000000000000     
   55.4000000000000      -8.397601060799857E-012   70.0000000000000     
   55.6000000000000      -1.702907995047703E-011   70.0000000000000     
   55.8000000000000      -1.522463243098323E-011   70.0000000000000     
   56.0000000000000      -4.099963661102059E-012   70.0000000000000     
   56.2000000000000       9.523504462903211E-012   70.0000000000000     
   56.4000000000000       1.730129982799615E-011   70.0000000000000     
   56.6000000000000       1.447696153935911E-011   70.0000000000000     
   56.8000000000000       2.790895334505842E-012   70.0000000000000     
   57.0000000000000      -1.059197847880410E-011   70.0000000000000     
   57.2000000000000      -1.747513938667876E-011   70.0000000000000     
   57.4000000000000      -1.365060289416856E-011   70.0000000000000     
   57.6000000000000      -1.471546261573108E-012   70.0000000000000     
   57.8000000000000       1.159546313168130E-011   70.0000000000000     
   58.0000000000000       1.754798367770909E-011   70.0000000000000     
   58.2000000000000       1.274863960772386E-011   70.0000000000000     
   58.4000000000000       1.479502849114716E-013   70.0000000000000     
   58.6000000000000      -1.252941178425184E-011   70.0000000000000     
   58.8000000000000      -1.752007015154898E-011   70.0000000000000     
   59.0000000000000      -1.177614906689476E-011   70.0000000000000     
   59.2000000000000       1.173228800197680E-012   70.0000000000000     
   59.4000000000000       1.339012640593505E-011   70.0000000000000     
   59.6000000000000       1.739366242025240E-011   70.0000000000000     
   59.8000000000000       1.074085656724000E-011   70.0000000000000     
   60.0000000000000      -2.482619817578338E-012   70.0000000000000     
   60.2000000000000      -1.417151371754445E-011   70.0000000000000     
   60.4000000000000      -1.716907491160788E-011   70.0000000000000     
   60.6000000000000      -9.648985106869241E-012   70.0000000000000     
   60.8000000000000       3.771875825313412E-012   70.0000000000000     
   61.0000000000000       1.486786808204919E-011   70.0000000000000     
   61.2000000000000       1.684613379762424E-011   70.0000000000000     
   61.4000000000000       8.505242276385979E-012   70.0000000000000     
   61.6000000000000      -5.035072433051916E-012   70.0000000000000     
   61.8000000000000      -1.547635226940445E-011   70.0000000000000     
   62.0000000000000      -1.642728666698326E-011   70.0000000000000     
   62.2000000000000      -7.316036034132184E-012   70.0000000000000     
   62.4000000000000       6.265895619752368E-012   70.0000000000000     
   62.6000000000000       1.599501395306621E-011   70.0000000000000     
   62.8000000000000       1.591673258515674E-011   70.0000000000000     
   63.0000000000000       6.089824854947973E-012   70.0000000000000     
   63.2000000000000      -7.456161746647374E-012   70.0000000000000     
   63.4000000000000      -1.642045654653500E-011   70.0000000000000     
   63.6000000000000      -1.531767807733293E-011   70.0000000000000     
   63.8000000000000      -4.834478592715425E-012   70.0000000000000     
   64.0000000000000       8.597838448685241E-012   70.0000000000000     
   64.2000000000000       1.674883242645879E-011   70.0000000000000     
   64.4000000000000       1.463207766841650E-011   70.0000000000000     
   64.6000000000000       3.555768991335061E-012   70.0000000000000     
   64.8000000000000      -9.685577517586951E-012   70.0000000000000     
   65.0000000000000      -1.697899545000155E-011   70.0000000000000     
   65.2000000000000      -1.386390050273570E-011   70.0000000000000     
   65.4000000000000      -2.260228165709181E-012   70.0000000000000     
   65.6000000000000       1.071472453108495E-011   70.0000000000000     
   65.8000000000000       1.711171252890877E-011   70.0000000000000     
   66.0000000000000       1.301970597114146E-011   70.0000000000000     
   66.2000000000000       9.570526412369923E-013   70.0000000000000     
   66.4000000000000      -1.167832320171857E-011   70.0000000000000     
   66.6000000000000      -1.714599001279922E-011   70.0000000000000     
   66.8000000000000      -1.210482696665306E-011   70.0000000000000     
   67.0000000000000       3.452843919168386E-013   70.0000000000000     
   67.2000000000000       1.256956390901773E-011   70.0000000000000     
   67.4000000000000       1.708022804654061E-011   70.0000000000000     
   67.6000000000000       1.112309499105208E-011   70.0000000000000     
   67.8000000000000      -1.640632613218458E-012   70.0000000000000     
   68.0000000000000      -1.338439188797499E-011   70.0000000000000     
   68.2000000000000      -1.691537623963774E-011   70.0000000000000     
   68.4000000000000      -1.008002227146240E-011   70.0000000000000     
   68.6000000000000       2.922451907779057E-012   70.0000000000000     
   68.8000000000000       1.411966383910161E-011   70.0000000000000     
   69.0000000000000       1.665421228982849E-011   70.0000000000000     
   69.2000000000000       8.983277581692215E-012   70.0000000000000     
   69.4000000000000      -4.182251798963911E-012   70.0000000000000     
   69.6000000000000      -1.477079023836433E-011   70.0000000000000     
   69.8000000000000      -1.629861137037531E-011   70.0000000000000     
   70.0000000000000      -7.840077989825819E-012   70.0000000000000     
